<?xml version="1.0" encoding="utf-8"?>
<COLLADA xmlns="http://www.collada.org/2005/11/COLLADASchema" version="1.4.1">
  <asset><contributor><author>Mixamo</author><authoring_tool>COLLADA Mixamo exporter</authoring_tool><comments></comments></contributor><created>2018-12-23T21:14:01Z</created><modified>2018-12-23T21:14:01Z</modified><revision></revision><title></title><unit meter="0.010000"/><up_axis>Y_UP</up_axis></asset>
  <library_animations>
    <animation id="Hips-anim" name="Hips"><source id="Hips-Matrix-animation-input"><float_array id="Hips-Matrix-animation-input-array" count="55">

0.000000 0.033333 0.066667 0.100000 0.133333 0.166667 0.200000 0.233333 0.266667 0.300000 0.333333 0.366667 0.400000 0.433333 0.466667 0.500000
0.533333 0.566667 0.600000 0.633333 0.666667 0.700000 0.733333 0.766667 0.800000 0.833333 0.866667 0.900000 0.933333 0.966667 1.000000 1.033333
1.066667 1.100000 1.133333 1.166667 1.200000 1.233333 1.266667 1.300000 1.333333 1.366667 1.400000 1.433333 1.466667 1.500000 1.533333 1.566667
1.600000 1.633333 1.666667 1.700000 1.733333 1.766667 1.800000</float_array><technique_common><accessor source="#Hips-Matrix-animation-input-array" count="55"><param name="TIME" type="float"/></accessor></technique_common></source><source id="Hips-Matrix-animation-output-transform"><float_array id="Hips-Matrix-animation-output-transform-array" count="880">

0.783015 -0.305038 0.542069 18.150774 0.524423 0.792382 -0.311628 118.767799 -0.334467 0.528283 0.780416 210.883698 0.000000 0.000000 0.000000 1.000000
0.817598 -0.369332 0.441733 18.455544 0.544285 0.746031 -0.383656 127.759331 -0.187850 0.554104 0.810975 219.854782 0.000000 0.000000 0.000000 1.000000
0.871914 -0.381134 0.307414 18.418591 0.489630 0.685568 -0.538757 136.154373 -0.005415 0.620269 0.784371 227.865494 0.000000 0.000000 0.000000 1.000000
0.892664 -0.380747 0.241213 18.793312 0.432035 0.570302 -0.698642 143.984619 0.128441 0.727865 0.673584 236.355301 0.000000 0.000000 0.000000 1.000000
0.899267 -0.393907 0.190146 19.236622 0.376857 0.477086 -0.793957 150.492279 0.222029 0.785637 0.577475 246.090118 0.000000 0.000000 0.000000 1.000000
0.898708 -0.391644 0.197331 19.518429 0.346521 0.358383 -0.866882 155.670029 0.268790 0.847453 0.457795 256.138519 0.000000 0.000000 0.000000 1.000000
0.885741 -0.397435 0.239810 19.657993 0.347432 0.225030 -0.910303 159.770691 0.307822 0.889610 0.337400 265.642914 0.000000 0.000000 0.000000 1.000000
0.867396 -0.401112 0.294505 19.816507 0.358433 0.093083 -0.928903 162.989655 0.345181 0.911287 0.224511 275.061920 0.000000 0.000000 0.000000 1.000000
0.861392 -0.372602 0.345213 19.679388 0.357611 -0.037781 -0.933106 165.440781 0.360720 0.927222 0.100702 284.396576 0.000000 0.000000 0.000000 1.000000
0.852771 -0.350674 0.387052 19.383469 0.348130 -0.170794 -0.921757 166.795212 0.389342 0.920792 -0.023568 293.584808 0.000000 0.000000 0.000000 1.000000
0.848386 -0.338878 0.406697 19.100746 0.312721 -0.299057 -0.901538 167.072128 0.427137 0.892035 -0.147741 303.156982 0.000000 0.000000 0.000000 1.000000
0.846397 -0.334198 0.414637 18.665060 0.245642 -0.445820 -0.860758 165.977295 0.472517 0.830395 -0.295248 313.452087 0.000000 0.000000 0.000000 1.000000
0.848755 -0.322613 0.418969 18.422388 0.188641 -0.555458 -0.809865 163.594437 0.493993 0.766412 -0.410589 323.937683 0.000000 0.000000 0.000000 1.000000
0.849418 -0.308827 0.427919 18.127691 0.140225 -0.649647 -0.747192 159.634293 0.508749 0.694683 -0.508517 334.587585 0.000000 0.000000 0.000000 1.000000
0.851080 -0.294550 0.434630 17.788120 0.096635 -0.725790 -0.681096 154.522675 0.516067 0.621667 -0.589241 344.925262 0.000000 0.000000 0.000000 1.000000
0.857210 -0.267248 0.440193 17.289612 0.057962 -0.799296 -0.598136 148.748001 0.511695 0.538242 -0.669674 354.822510 0.000000 0.000000 0.000000 1.000000
0.846619 -0.270193 0.458510 16.728781 0.025540 -0.839919 -0.542110 141.711578 0.531586 0.470671 -0.704191 364.600189 0.000000 0.000000 0.000000 1.000000
0.837294 -0.223974 0.498773 16.010744 0.018991 -0.899781 -0.435927 134.276688 0.546423 0.374472 -0.749128 375.206604 0.000000 0.000000 0.000000 1.000000
0.853763 -0.203530 0.479233 14.983649 -0.018844 -0.931907 -0.362209 126.033401 0.520321 0.300210 -0.799463 385.686615 0.000000 0.000000 0.000000 1.000000
0.865069 -0.172562 0.471038 13.717144 -0.054328 -0.965678 -0.253996 116.567093 0.498702 0.194133 -0.844754 396.699127 0.000000 0.000000 0.000000 1.000000
0.871051 -0.148187 0.468306 12.303714 -0.081565 -0.983807 -0.159598 106.190125 0.484373 0.100821 -0.869033 408.125427 0.000000 0.000000 0.000000 1.000000
0.877926 -0.130254 0.460739 10.618954 -0.127856 -0.991118 -0.036570 95.216072 0.461410 -0.026803 -0.886782 419.498413 0.000000 0.000000 0.000000 1.000000
0.879449 -0.097988 0.465798 8.976143 -0.148044 -0.986355 0.072019 83.615692 0.452385 -0.132295 -0.881956 431.269623 0.000000 0.000000 0.000000 1.000000
0.885310 -0.043345 0.462976 7.302267 -0.161988 -0.962028 0.219688 73.211121 0.435873 -0.269489 -0.858714 442.697632 0.000000 0.000000 0.000000 1.000000
0.894028 -0.034933 0.446646 5.676034 -0.192137 -0.930514 0.311813 61.935226 0.404718 -0.364587 -0.838618 453.015747 0.000000 0.000000 0.000000 1.000000
0.920284 -0.029139 0.390163 4.055454 -0.219002 -0.864726 0.451982 48.531315 0.324214 -0.501399 -0.802175 467.118958 0.000000 0.000000 0.000000 1.000000
0.942074 -0.114475 0.315264 1.701115 -0.301648 -0.700137 0.647160 39.452454 0.146645 -0.704772 -0.694112 477.261383 0.000000 0.000000 0.000000 1.000000
0.923621 -0.200011 0.326987 -0.093971 -0.381586 -0.399005 0.833779 29.789955 -0.036296 -0.894869 -0.444851 485.624023 0.000000 0.000000 0.000000 1.000000
0.933623 -0.251127 0.255506 -0.771619 -0.299367 -0.155103 0.941447 19.272095 -0.196793 -0.955447 -0.219987 490.852631 0.000000 0.000000 0.000000 1.000000
0.938130 -0.274809 0.210693 -1.748041 -0.185487 0.115001 0.975894 15.284358 -0.292415 -0.954597 0.056913 493.407715 0.000000 0.000000 0.000000 1.000000
0.935077 -0.275925 0.222476 -2.783247 -0.108918 0.373617 0.921166 16.122253 -0.337294 -0.885593 0.319308 496.351074 0.000000 0.000000 0.000000 1.000000
0.944529 -0.234300 0.230148 -3.208848 -0.059849 0.566234 0.822069 17.238785 -0.322928 -0.790242 0.520802 498.999084 0.000000 0.000000 0.000000 1.000000
0.946869 -0.230621 0.224173 -3.887426 0.012611 0.723099 0.690629 18.257214 -0.321372 -0.651108 0.687588 501.800476 0.000000 0.000000 0.000000 1.000000
0.923596 -0.270281 0.271881 -4.711725 0.085128 0.836076 0.541969 19.156437 -0.373797 -0.477416 0.795204 505.164307 0.000000 0.000000 0.000000 1.000000
0.914128 -0.280922 0.292322 -5.594092 0.151166 0.905204 0.397184 19.763023 -0.376189 -0.318888 0.869938 508.514679 0.000000 0.000000 0.000000 1.000000
0.901957 -0.289582 0.320337 -6.298571 0.196427 0.935763 0.292855 20.126678 -0.384565 -0.201220 0.900900 511.618683 0.000000 0.000000 0.000000 1.000000
0.894450 -0.298363 0.333074 -7.084355 0.264758 0.953616 0.143245 23.092941 -0.360364 -0.039942 0.931956 515.134766 0.000000 0.000000 0.000000 1.000000
0.911055 -0.292171 0.290887 -7.465373 0.303326 0.952861 0.007054 29.543394 -0.279235 0.081807 0.956731 518.779968 0.000000 0.000000 0.000000 1.000000
0.930737 -0.283189 0.231371 -7.342215 0.313469 0.943666 -0.105980 36.192314 -0.188325 0.171167 0.967076 522.410034 0.000000 0.000000 0.000000 1.000000
0.947520 -0.274876 0.163244 -7.114018 0.305316 0.929460 -0.207091 40.923038 -0.094804 0.246064 0.964606 526.087463 0.000000 0.000000 0.000000 1.000000
0.958840 -0.269263 0.090134 -6.806472 0.283937 0.912079 -0.295790 44.565441 -0.002564 0.309207 0.950991 529.866577 0.000000 0.000000 0.000000 1.000000
0.963411 -0.267533 0.016300 -6.460567 0.254153 0.892530 -0.372555 48.577560 0.085122 0.363066 0.927867 533.725159 0.000000 0.000000 0.000000 1.000000
0.961330 -0.270140 -0.053562 -6.093198 0.220097 0.870520 -0.440174 52.560799 0.165535 0.411363 0.896314 537.736938 0.000000 0.000000 0.000000 1.000000
0.953917 -0.276726 -0.116041 -5.706226 0.182206 0.841421 -0.508735 55.764511 0.238419 0.464147 0.853067 542.009583 0.000000 0.000000 0.000000 1.000000
0.942527 -0.289253 -0.167256 -5.369648 0.143348 0.802221 -0.579562 59.368935 0.301817 0.522278 0.797579 546.370789 0.000000 0.000000 0.000000 1.000000
0.933538 -0.298027 -0.199216 -4.924306 0.100719 0.751398 -0.652118 62.730064 0.344039 0.588712 0.731475 550.873901 0.000000 0.000000 0.000000 1.000000
0.931115 -0.295956 -0.213153 -4.382911 0.065962 0.711429 -0.699655 65.539040 0.358710 0.637400 0.681944 555.112793 0.000000 0.000000 0.000000 1.000000
0.934248 -0.285204 -0.214102 -3.837989 0.043065 0.686186 -0.726150 68.104897 0.354015 0.669184 0.653350 559.087158 0.000000 0.000000 0.000000 1.000000
0.939187 -0.271310 -0.210521 -3.307564 0.029186 0.673881 -0.738264 70.945808 0.342164 0.687223 0.640818 563.082214 0.000000 0.000000 0.000000 1.000000
0.951761 -0.242954 -0.187415 -2.719232 0.025721 0.671811 -0.740276 74.024864 0.305761 0.699745 0.645653 568.001892 0.000000 0.000000 0.000000 1.000000
0.965543 -0.209261 -0.154716 -2.076859 0.032308 0.686288 -0.726612 77.254074 0.258232 0.696577 0.669401 573.737976 0.000000 0.000000 0.000000 1.000000
0.978538 -0.173042 -0.111890 -1.433011 0.047006 0.716111 -0.696402 80.576790 0.200632 0.676196 0.708876 579.001831 0.000000 0.000000 0.000000 1.000000
0.988125 -0.142447 -0.057598 -0.822516 0.070281 0.752364 -0.654988 84.092506 0.136636 0.643162 0.753441 584.748169 0.000000 0.000000 0.000000 1.000000
0.992817 -0.119597 0.003300 -0.287077 0.096859 0.787254 -0.608974 87.681656 0.070233 0.604919 0.793183 590.436096 0.000000 0.000000 0.000000 1.000000
0.993073 -0.099988 0.061710 0.204356 0.117326 0.815466 -0.566789 91.433662 0.006350 0.570103 0.821549 596.145630 0.000000 0.000000 0.000000 1.000000</float_array><technique_common><accessor source="#Hips-Matrix-animation-output-transform-array" count="55" stride="16"><param type="float4x4"/></accessor></technique_common></source><source id="Hips-Interpolations"><Name_array id="Hips-Interpolations-array" count="55">
 LINEAR LINEAR LINEAR LINEAR LINEAR LINEAR LINEAR LINEAR LINEAR LINEAR LINEAR
LINEAR LINEAR LINEAR LINEAR LINEAR LINEAR LINEAR LINEAR LINEAR LINEAR LINEAR LINEAR
LINEAR LINEAR LINEAR LINEAR LINEAR LINEAR LINEAR LINEAR LINEAR LINEAR LINEAR LINEAR
LINEAR LINEAR LINEAR LINEAR LINEAR LINEAR LINEAR LINEAR LINEAR LINEAR LINEAR LINEAR
LINEAR LINEAR LINEAR LINEAR LINEAR LINEAR LINEAR LINEAR</Name_array><technique_common><accessor source="#Hips-Interpolations-array" count="55"><param type="name"/></accessor></technique_common></source><sampler id="Hips-Matrix-animation-transform"><input semantic="INPUT" source="#Hips-Matrix-animation-input"/><input semantic="OUTPUT" source="#Hips-Matrix-animation-output-transform"/><input semantic="INTERPOLATION" source="#Hips-Interpolations"/></sampler><channel source="#Hips-Matrix-animation-transform" target="Hips/matrix"/></animation>
    <animation id="Spine-anim" name="Spine"><source id="Spine-Matrix-animation-input"><float_array id="Spine-Matrix-animation-input-array" count="55">

0.000000 0.033333 0.066667 0.100000 0.133333 0.166667 0.200000 0.233333 0.266667 0.300000 0.333333 0.366667 0.400000 0.433333 0.466667 0.500000
0.533333 0.566667 0.600000 0.633333 0.666667 0.700000 0.733333 0.766667 0.800000 0.833333 0.866667 0.900000 0.933333 0.966667 1.000000 1.033333
1.066667 1.100000 1.133333 1.166667 1.200000 1.233333 1.266667 1.300000 1.333333 1.366667 1.400000 1.433333 1.466667 1.500000 1.533333 1.566667
1.600000 1.633333 1.666667 1.700000 1.733333 1.766667 1.800000</float_array><technique_common><accessor source="#Spine-Matrix-animation-input-array" count="55"><param name="TIME" type="float"/></accessor></technique_common></source><source id="Spine-Matrix-animation-output-transform"><float_array id="Spine-Matrix-animation-output-transform-array" count="880">

0.997625 -0.050599 -0.046726 0.017300 0.051739 0.998384 0.023520 10.574800 0.045460 -0.025881 0.998631 -1.117200 0.000000 0.000000 0.000000 1.000000
0.996924 -0.060136 -0.050251 0.017300 0.060226 0.998185 0.000266 10.574800 0.050144 -0.003291 0.998737 -1.117200 0.000000 0.000000 0.000000 1.000000
0.996438 -0.072367 -0.043284 0.017300 0.071666 0.997275 -0.017529 10.574800 0.044435 0.014365 0.998909 -1.117200 0.000000 0.000000 0.000000 1.000000
0.995460 -0.089350 -0.032787 0.017300 0.088823 0.995899 -0.017194 10.574800 0.034189 0.014203 0.999314 -1.117200 0.000000 0.000000 0.000000 1.000000
0.994339 -0.104685 -0.018170 0.017300 0.104240 0.994265 -0.023910 10.574800 0.020569 0.021881 0.999549 -1.117200 0.000000 0.000000 0.000000 1.000000
0.993263 -0.115804 -0.004196 0.017300 0.115719 0.993141 -0.016721 10.574800 0.006103 0.016123 0.999851 -1.117200 0.000000 0.000000 0.000000 1.000000
0.992354 -0.123334 0.004674 0.017300 0.123366 0.992334 -0.007419 10.574800 -0.003723 0.007939 0.999962 -1.117200 0.000000 0.000000 0.000000 1.000000
0.991947 -0.126474 0.006779 0.017300 0.126481 0.991969 -0.000585 10.574800 -0.006650 0.001438 0.999977 -1.117200 0.000000 0.000000 0.000000 1.000000
0.992045 -0.125799 0.004595 0.017300 0.125782 0.992051 0.003770 10.574800 -0.005033 -0.003162 0.999982 -1.117200 0.000000 0.000000 0.000000 1.000000
0.992881 -0.119114 0.000143 0.017300 0.119113 0.992876 0.002910 10.574800 -0.000489 -0.002873 0.999996 -1.117200 0.000000 0.000000 0.000000 1.000000
0.994206 -0.107441 0.003354 0.017300 0.107428 0.994206 0.003790 10.574800 -0.003742 -0.003408 0.999987 -1.117200 0.000000 0.000000 0.000000 1.000000
0.995717 -0.092092 0.008167 0.017300 0.091997 0.995695 0.011305 10.574800 -0.009173 -0.010505 0.999903 -1.117200 0.000000 0.000000 0.000000 1.000000
0.995868 -0.090014 0.012037 0.017300 0.089830 0.995844 0.014997 10.574800 -0.013337 -0.013854 0.999815 -1.117200 0.000000 0.000000 0.000000 1.000000
0.996119 -0.087265 0.011471 0.017300 0.087039 0.996026 0.018900 10.574800 -0.013075 -0.017829 0.999756 -1.117200 0.000000 0.000000 0.000000 1.000000
0.996276 -0.085165 0.013472 0.017300 0.084891 0.996195 0.019749 10.574800 -0.015103 -0.018532 0.999714 -1.117200 0.000000 0.000000 0.000000 1.000000
0.996272 -0.084954 0.014966 0.017300 0.084584 0.996131 0.023863 10.574800 -0.016935 -0.022508 0.999603 -1.117200 0.000000 0.000000 0.000000 1.000000
0.996395 -0.084394 0.008618 0.017300 0.084276 0.996355 0.013224 10.574800 -0.009702 -0.012450 0.999875 -1.117200 0.000000 0.000000 0.000000 1.000000
0.996413 -0.084446 0.005463 0.017300 0.084314 0.996218 0.021010 10.574800 -0.007216 -0.020474 0.999764 -1.117200 0.000000 0.000000 0.000000 1.000000
0.996423 -0.083695 0.011697 0.017300 0.083538 0.996415 0.013339 10.574800 -0.012772 -0.012315 0.999843 -1.117200 0.000000 0.000000 0.000000 1.000000
0.996437 -0.082196 0.018874 0.017300 0.081960 0.996551 0.012957 10.574800 -0.019874 -0.011364 0.999738 -1.117200 0.000000 0.000000 0.000000 1.000000
0.996990 -0.075412 0.017982 0.017300 0.075320 0.997143 0.005722 10.574800 -0.018362 -0.004350 0.999822 -1.117200 0.000000 0.000000 0.000000 1.000000
0.997712 -0.063943 0.021937 0.017300 0.063878 0.997951 0.003656 10.574800 -0.022126 -0.002247 0.999753 -1.117200 0.000000 0.000000 0.000000 1.000000
0.997740 -0.058695 0.032693 0.017300 0.058820 0.998265 -0.002852 10.574800 -0.032469 0.004769 0.999461 -1.117200 0.000000 0.000000 0.000000 1.000000
0.996819 -0.066561 0.043833 0.017300 0.067223 0.997642 -0.013824 10.574800 -0.042810 0.016726 0.998943 -1.117200 0.000000 0.000000 0.000000 1.000000
0.997472 -0.067652 0.021753 0.017300 0.068526 0.996752 -0.042312 10.574800 -0.018820 0.043696 0.998868 -1.117200 0.000000 0.000000 0.000000 1.000000
0.978579 -0.193987 -0.068936 0.017300 0.181042 0.970298 -0.160453 10.574800 0.098015 0.144535 0.984633 -1.117200 0.000000 0.000000 0.000000 1.000000
0.993273 -0.090172 -0.072647 0.017300 0.084346 0.993250 -0.079625 10.574800 0.079336 0.072962 0.994174 -1.117200 0.000000 0.000000 0.000000 1.000000
0.998291 0.022111 -0.054100 0.017300 -0.025134 0.998123 -0.055850 10.574800 0.052764 0.057114 0.996972 -1.117200 0.000000 0.000000 0.000000 1.000000
0.998063 0.048430 0.039053 0.017300 -0.044580 0.994569 -0.094048 10.574800 -0.043396 0.092125 0.994801 -1.117200 0.000000 0.000000 0.000000 1.000000
0.998833 0.048262 -0.001590 0.017300 -0.048258 0.996515 -0.068041 10.574800 -0.001700 0.068039 0.997681 -1.117200 0.000000 0.000000 0.000000 1.000000
0.999959 0.007260 -0.005345 0.017300 -0.007614 0.997543 -0.069639 10.574800 0.004826 0.069676 0.997558 -1.117200 0.000000 0.000000 0.000000 1.000000
0.998545 -0.051855 -0.014816 0.017300 0.050043 0.993333 -0.103855 10.574800 0.020103 0.102962 0.994482 -1.117200 0.000000 0.000000 0.000000 1.000000
0.997001 -0.070809 -0.031234 0.017300 0.066108 0.989043 -0.131996 10.574800 0.040238 0.129535 0.990758 -1.117200 0.000000 0.000000 0.000000 1.000000
0.997625 -0.047069 -0.050282 0.017300 0.039516 0.989096 -0.141870 10.574800 0.056411 0.139546 0.988607 -1.117200 0.000000 0.000000 0.000000 1.000000
0.998523 -0.026464 -0.047456 0.017300 0.019401 0.989454 -0.143542 10.574800 0.050755 0.142409 0.988506 -1.117200 0.000000 0.000000 0.000000 1.000000
0.999364 -0.035598 0.002119 0.017300 0.035556 0.990085 -0.135896 10.574800 0.002740 0.135885 0.990721 -1.117200 0.000000 0.000000 0.000000 1.000000
0.997074 -0.041237 0.064371 0.017300 0.048699 0.991696 -0.119030 10.574800 -0.058928 0.121817 0.990802 -1.117200 0.000000 0.000000 0.000000 1.000000
0.992670 -0.028773 0.117384 0.017300 0.041841 0.993003 -0.110427 10.574800 -0.113385 0.114529 0.986928 -1.117200 0.000000 0.000000 0.000000 1.000000
0.987567 0.003570 0.157158 0.017300 0.017426 0.991094 -0.132017 10.574800 -0.156230 0.133114 0.978710 -1.117200 0.000000 0.000000 0.000000 1.000000
0.980119 0.033572 0.195552 0.017300 -0.003403 0.988281 -0.152607 10.574800 -0.198383 0.148907 0.968747 -1.117200 0.000000 0.000000 0.000000 1.000000
0.967639 0.056128 0.246016 0.017300 -0.019314 0.988562 -0.149571 10.574800 -0.251597 0.139979 0.957656 -1.117200 0.000000 0.000000 0.000000 1.000000
0.953184 0.076819 0.292470 0.017300 -0.038018 0.989963 -0.136116 10.574800 -0.299990 0.118625 0.946538 -1.117200 0.000000 0.000000 0.000000 1.000000
0.936791 0.099926 0.335318 0.017300 -0.062233 0.990656 -0.121357 10.574800 -0.344311 0.092818 0.934256 -1.117200 0.000000 0.000000 0.000000 1.000000
0.921125 0.126453 0.368156 0.017300 -0.093346 0.989925 -0.106466 10.574800 -0.377910 0.063703 0.923648 -1.117200 0.000000 0.000000 0.000000 1.000000
0.909116 0.154523 0.386821 0.017300 -0.128916 0.987428 -0.091467 10.574800 -0.396091 0.033286 0.917608 -1.117200 0.000000 0.000000 0.000000 1.000000
0.908407 0.180671 0.377034 0.017300 -0.165457 0.983537 -0.072658 10.574800 -0.383954 0.003620 0.923345 -1.117200 0.000000 0.000000 0.000000 1.000000
0.922139 0.196710 0.333114 0.017300 -0.192252 0.980236 -0.046649 10.574800 -0.335707 -0.021025 0.941732 -1.117200 0.000000 0.000000 0.000000 1.000000
0.940195 0.203735 0.272993 0.017300 -0.206992 0.978192 -0.017139 10.574800 -0.270532 -0.040393 0.961863 -1.117200 0.000000 0.000000 0.000000 1.000000
0.957127 0.205444 0.204205 0.017300 -0.212718 0.977012 0.014086 10.574800 -0.196617 -0.056920 0.978827 -1.117200 0.000000 0.000000 0.000000 1.000000
0.970947 0.201622 0.128883 0.017300 -0.208859 0.976900 0.045211 10.574800 -0.116790 -0.070816 0.990629 -1.117200 0.000000 0.000000 0.000000 1.000000
0.982908 0.179702 0.039978 0.017300 -0.182242 0.980527 0.073173 10.574800 -0.026051 -0.079208 0.996518 -1.117200 0.000000 0.000000 0.000000 1.000000
0.988346 0.143754 -0.050074 0.017300 -0.138445 0.985614 0.096943 10.574800 0.063290 -0.088881 0.994030 -1.117200 0.000000 0.000000 0.000000 1.000000
0.988267 0.108703 -0.107298 0.017300 -0.096341 0.988757 0.114355 10.574800 0.118522 -0.102676 0.987629 -1.117200 0.000000 0.000000 0.000000 1.000000
0.987785 0.077822 -0.135000 0.017300 -0.060328 0.989788 0.129155 10.574800 0.143672 -0.119433 0.982392 -1.117200 0.000000 0.000000 0.000000 1.000000
0.986115 0.046333 -0.159467 0.017300 -0.023515 0.989572 0.142107 10.574800 0.164388 -0.136384 0.976922 -1.117200 0.000000 0.000000 0.000000 1.000000</float_array><technique_common><accessor source="#Spine-Matrix-animation-output-transform-array" count="55" stride="16"><param type="float4x4"/></accessor></technique_common></source><source id="Spine-Interpolations"><Name_array id="Spine-Interpolations-array" count="55">
 LINEAR LINEAR LINEAR LINEAR LINEAR LINEAR LINEAR LINEAR LINEAR LINEAR LINEAR
LINEAR LINEAR LINEAR LINEAR LINEAR LINEAR LINEAR LINEAR LINEAR LINEAR LINEAR LINEAR
LINEAR LINEAR LINEAR LINEAR LINEAR LINEAR LINEAR LINEAR LINEAR LINEAR LINEAR LINEAR
LINEAR LINEAR LINEAR LINEAR LINEAR LINEAR LINEAR LINEAR LINEAR LINEAR LINEAR LINEAR
LINEAR LINEAR LINEAR LINEAR LINEAR LINEAR LINEAR LINEAR</Name_array><technique_common><accessor source="#Spine-Interpolations-array" count="55"><param type="name"/></accessor></technique_common></source><sampler id="Spine-Matrix-animation-transform"><input semantic="INPUT" source="#Spine-Matrix-animation-input"/><input semantic="OUTPUT" source="#Spine-Matrix-animation-output-transform"/><input semantic="INTERPOLATION" source="#Spine-Interpolations"/></sampler><channel source="#Spine-Matrix-animation-transform" target="Spine/matrix"/></animation>
    <animation id="Spine1-anim" name="Spine1"><source id="Spine1-Matrix-animation-input"><float_array id="Spine1-Matrix-animation-input-array" count="55">

0.000000 0.033333 0.066667 0.100000 0.133333 0.166667 0.200000 0.233333 0.266667 0.300000 0.333333 0.366667 0.400000 0.433333 0.466667 0.500000
0.533333 0.566667 0.600000 0.633333 0.666667 0.700000 0.733333 0.766667 0.800000 0.833333 0.866667 0.900000 0.933333 0.966667 1.000000 1.033333
1.066667 1.100000 1.133333 1.166667 1.200000 1.233333 1.266667 1.300000 1.333333 1.366667 1.400000 1.433333 1.466667 1.500000 1.533333 1.566667
1.600000 1.633333 1.666667 1.700000 1.733333 1.766667 1.800000</float_array><technique_common><accessor source="#Spine1-Matrix-animation-input-array" count="55"><param name="TIME" type="float"/></accessor></technique_common></source><source id="Spine1-Matrix-animation-output-transform"><float_array id="Spine1-Matrix-animation-output-transform-array" count="880">

0.997875 0.006700 -0.064810 0.019000 -0.002733 0.998128 0.061104 12.337300 0.065098 -0.060797 0.996025 -1.303400 0.000000 0.000000 0.000000 1.000000
0.998241 -0.009838 -0.058463 0.019000 0.010897 0.999782 0.017820 12.337300 0.058275 -0.018426 0.998131 -1.303400 0.000000 0.000000 0.000000 1.000000
0.998448 -0.045094 -0.032667 0.019000 0.044494 0.998831 -0.018885 12.337300 0.033481 0.017402 0.999288 -1.303400 0.000000 0.000000 0.000000 1.000000
0.997070 -0.076024 -0.008474 0.019000 0.075849 0.996933 -0.019276 12.337300 0.009913 0.018577 0.999778 -1.303400 0.000000 0.000000 0.000000 1.000000
0.995549 -0.092322 0.018944 0.019000 0.092896 0.995159 -0.032088 12.337300 -0.015890 0.033705 0.999305 -1.303400 0.000000 0.000000 0.000000 1.000000
0.994700 -0.097224 0.033449 0.019000 0.097875 0.995029 -0.018379 12.337300 -0.031496 0.021555 0.999271 -1.303400 0.000000 0.000000 0.000000 1.000000
0.995196 -0.091551 0.034682 0.019000 0.091659 0.995789 -0.001526 12.337300 -0.034397 0.004698 0.999397 -1.303400 0.000000 0.000000 0.000000 1.000000
0.996176 -0.083355 0.026197 0.019000 0.083141 0.996496 0.009155 12.337300 -0.026868 -0.006942 0.999615 -1.303400 0.000000 0.000000 0.000000 1.000000
0.995848 -0.089906 0.014246 0.019000 0.089707 0.995869 0.014023 12.337300 -0.015448 -0.012686 0.999800 -1.303400 0.000000 0.000000 0.000000 1.000000
0.994348 -0.106101 0.003943 0.019000 0.106059 0.994312 0.009781 12.337300 -0.004958 -0.009308 0.999944 -1.303400 0.000000 0.000000 0.000000 1.000000
0.994743 -0.101617 0.012674 0.019000 0.101483 0.994779 0.010783 12.337300 -0.013703 -0.009441 0.999862 -1.303400 0.000000 0.000000 0.000000 1.000000
0.995901 -0.087048 0.024589 0.019000 0.086405 0.995918 0.026109 12.337300 -0.026761 -0.023878 0.999357 -1.303400 0.000000 0.000000 0.000000 1.000000
0.996118 -0.079187 0.038454 0.019000 0.077865 0.996358 0.034751 12.337300 -0.041065 -0.031622 0.998656 -1.303400 0.000000 0.000000 0.000000 1.000000
0.996617 -0.068791 0.044981 0.019000 0.066805 0.996785 0.044246 12.337300 -0.047880 -0.041091 0.998008 -1.303400 0.000000 0.000000 0.000000 1.000000
0.996453 -0.062524 0.056330 0.019000 0.059882 0.997078 0.047430 12.337300 -0.059131 -0.043888 0.997285 -1.303400 0.000000 0.000000 0.000000 1.000000
0.996143 -0.061426 0.062658 0.019000 0.057892 0.996709 0.056744 12.337300 -0.065937 -0.052897 0.996421 -1.303400 0.000000 0.000000 0.000000 1.000000
0.996363 -0.063512 0.056799 0.019000 0.061478 0.997427 0.036864 12.337300 -0.058994 -0.033238 0.997705 -1.303400 0.000000 0.000000 0.000000 1.000000
0.997447 -0.054602 0.046028 0.019000 0.052200 0.997289 0.051858 12.337300 -0.048735 -0.049322 0.997593 -1.303400 0.000000 0.000000 0.000000 1.000000
0.996868 -0.055774 0.056058 0.019000 0.053864 0.997934 0.035022 12.337300 -0.057896 -0.031892 0.997813 -1.303400 0.000000 0.000000 0.000000 1.000000
0.996369 -0.058958 0.061420 0.019000 0.057078 0.997859 0.031926 12.337300 -0.063171 -0.028304 0.997601 -1.303400 0.000000 0.000000 0.000000 1.000000
0.997352 -0.052823 0.049982 0.019000 0.052115 0.998523 0.015362 12.337300 -0.050719 -0.012717 0.998632 -1.303400 0.000000 0.000000 0.000000 1.000000
0.998201 -0.039803 0.044831 0.019000 0.039477 0.999187 0.008152 12.337300 -0.045119 -0.006368 0.998961 -1.303400 0.000000 0.000000 0.000000 1.000000
0.997692 -0.040976 0.054149 0.019000 0.041474 0.999107 -0.008093 12.337300 -0.053769 0.010320 0.998500 -1.303400 0.000000 0.000000 0.000000 1.000000
0.996469 -0.059452 0.059288 0.019000 0.061475 0.997566 -0.032905 12.337300 -0.057188 0.036434 0.997698 -1.303400 0.000000 0.000000 0.000000 1.000000
0.997256 -0.073238 0.010799 0.019000 0.073908 0.993324 -0.088576 12.337300 -0.004240 0.089131 0.996011 -1.303400 0.000000 0.000000 0.000000 1.000000
0.997965 0.055387 -0.031596 0.019000 -0.061242 0.970546 -0.233000 12.337300 0.017761 0.234461 0.971963 -1.303400 0.000000 0.000000 0.000000 1.000000
0.994454 0.087561 -0.058258 0.019000 -0.101656 0.942288 -0.318997 12.337300 0.026964 0.323150 0.945963 -1.303400 0.000000 0.000000 0.000000 1.000000
0.995915 0.089220 -0.013913 0.019000 -0.089998 0.968176 -0.233527 12.337300 -0.007365 0.233825 0.972251 -1.303400 0.000000 0.000000 0.000000 1.000000
0.990983 0.130846 0.028829 0.019000 -0.122728 0.972793 -0.196496 12.337300 -0.053755 0.191186 0.980081 -1.303400 0.000000 0.000000 0.000000 1.000000
0.990628 0.133551 -0.028649 0.019000 -0.136260 0.980811 -0.139439 12.337300 0.009477 0.142035 0.989816 -1.303400 0.000000 0.000000 0.000000 1.000000
0.991363 0.131078 -0.004287 0.019000 -0.131024 0.988475 -0.075824 12.337300 -0.005702 0.075730 0.997112 -1.303400 0.000000 0.000000 0.000000 1.000000
0.996824 0.079147 -0.008778 0.019000 -0.079595 0.993676 -0.079199 12.337300 0.002454 0.079647 0.996820 -1.303400 0.000000 0.000000 0.000000 1.000000
0.999092 0.030219 -0.030028 0.019000 -0.033420 0.993084 -0.112549 12.337300 0.026419 0.113451 0.993192 -1.303400 0.000000 0.000000 0.000000 1.000000
0.998148 0.007249 -0.060395 0.019000 -0.016473 0.987988 -0.153650 12.337300 0.058555 0.154361 0.986278 -1.303400 0.000000 0.000000 0.000000 1.000000
0.996827 -0.012453 -0.078619 0.019000 -0.002274 0.982827 -0.184513 12.337300 0.079567 0.184106 0.979681 -1.303400 0.000000 0.000000 0.000000 1.000000
0.997294 -0.031416 -0.066471 0.019000 0.018453 0.982126 -0.187316 12.337300 0.071167 0.185582 0.980048 -1.303400 0.000000 0.000000 0.000000 1.000000
0.998184 -0.040096 -0.044947 0.019000 0.031641 0.984033 -0.175150 12.337300 0.051252 0.173410 0.983515 -1.303400 0.000000 0.000000 0.000000 1.000000
0.998370 -0.055691 -0.012507 0.019000 0.052766 0.984068 -0.169780 12.337300 0.021763 0.168844 0.985403 -1.303400 0.000000 0.000000 0.000000 1.000000
0.996925 -0.074514 0.024239 0.019000 0.077565 0.982323 -0.170366 12.337300 -0.011116 0.171722 0.985083 -1.303400 0.000000 0.000000 0.000000 1.000000
0.994666 -0.088899 0.052305 0.019000 0.096681 0.980255 -0.172492 12.337300 -0.035938 0.176629 0.983621 -1.303400 0.000000 0.000000 0.000000 1.000000
0.993565 -0.095933 0.060207 0.019000 0.105275 0.978293 -0.178494 12.337300 -0.041777 0.183683 0.982097 -1.303400 0.000000 0.000000 0.000000 1.000000
0.993761 -0.096536 0.055856 0.019000 0.105365 0.976813 -0.186373 12.337300 -0.036569 0.191095 0.980890 -1.303400 0.000000 0.000000 0.000000 1.000000
0.994979 -0.090567 0.042607 0.019000 0.097211 0.975783 -0.195954 12.337300 -0.023828 0.199112 0.979687 -1.303400 0.000000 0.000000 0.000000 1.000000
0.996825 -0.076570 0.021854 0.019000 0.079432 0.975429 -0.205496 12.337300 -0.005582 0.206579 0.978414 -1.303400 0.000000 0.000000 0.000000 1.000000
0.998302 -0.058249 -0.000377 0.019000 0.056846 0.975632 -0.211922 12.337300 0.012713 0.211541 0.977286 -1.303400 0.000000 0.000000 0.000000 1.000000
0.999109 -0.039500 -0.014853 0.019000 0.035523 0.977213 -0.209265 12.337300 0.022780 0.208551 0.977746 -1.303400 0.000000 0.000000 0.000000 1.000000
0.999455 -0.026266 -0.019973 0.019000 0.021737 0.979481 -0.200363 12.337300 0.024826 0.199820 0.979518 -1.303400 0.000000 0.000000 0.000000 1.000000
0.999619 -0.019666 -0.019368 0.019000 0.015621 0.981568 -0.190474 12.337300 0.022757 0.190099 0.981501 -1.303400 0.000000 0.000000 0.000000 1.000000
0.999741 -0.016084 -0.016080 0.019000 0.012924 0.983533 -0.180268 12.337300 0.018715 0.180014 0.983486 -1.303400 0.000000 0.000000 0.000000 1.000000
0.999837 -0.014270 -0.011060 0.019000 0.012182 0.985358 -0.170060 12.337300 0.013324 0.169898 0.985372 -1.303400 0.000000 0.000000 0.000000 1.000000
0.999866 -0.016250 -0.001913 0.019000 0.015737 0.987072 -0.159504 12.337300 0.004480 0.159453 0.987195 -1.303400 0.000000 0.000000 0.000000 1.000000
0.999829 -0.016918 0.007512 0.019000 0.017844 0.988827 -0.147993 12.337300 -0.004924 0.148102 0.988960 -1.303400 0.000000 0.000000 0.000000 1.000000
0.999800 -0.012496 0.015640 0.019000 0.014512 0.990570 -0.136237 12.337300 -0.013790 0.136436 0.990553 -1.303400 0.000000 0.000000 0.000000 1.000000
0.999717 -0.004904 0.023287 0.019000 0.007768 0.992183 -0.124547 12.337300 -0.022494 0.124692 0.991940 -1.303400 0.000000 0.000000 0.000000 1.000000
0.999523 0.002407 0.030789 0.019000 0.001096 0.993568 -0.113236 12.337300 -0.030864 0.113216 0.993091 -1.303400 0.000000 0.000000 0.000000 1.000000</float_array><technique_common><accessor source="#Spine1-Matrix-animation-output-transform-array" count="55" stride="16"><param type="float4x4"/></accessor></technique_common></source><source id="Spine1-Interpolations"><Name_array id="Spine1-Interpolations-array" count="55">
 LINEAR LINEAR LINEAR LINEAR LINEAR LINEAR LINEAR LINEAR LINEAR LINEAR LINEAR
LINEAR LINEAR LINEAR LINEAR LINEAR LINEAR LINEAR LINEAR LINEAR LINEAR LINEAR LINEAR
LINEAR LINEAR LINEAR LINEAR LINEAR LINEAR LINEAR LINEAR LINEAR LINEAR LINEAR LINEAR
LINEAR LINEAR LINEAR LINEAR LINEAR LINEAR LINEAR LINEAR LINEAR LINEAR LINEAR LINEAR
LINEAR LINEAR LINEAR LINEAR LINEAR LINEAR LINEAR LINEAR</Name_array><technique_common><accessor source="#Spine1-Interpolations-array" count="55"><param type="name"/></accessor></technique_common></source><sampler id="Spine1-Matrix-animation-transform"><input semantic="INPUT" source="#Spine1-Matrix-animation-input"/><input semantic="OUTPUT" source="#Spine1-Matrix-animation-output-transform"/><input semantic="INTERPOLATION" source="#Spine1-Interpolations"/></sampler><channel source="#Spine1-Matrix-animation-transform" target="Spine1/matrix"/></animation>
    <animation id="Spine2-anim" name="Spine2"><source id="Spine2-Matrix-animation-input"><float_array id="Spine2-Matrix-animation-input-array" count="55">

0.000000 0.033333 0.066667 0.100000 0.133333 0.166667 0.200000 0.233333 0.266667 0.300000 0.333333 0.366667 0.400000 0.433333 0.466667 0.500000
0.533333 0.566667 0.600000 0.633333 0.666667 0.700000 0.733333 0.766667 0.800000 0.833333 0.866667 0.900000 0.933333 0.966667 1.000000 1.033333
1.066667 1.100000 1.133333 1.166667 1.200000 1.233333 1.266667 1.300000 1.333333 1.366667 1.400000 1.433333 1.466667 1.500000 1.533333 1.566667
1.600000 1.633333 1.666667 1.700000 1.733333 1.766667 1.800000</float_array><technique_common><accessor source="#Spine2-Matrix-animation-input-array" count="55"><param name="TIME" type="float"/></accessor></technique_common></source><source id="Spine2-Matrix-animation-output-transform"><float_array id="Spine2-Matrix-animation-output-transform-array" count="880">

0.997874 0.007182 -0.064775 0.021700 -0.003217 0.998126 0.061105 14.099800 0.065092 -0.060767 0.996027 -1.489600 0.000000 0.000000 0.000000 1.000000
0.998241 -0.009262 -0.058567 0.021700 0.010325 0.999787 0.017874 14.099800 0.058389 -0.018447 0.998123 -1.489600 0.000000 0.000000 0.000000 1.000000
0.998447 -0.044771 -0.033163 0.021700 0.044165 0.998847 -0.018801 14.099800 0.033966 0.017307 0.999273 -1.489600 0.000000 0.000000 0.000000 1.000000
0.997069 -0.075942 -0.009272 0.021700 0.075753 0.996940 -0.019268 14.099800 0.010707 0.018509 0.999771 -1.489600 0.000000 0.000000 0.000000 1.000000
0.995549 -0.092537 0.017888 0.021700 0.093077 0.995141 -0.032121 14.099800 -0.014829 0.033643 0.999324 -1.489600 0.000000 0.000000 0.000000 1.000000
0.994699 -0.097604 0.032358 0.021700 0.098231 0.994994 -0.018362 14.099800 -0.030404 0.021443 0.999308 -1.489600 0.000000 0.000000 0.000000 1.000000
0.995196 -0.091921 0.033693 0.021700 0.092022 0.995756 -0.001452 14.099800 -0.033417 0.004546 0.999431 -1.489600 0.000000 0.000000 0.000000 1.000000
0.996176 -0.083585 0.025416 0.021700 0.083375 0.996476 0.009225 14.099800 -0.026097 -0.007071 0.999634 -1.489600 0.000000 0.000000 0.000000 1.000000
0.995849 -0.089992 0.013666 0.021700 0.089801 0.995861 0.014021 14.099800 -0.014871 -0.012736 0.999808 -1.489600 0.000000 0.000000 0.000000 1.000000
0.994347 -0.106118 0.003560 0.021700 0.106079 0.994310 0.009730 14.099800 -0.004573 -0.009298 0.999946 -1.489600 0.000000 0.000000 0.000000 1.000000
0.994743 -0.101655 0.012365 0.021700 0.101524 0.994775 0.010772 14.099800 -0.013395 -0.009460 0.999866 -1.489600 0.000000 0.000000 0.000000 1.000000
0.995901 -0.087129 0.024276 0.021700 0.086493 0.995910 0.026122 14.099800 -0.026453 -0.023915 0.999364 -1.489600 0.000000 0.000000 0.000000 1.000000
0.996120 -0.079360 0.038051 0.021700 0.078049 0.996342 0.034788 14.099800 -0.040672 -0.031684 0.998670 -1.489600 0.000000 0.000000 0.000000 1.000000
0.996620 -0.069062 0.044485 0.021700 0.067093 0.996762 0.044318 14.099800 -0.047401 -0.041183 0.998027 -1.489600 0.000000 0.000000 0.000000 1.000000
0.996459 -0.062945 0.055745 0.021700 0.060321 0.997045 0.047564 14.099800 -0.058574 -0.044033 0.997311 -1.489600 0.000000 0.000000 0.000000 1.000000
0.996153 -0.061962 0.061960 0.021700 0.058452 0.996665 0.056932 14.099800 -0.065281 -0.053091 0.996454 -1.489600 0.000000 0.000000 0.000000 1.000000
0.996370 -0.064035 0.056085 0.021700 0.062015 0.997387 0.037054 14.099800 -0.058312 -0.033441 0.997738 -1.489600 0.000000 0.000000 0.000000 1.000000
0.997456 -0.055013 0.045323 0.021700 0.052637 0.997257 0.052039 14.099800 -0.048062 -0.049521 0.997616 -1.489600 0.000000 0.000000 0.000000 1.000000
0.996875 -0.056213 0.055495 0.021700 0.054310 0.997903 0.035224 14.099800 -0.057359 -0.032100 0.997837 -1.489600 0.000000 0.000000 0.000000 1.000000
0.996375 -0.059334 0.060970 0.021700 0.057456 0.997832 0.032102 14.099800 -0.062742 -0.028483 0.997623 -1.489600 0.000000 0.000000 0.000000 1.000000
0.997354 -0.053030 0.049726 0.021700 0.052320 0.998510 0.015486 14.099800 -0.050473 -0.012844 0.998643 -1.489600 0.000000 0.000000 0.000000 1.000000
0.998202 -0.039878 0.044750 0.021700 0.039548 0.999184 0.008239 14.099800 -0.045042 -0.006454 0.998964 -1.489600 0.000000 0.000000 0.000000 1.000000
0.997691 -0.040930 0.054194 0.021700 0.041424 0.999109 -0.008031 14.099800 -0.053818 0.010257 0.998498 -1.489600 0.000000 0.000000 0.000000 1.000000
0.996468 -0.059263 0.059496 0.021700 0.061291 0.997578 -0.032872 14.099800 -0.057404 0.036402 0.997687 -1.489600 0.000000 0.000000 0.000000 1.000000
0.997085 -0.075427 0.011463 0.021700 0.076138 0.993337 -0.086514 14.099800 -0.004861 0.087135 0.996185 -1.489600 0.000000 0.000000 0.000000 1.000000
0.997628 0.060659 -0.032528 0.021700 -0.066561 0.970557 -0.231492 14.099800 0.017528 0.233108 0.972293 -1.489600 0.000000 0.000000 0.000000 1.000000
0.993040 0.101323 -0.060035 0.021700 -0.115150 0.942303 -0.314334 14.099800 0.024722 0.319060 0.947412 -1.489600 0.000000 0.000000 0.000000 1.000000
0.995921 0.088960 -0.015083 0.021700 -0.090019 0.968181 -0.233499 14.099800 -0.006169 0.233905 0.972240 -1.489600 0.000000 0.000000 0.000000 1.000000
0.990990 0.130990 0.027923 0.021700 -0.123044 0.972757 -0.196480 14.099800 -0.052900 0.191274 0.980110 -1.489600 0.000000 0.000000 0.000000 1.000000
0.990629 0.133463 -0.029008 0.021700 -0.136224 0.980818 -0.139423 14.099800 0.009844 0.142068 0.989808 -1.489600 0.000000 0.000000 0.000000 1.000000
0.991389 0.130839 -0.005394 0.021700 -0.130870 0.988506 -0.075689 14.099800 -0.004571 0.075743 0.997117 -1.489600 0.000000 0.000000 0.000000 1.000000
0.996847 0.078670 -0.010370 0.021700 -0.079245 0.993728 -0.078893 14.099800 0.004098 0.079466 0.996829 -1.489600 0.000000 0.000000 0.000000 1.000000
0.999066 0.029582 -0.031510 0.021700 -0.032955 0.993101 -0.112539 14.099800 0.027963 0.113473 0.993148 -1.489600 0.000000 0.000000 0.000000 1.000000
0.998111 0.006513 -0.061083 0.021700 -0.015851 0.987996 -0.153662 14.099800 0.059349 0.154340 0.986234 -1.489600 0.000000 0.000000 0.000000 1.000000
0.996827 -0.012716 -0.078575 0.021700 -0.002008 0.982826 -0.184524 14.099800 0.079572 0.184096 0.979682 -1.489600 0.000000 0.000000 0.000000 1.000000
0.997338 -0.030365 -0.066292 0.021700 0.017429 0.982084 -0.187637 14.099800 0.070802 0.185982 0.979999 -1.489600 0.000000 0.000000 0.000000 1.000000
0.998303 -0.037163 -0.044822 0.021700 0.028727 0.983970 -0.176007 14.099800 0.050645 0.174421 0.983368 -1.489600 0.000000 0.000000 0.000000 1.000000
0.998804 -0.047754 -0.010465 0.021700 0.045233 0.983936 -0.172696 14.099800 0.018544 0.172016 0.984920 -1.489600 0.000000 0.000000 0.000000 1.000000
0.997771 -0.059934 0.029333 0.021700 0.064187 0.982219 -0.176426 14.099800 -0.018237 0.177916 0.983877 -1.489600 0.000000 0.000000 0.000000 1.000000
0.995791 -0.069303 0.059981 0.021700 0.079120 0.980323 -0.180852 14.099800 -0.046267 0.184837 0.981680 -1.489600 0.000000 0.000000 0.000000 1.000000
0.994781 -0.075170 0.068989 0.021700 0.086910 0.978502 -0.187029 14.099800 -0.053447 0.192049 0.979929 -1.489600 0.000000 0.000000 0.000000 1.000000
0.994935 -0.077010 0.064601 0.021700 0.088213 0.977058 -0.193845 14.099800 -0.048191 0.198562 0.978903 -1.489600 0.000000 0.000000 0.000000 1.000000
0.995991 -0.074243 0.049893 0.021700 0.082848 0.975963 -0.201575 14.099800 -0.033728 0.204900 0.978202 -1.489600 0.000000 0.000000 0.000000 1.000000
0.997535 -0.065470 0.025239 0.021700 0.069307 0.975512 -0.208741 14.099800 -0.010955 0.209976 0.977645 -1.489600 0.000000 0.000000 0.000000 1.000000
0.998600 -0.052877 -0.001663 0.021700 0.051314 0.975769 -0.212701 14.099800 0.012870 0.212318 0.977116 -1.489600 0.000000 0.000000 0.000000 1.000000
0.999082 -0.038183 -0.019407 0.021700 0.033316 0.977530 -0.208145 14.099800 0.026919 0.207308 0.977905 -1.489600 0.000000 0.000000 0.000000 1.000000
0.999344 -0.026546 -0.024645 0.021700 0.021146 0.979956 -0.198087 14.099800 0.029409 0.197436 0.979875 -1.489600 0.000000 0.000000 0.000000 1.000000
0.999558 -0.019987 -0.022003 0.021700 0.015509 0.982126 -0.187584 14.099800 0.025359 0.187160 0.982002 -1.489600 0.000000 0.000000 0.000000 1.000000
0.999743 -0.015883 -0.016182 0.021700 0.012769 0.984119 -0.177052 14.099800 0.018737 0.176800 0.984068 -1.489600 0.000000 0.000000 0.000000 1.000000
0.999865 -0.013510 -0.009317 0.021700 0.011767 0.985928 -0.166758 14.099800 0.011439 0.166626 0.985954 -1.489600 0.000000 0.000000 0.000000 1.000000
