<?xml version="1.0" encoding="utf-8"?>
<COLLADA xmlns="http://www.collada.org/2005/11/COLLADASchema" version="1.4.1">
  <asset><contributor><author>Mixamo</author><authoring_tool>COLLADA Mixamo exporter</authoring_tool><comments></comments></contributor><created>2018-12-23T19:28:17Z</created><modified>2018-12-23T19:28:17Z</modified><revision></revision><title></title><unit meter="0.010000"/><up_axis>Y_UP</up_axis></asset>
  <library_animations>
    <animation id="Hips-anim" name="Hips"><source id="Hips-Matrix-animation-input"><float_array id="Hips-Matrix-animation-input-array" count="110">

0.000000 0.033333 0.066667 0.100000 0.133333 0.166667 0.200000 0.233333 0.266667 0.300000 0.333333 0.366667 0.400000 0.433333 0.466667 0.500000
0.533333 0.566667 0.600000 0.633333 0.666667 0.700000 0.733333 0.766667 0.800000 0.833333 0.866667 0.900000 0.933333 0.966667 1.000000 1.033333
1.066667 1.100000 1.133333 1.166667 1.200000 1.233333 1.266667 1.300000 1.333333 1.366667 1.400000 1.433333 1.466667 1.500000 1.533333 1.566667
1.600000 1.633333 1.666667 1.700000 1.733333 1.766667 1.800000 1.833333 1.866667 1.900000 1.933333 1.966667 2.000000 2.033333 2.066667 2.100000
2.133333 2.166667 2.200000 2.233333 2.266667 2.300000 2.333333 2.366667 2.400000 2.433333 2.466667 2.500000 2.533333 2.566667 2.600000 2.633333
2.666667 2.700000 2.733333 2.766667 2.800000 2.833333 2.866667 2.900000 2.933333 2.966667 3.000000 3.033333 3.066667 3.100000 3.133333 3.166667
3.200000 3.233333 3.266667 3.300000 3.333333 3.366667 3.400000 3.433333 3.466667 3.500000 3.533333 3.566667 3.600000 3.633333</float_array><technique_common><accessor source="#Hips-Matrix-animation-input-array" count="110"><param name="TIME" type="float"/></accessor></technique_common></source><source id="Hips-Matrix-animation-output-transform"><float_array id="Hips-Matrix-animation-output-transform-array" count="1760">

0.261969 0.014947 -0.964961 0.000078 0.015579 0.999684 0.019714 77.438530 0.964951 -0.020197 0.261653 0.000050 0.000000 0.000000 0.000000 1.000000
0.254461 0.018993 -0.966896 0.023856 0.015045 0.999608 0.023595 77.622704 0.966966 -0.020551 0.254076 0.003128 0.000000 0.000000 0.000000 1.000000
0.231424 0.030847 -0.972364 0.100113 0.013659 0.999296 0.034952 78.097687 0.972757 -0.021370 0.230839 -0.038670 0.000000 0.000000 0.000000 1.000000
0.204383 0.045610 -0.977828 0.202990 0.012296 0.998715 0.049155 78.690903 0.978814 -0.022070 0.203560 -0.144142 0.000000 0.000000 0.000000 1.000000
0.181553 0.060741 -0.981503 0.318039 0.011230 0.997897 0.063833 79.374039 0.983317 -0.022611 0.180489 -0.278591 0.000000 0.000000 0.000000 1.000000
0.171433 0.077122 -0.982173 0.450651 0.009974 0.996744 0.080007 80.119896 0.985145 -0.023512 0.170105 -0.393663 0.000000 0.000000 0.000000 1.000000
0.177722 0.090463 -0.979914 0.574898 0.007991 0.995600 0.093360 80.900948 0.984048 -0.024423 0.176217 -0.389735 0.000000 0.000000 0.000000 1.000000
0.200481 0.089760 -0.975577 0.624958 0.006845 0.995641 0.093013 81.690948 0.979674 -0.025325 0.198993 -0.328215 0.000000 0.000000 0.000000 1.000000
0.233984 0.084972 -0.968520 0.658682 0.005565 0.996040 0.088731 82.463127 0.972225 -0.026152 0.232584 -0.188026 0.000000 0.000000 0.000000 1.000000
0.263277 0.071798 -0.962045 0.647717 0.007031 0.997057 0.076335 83.189720 0.964695 -0.026862 0.261998 0.232552 0.000000 0.000000 0.000000 1.000000
0.278834 0.054472 -0.958793 0.614384 0.010607 0.998154 0.059793 83.842537 0.960281 -0.026842 0.277742 0.889248 0.000000 0.000000 0.000000 1.000000
0.280302 0.032782 -0.959352 0.556318 0.014829 0.999150 0.038474 84.392891 0.959797 -0.025011 0.279578 1.901278 0.000000 0.000000 0.000000 1.000000
0.275954 0.011150 -0.961106 0.500480 0.017866 0.999700 0.016727 84.721046 0.961005 -0.021787 0.275672 3.387713 0.000000 0.000000 0.000000 1.000000
0.256478 -0.008048 -0.966516 0.458362 0.019131 0.999812 -0.003249 84.855240 0.966361 -0.017657 0.256584 5.216951 0.000000 0.000000 0.000000 1.000000
0.228925 -0.022540 -0.973183 0.444126 0.017704 0.999663 -0.018989 84.784042 0.973283 -0.012882 0.229247 7.381820 0.000000 0.000000 0.000000 1.000000
0.216833 -0.026216 -0.975857 0.513400 0.013078 0.999628 -0.023949 84.496941 0.976121 -0.007569 0.217095 9.647229 0.000000 0.000000 0.000000 1.000000
0.225544 -0.024098 -0.973935 0.649310 0.007207 0.999708 -0.023067 83.609863 0.974206 -0.001817 0.225652 12.108392 0.000000 0.000000 0.000000 1.000000
0.255597 -0.016112 -0.966649 0.846014 -0.000015 0.999861 -0.016670 81.720909 0.966783 0.004275 0.255561 15.455588 0.000000 0.000000 0.000000 1.000000
0.305644 -0.000661 -0.952146 1.107135 -0.009897 0.999944 -0.003871 79.564392 0.952095 0.010607 0.305620 19.040691 0.000000 0.000000 0.000000 1.000000
0.365296 0.020184 -0.930673 1.413320 -0.023267 0.999651 0.012547 77.656868 0.930601 0.017070 0.365638 22.197693 0.000000 0.000000 0.000000 1.000000
0.441880 0.047728 -0.895804 1.769300 -0.042252 0.998583 0.032362 76.447708 0.896079 0.023549 0.443270 24.275810 0.000000 0.000000 0.000000 1.000000
0.530845 0.074780 -0.844163 2.127806 -0.065198 0.996751 0.047297 75.794525 0.844957 0.029930 0.533996 27.679184 0.000000 0.000000 0.000000 1.000000
0.611874 0.092851 -0.785487 2.426216 -0.085824 0.995016 0.050764 75.507790 0.786285 0.036353 0.616793 31.419136 0.000000 0.000000 0.000000 1.000000
0.656566 0.109146 -0.746330 2.684580 -0.104694 0.993084 0.053130 75.464241 0.746967 0.043253 0.663453 35.584114 0.000000 0.000000 0.000000 1.000000
0.689989 0.123710 -0.713169 2.904723 -0.122912 0.991002 0.052988 75.639282 0.713307 0.051096 0.698986 40.228199 0.000000 0.000000 0.000000 1.000000
0.766030 0.136592 -0.628124 3.113861 -0.144692 0.988726 0.038549 76.192345 0.626308 0.061354 0.777157 45.162457 0.000000 0.000000 0.000000 1.000000
0.853755 0.147837 -0.499246 3.300078 -0.164787 0.986276 0.010255 77.810112 0.493911 0.073514 0.866399 50.141582 0.000000 0.000000 0.000000 1.000000
0.936503 0.157492 -0.313303 3.463634 -0.176134 0.983848 -0.031922 80.345299 0.303216 0.085079 0.949116 54.915703 0.000000 0.000000 0.000000 1.000000
0.983762 0.165606 -0.069182 3.597617 -0.171109 0.981743 -0.083087 82.994247 0.054159 0.093576 0.994138 59.133163 0.000000 0.000000 0.000000 1.000000
0.962049 0.172223 0.211664 3.681192 -0.146919 0.980559 -0.130071 85.109352 -0.229950 0.094037 0.968649 62.895451 0.000000 0.000000 0.000000 1.000000
0.855249 0.177389 0.486910 3.681095 -0.116117 0.981296 -0.153544 85.663330 -0.505040 0.074780 0.859850 66.076515 0.000000 0.000000 0.000000 1.000000
0.689375 0.177279 0.702377 3.553388 -0.089651 0.983018 -0.160122 85.521507 -0.718835 0.047415 0.693561 68.347420 0.000000 0.000000 0.000000 1.000000
0.521748 0.174813 0.834997 3.314261 -0.074904 0.984387 -0.159285 84.924484 -0.849805 0.020562 0.526696 71.205971 0.000000 0.000000 0.000000 1.000000
0.402314 0.171511 0.899293 2.991957 -0.067316 0.985178 -0.157776 84.117645 -0.913023 0.002939 0.407896 75.647232 0.000000 0.000000 0.000000 1.000000
0.287702 0.168202 0.942834 2.625679 -0.047646 0.985751 -0.161320 83.085556 -0.956534 0.001490 0.291617 80.907478 0.000000 0.000000 0.000000 1.000000
0.180747 0.164810 0.969623 2.226923 -0.028203 0.986323 -0.162392 81.507530 -0.983125 0.002006 0.182923 86.493217 0.000000 0.000000 0.000000 1.000000
0.083161 0.161494 0.983364 1.808396 -0.011948 0.986872 -0.161060 79.102882 -0.996465 0.001645 0.083999 91.791847 0.000000 0.000000 0.000000 1.000000
-0.004106 0.159481 0.987193 1.388728 0.002753 0.987199 -0.159470 76.693153 -0.999988 0.002063 -0.004493 96.411087 0.000000 0.000000 0.000000 1.000000
-0.080576 0.160284 0.983777 0.987925 0.017849 0.987060 -0.159357 75.035866 -0.996589 0.004719 -0.082394 100.119690 0.000000 0.000000 0.000000 1.000000
-0.145973 0.165586 0.975332 0.626806 0.035419 0.986135 -0.162119 74.299301 -0.988654 0.010881 -0.149814 103.292099 0.000000 0.000000 0.000000 1.000000
-0.200105 0.177097 0.963636 0.326063 0.057568 0.983955 -0.168877 74.203163 -0.978082 0.021681 -0.207089 105.823242 0.000000 0.000000 0.000000 1.000000
-0.197502 0.203238 0.959003 0.152045 0.082618 0.978243 -0.190300 74.431091 -0.976815 0.041647 -0.209996 108.056252 0.000000 0.000000 0.000000 1.000000
-0.170947 0.211657 0.962278 -0.076309 0.089326 0.975961 -0.198798 74.649208 -0.981223 0.051973 -0.185744 109.838646 0.000000 0.000000 0.000000 1.000000
-0.132814 0.211482 0.968316 -0.298962 0.092233 0.975369 -0.200372 74.931274 -0.986840 0.062698 -0.149048 111.251038 0.000000 0.000000 0.000000 1.000000
-0.080949 0.198314 0.976790 -0.492147 0.091362 0.977357 -0.190858 75.199097 -0.992522 0.073792 -0.097235 112.678558 0.000000 0.000000 0.000000 1.000000
0.003944 0.182028 0.983285 -0.577709 0.085857 0.979601 -0.181690 75.387810 -0.996300 0.085139 -0.011765 114.147736 0.000000 0.000000 0.000000 1.000000
0.120900 0.151440 0.981045 -0.624933 0.079249 0.983667 -0.161611 75.623489 -0.989496 0.097286 0.106924 114.977539 0.000000 0.000000 0.000000 1.000000
0.280387 0.101011 0.954557 -0.307315 0.078621 0.988690 -0.127717 75.883110 -0.956662 0.110859 0.269274 115.390831 0.000000 0.000000 0.000000 1.000000
0.508537 0.050680 0.859548 0.489024 0.079135 0.991290 -0.105267 76.119568 -0.857396 0.121552 0.500097 115.581223 0.000000 0.000000 0.000000 1.000000
0.726438 -0.004595 0.687216 1.919314 0.085720 0.992774 -0.083974 76.333130 -0.681865 0.119910 0.721583 115.616539 0.000000 0.000000 0.000000 1.000000
0.908159 -0.029419 0.417592 3.657412 0.071353 0.993809 -0.085163 76.489349 -0.412501 0.107138 0.904635 116.370850 0.000000 0.000000 0.000000 1.000000
0.994559 -0.038498 0.096796 5.187437 0.046945 0.995140 -0.086561 76.243050 -0.092993 0.090634 0.991533 118.299767 0.000000 0.000000 0.000000 1.000000
0.985167 -0.042827 -0.166167 5.961582 0.029535 0.996223 -0.081657 75.499893 0.169037 0.075538 0.982711 121.246223 0.000000 0.000000 0.000000 1.000000
0.947484 -0.043642 -0.316813 6.380553 0.020024 0.996797 -0.077425 74.183426 0.319177 0.067015 0.945323 124.341095 0.000000 0.000000 0.000000 1.000000
0.936486 -0.034153 -0.349039 6.147674 -0.002383 0.994604 -0.103715 73.843811 0.350698 0.097960 0.931351 128.143906 0.000000 0.000000 0.000000 1.000000
0.945145 -0.018506 -0.326128 5.128545 -0.038871 0.984928 -0.168540 74.260124 0.324331 0.171972 0.930180 132.662460 0.000000 0.000000 0.000000 1.000000
0.949641 -0.001311 -0.313338 3.850328 -0.069430 0.974253 -0.214499 74.946182 0.305552 0.225452 0.925100 137.289093 0.000000 0.000000 0.000000 1.000000
0.911950 0.013586 -0.410077 2.749573 -0.122264 0.963045 -0.239990 75.356529 0.391662 0.268996 0.879910 141.654953 0.000000 0.000000 0.000000 1.000000
0.834894 0.022069 -0.549968 2.067456 -0.178863 0.955845 -0.233171 75.222298 0.520538 0.293042 0.801977 145.518448 0.000000 0.000000 0.000000 1.000000
0.759012 0.025852 -0.650564 1.455804 -0.208520 0.956232 -0.205282 75.918198 0.616783 0.291467 0.731181 149.459381 0.000000 0.000000 0.000000 1.000000
0.699997 0.023577 -0.713756 0.902126 -0.214348 0.960310 -0.178495 77.045021 0.681219 0.277938 0.677268 153.385849 0.000000 0.000000 0.000000 1.000000
0.664646 0.017764 -0.746947 0.413374 -0.208392 0.964453 -0.162493 78.334366 0.717509 0.263658 0.644721 157.153000 0.000000 0.000000 0.000000 1.000000
0.655295 0.011212 -0.755290 -0.000742 -0.179474 0.973568 -0.141261 79.686752 0.733742 0.228122 0.639987 160.706528 0.000000 0.000000 0.000000 1.000000
0.655196 0.003407 -0.755451 -0.357041 -0.134138 0.984625 -0.111896 80.636330 0.743455 0.174649 0.645579 164.128296 0.000000 0.000000 0.000000 1.000000
0.655248 -0.004711 -0.755399 -0.658671 -0.089662 0.992427 -0.083963 81.242630 0.750074 0.122747 0.649863 167.648529 0.000000 0.000000 0.000000 1.000000
0.660329 -0.012442 -0.750873 -0.903061 -0.042397 0.997650 -0.053815 81.514412 0.749778 0.067370 0.658250 171.438477 0.000000 0.000000 0.000000 1.000000
0.676534 -0.018780 -0.736172 -1.084934 -0.006654 0.999478 -0.031612 81.570732 0.736382 0.026286 0.676056 175.485703 0.000000 0.000000 0.000000 1.000000
0.697641 -0.004502 -0.716433 -1.098477 0.003158 0.999990 -0.003208 81.541931 0.716441 -0.000025 0.697648 179.851700 0.000000 0.000000 0.000000 1.000000
0.718551 0.021339 -0.695147 -1.002941 0.000363 0.999518 0.031057 81.421272 0.695474 -0.022568 0.718197 184.794769 0.000000 0.000000 0.000000 1.000000
0.737516 0.045993 -0.673762 -0.878101 -0.008734 0.998244 0.058583 81.154114 0.675274 -0.037322 0.736622 189.789703 0.000000 0.000000 0.000000 1.000000
0.753397 0.057072 -0.655084 -0.790376 -0.017064 0.997588 0.067287 80.162766 0.657344 -0.039515 0.752554 194.619736 0.000000 0.000000 0.000000 1.000000
0.767675 0.054555 -0.638513 -0.687929 -0.023290 0.998087 0.057277 78.848518 0.640416 -0.029099 0.767477 199.505981 0.000000 0.000000 0.000000 1.000000
0.782049 0.047232 -0.621424 -0.552078 -0.030553 0.998831 0.037467 77.239876 0.622467 -0.010315 0.782578 204.415436 0.000000 0.000000 0.000000 1.000000
0.796217 0.036061 -0.603936 -0.425427 -0.038161 0.999228 0.009353 75.509300 0.603807 0.015600 0.796978 208.764664 0.000000 0.000000 0.000000 1.000000
0.809886 0.021935 -0.586177 -0.340690 -0.045501 0.998639 -0.025497 73.846352 0.584820 0.047321 0.809782 212.746246 0.000000 0.000000 0.000000 1.000000
0.822772 0.005675 -0.568343 -0.265287 -0.052064 0.996499 -0.065422 72.667686 0.565982 0.083418 0.820186 216.363190 0.000000 0.000000 0.000000 1.000000
0.834597 -0.011983 -0.550731 -0.197757 -0.057463 0.992415 -0.108674 71.634781 0.547856 0.122346 0.827578 219.036423 0.000000 0.000000 0.000000 1.000000
0.845094 -0.030395 -0.533754 -0.138644 -0.061450 0.986243 -0.153455 70.716827 0.531075 0.162483 0.831600 221.177948 0.000000 0.000000 0.000000 1.000000
0.854008 -0.049028 -0.517945 -0.082160 -0.063912 0.978123 -0.197968 69.884995 0.516319 0.202169 0.832191 222.914764 0.000000 0.000000 0.000000 1.000000
0.861098 -0.067456 -0.503944 -0.027423 -0.064867 0.968485 -0.240476 69.111916 0.504284 0.239762 0.829586 224.149734 0.000000 0.000000 0.000000 1.000000
0.866131 -0.085358 -0.492475 0.025871 -0.064423 0.958025 -0.279351 68.371582 0.495648 0.273681 0.824276 225.240906 0.000000 0.000000 0.000000 1.000000
0.868864 -0.102489 -0.484326 0.077450 -0.062747 0.947646 -0.313098 67.665344 0.491058 0.302430 0.816944 226.133545 0.000000 0.000000 0.000000 1.000000
0.869029 -0.118641 -0.480325 0.126825 -0.060008 0.938381 -0.340352 67.032303 0.491108 0.324599 0.808362 226.773209 0.000000 0.000000 0.000000 1.000000
0.863851 -0.136983 -0.484764 0.151761 -0.054610 0.931180 -0.360446 66.503494 0.500778 0.337845 0.796920 227.080765 0.000000 0.000000 0.000000 1.000000
0.852148 -0.158640 -0.498675 0.143760 -0.047214 0.925748 -0.375182 66.101395 0.521166 0.343255 0.781384 226.984253 0.000000 0.000000 0.000000 1.000000
0.836148 -0.180174 -0.518067 0.124074 -0.041136 0.921251 -0.386787 65.844757 0.546959 0.344723 0.762891 226.642410 0.000000 0.000000 0.000000 1.000000
0.815940 -0.197753 -0.543264 0.113801 -0.040539 0.917798 -0.394972 65.773659 0.576714 0.344297 0.740851 226.229416 0.000000 0.000000 0.000000 1.000000
0.783799 -0.211551 -0.583871 0.105143 -0.034442 0.923933 -0.381000 65.950401 0.620059 0.318737 0.716892 225.483185 0.000000 0.000000 0.000000 1.000000
0.747602 -0.207300 -0.630966 0.185935 -0.029929 0.938559 -0.343819 66.415710 0.663472 0.275924 0.695465 224.345840 0.000000 0.000000 0.000000 1.000000
0.704976 -0.188603 -0.683694 0.315533 -0.024264 0.957015 -0.289021 67.037155 0.708816 0.220342 0.670097 222.591690 0.000000 0.000000 0.000000 1.000000
0.652988 -0.163580 -0.739492 0.438326 -0.014273 0.973566 -0.227961 67.758018 0.757234 0.159411 0.633392 220.231064 0.000000 0.000000 0.000000 1.000000
0.602395 -0.132307 -0.787157 0.571913 -0.005923 0.985399 -0.170161 68.646858 0.798176 0.107166 0.592815 217.431137 0.000000 0.000000 0.000000 1.000000
0.549557 -0.101159 -0.829309 0.677689 -0.002678 0.992424 -0.122830 69.839462 0.835452 0.069723 0.545123 214.092896 0.000000 0.000000 0.000000 1.000000
0.499775 -0.073653 -0.863018 0.686744 0.001858 0.996467 -0.083966 71.442101 0.866154 0.040360 0.498146 210.517151 0.000000 0.000000 0.000000 1.000000
0.457632 -0.052656 -0.887581 0.650396 0.005216 0.998387 -0.056541 73.304771 0.889126 0.021245 0.457168 207.036301 0.000000 0.000000 0.000000 1.000000
0.431154 -0.036173 -0.901553 0.634767 0.005392 0.999281 -0.037516 74.891319 0.902262 0.011314 0.431039 203.878418 0.000000 0.000000 0.000000 1.000000
0.408146 -0.023221 -0.912621 0.602160 0.005389 0.999720 -0.023028 75.844162 0.912901 0.004481 0.408157 201.313263 0.000000 0.000000 0.000000 1.000000
0.386052 -0.013319 -0.922381 0.555190 0.006281 0.999911 -0.011810 76.478745 0.922456 -0.001234 0.386101 199.210663 0.000000 0.000000 0.000000 1.000000
0.364967 -0.005979 -0.931001 0.497380 0.007649 0.999965 -0.003423 77.224762 0.930989 -0.005872 0.365000 197.383957 0.000000 0.000000 0.000000 1.000000
0.344957 -0.000712 -0.938618 0.432306 0.009151 0.999955 0.002605 77.815498 0.938574 -0.009488 0.344948 196.069336 0.000000 0.000000 0.000000 1.000000
0.326061 0.002971 -0.945344 0.363531 0.010771 0.999918 0.006858 78.164207 0.945287 -0.012418 0.326003 195.221893 0.000000 0.000000 0.000000 1.000000
0.308310 0.005560 -0.951270 0.294649 0.012555 0.999872 0.009914 78.244362 0.951203 -0.015000 0.308201 194.525162 0.000000 0.000000 0.000000 1.000000
0.291725 0.007545 -0.956472 0.229250 0.014205 0.999824 0.012220 78.021118 0.956397 -0.017151 0.291567 193.962631 0.000000 0.000000 0.000000 1.000000
0.276323 0.009415 -0.961019 0.170939 0.015457 0.999779 0.014239 77.766068 0.960941 -0.018789 0.276116 193.668106 0.000000 0.000000 0.000000 1.000000
0.262117 0.011661 -0.964966 0.123315 0.016084 0.999735 0.016450 77.518585 0.964902 -0.019832 0.261860 193.590103 0.000000 0.000000 0.000000 1.000000
0.257532 0.014770 -0.966157 0.091483 0.015715 0.999687 0.019472 77.382263 0.966142 -0.020197 0.257220 193.637268 0.000000 0.000000 0.000000 1.000000
0.259117 0.015471 -0.965722 0.056232 0.015501 0.999676 0.020174 77.384216 0.965722 -0.020197 0.258793 193.738403 0.000000 0.000000 0.000000 1.000000
0.260173 0.015588 -0.965436 0.027849 0.015449 0.999674 0.020304 77.404343 0.965438 -0.020197 0.259847 193.869827 0.000000 0.000000 0.000000 1.000000
0.261056 0.015318 -0.965202 0.007733 0.015500 0.999679 0.020057 77.427490 0.965199 -0.020197 0.260734 194.013184 0.000000 0.000000 0.000000 1.000000
0.261970 0.015039 -0.964959 0.000078 0.015554 0.999683 0.019803 77.438568 0.964951 -0.020197 0.261654 194.150558 0.000000 0.000000 0.000000 1.000000</float_array><technique_common><accessor source="#Hips-Matrix-animation-output-transform-array" count="110" stride="16"><param type="float4x4"/></accessor></technique_common></source><source id="Hips-Interpolations"><Name_array id="Hips-Interpolations-array" count="110">
 LINEAR LINEAR LINEAR LINEAR LINEAR LINEAR LINEAR LINEAR LINEAR LINEAR LINEAR
LINEAR LINEAR LINEAR LINEAR LINEAR LINEAR LINEAR LINEAR LINEAR LINEAR LINEAR LINEAR
LINEAR LINEAR LINEAR LINEAR LINEAR LINEAR LINEAR LINEAR LINEAR LINEAR LINEAR LINEAR
LINEAR LINEAR LINEAR LINEAR LINEAR LINEAR LINEAR LINEAR LINEAR LINEAR LINEAR LINEAR
LINEAR LINEAR LINEAR LINEAR LINEAR LINEAR LINEAR LINEAR LINEAR LINEAR LINEAR LINEAR
LINEAR LINEAR LINEAR LINEAR LINEAR LINEAR LINEAR LINEAR LINEAR LINEAR LINEAR LINEAR
LINEAR LINEAR LINEAR LINEAR LINEAR LINEAR LINEAR LINEAR LINEAR LINEAR LINEAR LINEAR
LINEAR LINEAR LINEAR LINEAR LINEAR LINEAR LINEAR LINEAR LINEAR LINEAR LINEAR LINEAR
LINEAR LINEAR LINEAR LINEAR LINEAR LINEAR LINEAR LINEAR LINEAR LINEAR LINEAR LINEAR
LINEAR LINEAR LINEAR</Name_array><technique_common><accessor source="#Hips-Interpolations-array" count="110"><param type="name"/></accessor></technique_common></source><sampler id="Hips-Matrix-animation-transform"><input semantic="INPUT" source="#Hips-Matrix-animation-input"/><input semantic="OUTPUT" source="#Hips-Matrix-animation-output-transform"/><input semantic="INTERPOLATION" source="#Hips-Interpolations"/></sampler><channel source="#Hips-Matrix-animation-transform" target="Hips/matrix"/></animation>
    <animation id="Spine-anim" name="Spine"><source id="Spine-Matrix-animation-input"><float_array id="Spine-Matrix-animation-input-array" count="110">

0.000000 0.033333 0.066667 0.100000 0.133333 0.166667 0.200000 0.233333 0.266667 0.300000 0.333333 0.366667 0.400000 0.433333 0.466667 0.500000
0.533333 0.566667 0.600000 0.633333 0.666667 0.700000 0.733333 0.766667 0.800000 0.833333 0.866667 0.900000 0.933333 0.966667 1.000000 1.033333
1.066667 1.100000 1.133333 1.166667 1.200000 1.233333 1.266667 1.300000 1.333333 1.366667 1.400000 1.433333 1.466667 1.500000 1.533333 1.566667
1.600000 1.633333 1.666667 1.700000 1.733333 1.766667 1.800000 1.833333 1.866667 1.900000 1.933333 1.966667 2.000000 2.033333 2.066667 2.100000
2.133333 2.166667 2.200000 2.233333 2.266667 2.300000 2.333333 2.366667 2.400000 2.433333 2.466667 2.500000 2.533333 2.566667 2.600000 2.633333
2.666667 2.700000 2.733333 2.766667 2.800000 2.833333 2.866667 2.900000 2.933333 2.966667 3.000000 3.033333 3.066667 3.100000 3.133333 3.166667
3.200000 3.233333 3.266667 3.300000 3.333333 3.366667 3.400000 3.433333 3.466667 3.500000 3.533333 3.566667 3.600000 3.633333</float_array><technique_common><accessor source="#Spine-Matrix-animation-input-array" count="110"><param name="TIME" type="float"/></accessor></technique_common></source><source id="Spine-Matrix-animation-output-transform"><float_array id="Spine-Matrix-animation-output-transform-array" count="1760">

0.999591 0.027694 -0.007187 0.017300 -0.028028 0.998279 -0.051515 10.574800 0.005748 0.051696 0.998646 -1.117200 0.000000 0.000000 0.000000 1.000000
0.999616 0.026903 -0.006572 0.017300 -0.027201 0.998349 -0.050599 10.574800 0.005200 0.050758 0.998697 -1.117200 0.000000 0.000000 0.000000 1.000000
0.999679 0.024903 -0.004705 0.017300 -0.025100 0.998545 -0.047725 10.574800 0.003510 0.047827 0.998849 -1.117200 0.000000 0.000000 0.000000 1.000000
0.999746 0.022325 -0.003129 0.017300 -0.022445 0.998696 -0.045859 10.574800 0.002101 0.045918 0.998943 -1.117200 0.000000 0.000000 0.000000 1.000000
0.999812 0.019161 -0.003110 0.017300 -0.019287 0.998687 -0.047449 10.574800 0.002197 0.047500 0.998869 -1.117200 0.000000 0.000000 0.000000 1.000000
0.999868 0.015509 -0.004869 0.017300 -0.015737 0.998579 -0.050923 10.574800 0.004072 0.050992 0.998691 -1.117200 0.000000 0.000000 0.000000 1.000000
0.999895 0.011437 -0.008900 0.017300 -0.011908 0.998426 -0.054811 10.574800 0.008259 0.054911 0.998457 -1.117200 0.000000 0.000000 0.000000 1.000000
0.999876 0.007199 -0.014005 0.017300 -0.007976 0.998385 -0.056248 10.574800 0.013577 0.056353 0.998319 -1.117200 0.000000 0.000000 0.000000 1.000000
0.999782 0.002864 -0.020703 0.017300 -0.004072 0.998275 -0.058574 10.574800 0.020499 0.058645 0.998068 -1.117200 0.000000 0.000000 0.000000 1.000000
0.999561 -0.001512 -0.029585 0.017300 -0.000220 0.998291 -0.058435 10.574800 0.029623 0.058415 0.997853 -1.117200 0.000000 0.000000 0.000000 1.000000
0.999204 -0.005680 -0.039483 0.017300 0.003433 0.998382 -0.056751 10.574800 0.039741 0.056570 0.997607 -1.117200 0.000000 0.000000 0.000000 1.000000
0.998768 -0.009340 -0.048728 0.017300 0.006721 0.998538 -0.053636 10.574800 0.049158 0.053243 0.997371 -1.117200 0.000000 0.000000 0.000000 1.000000
0.998214 -0.012106 -0.058507 0.017300 0.009166 0.998694 -0.050258 10.574800 0.059039 0.049632 0.997021 -1.117200 0.000000 0.000000 0.000000 1.000000
0.997726 -0.014129 -0.065910 0.017300 0.011060 0.998848 -0.046703 10.574800 0.066494 0.045868 0.996732 -1.117200 0.000000 0.000000 0.000000 1.000000
0.997426 -0.015704 -0.069964 0.017300 0.012789 0.999039 -0.041924 10.574800 0.070555 0.040922 0.996668 -1.117200 0.000000 0.000000 0.000000 1.000000
0.997431 -0.016767 -0.069647 0.017300 0.014218 0.999217 -0.036929 10.574800 0.070212 0.035844 0.996888 -1.117200 0.000000 0.000000 0.000000 1.000000
0.997576 -0.017607 -0.067324 0.017300 0.015456 0.999357 -0.032339 10.574800 0.067851 0.031220 0.997207 -1.117200 0.000000 0.000000 0.000000 1.000000
0.997940 -0.018200 -0.061526 0.017300 0.016467 0.999457 -0.028553 10.574800 0.062012 0.027481 0.997697 -1.117200 0.000000 0.000000 0.000000 1.000000
0.998292 -0.018672 -0.055362 0.017300 0.017208 0.999493 -0.026803 10.574800 0.055834 0.025805 0.998107 -1.117200 0.000000 0.000000 0.000000 1.000000
0.998415 -0.019219 -0.052906 0.017300 0.017910 0.999524 -0.025101 10.574800 0.053363 0.024114 0.998284 -1.117200 0.000000 0.000000 0.000000 1.000000
0.998240 -0.019509 -0.056003 0.017300 0.018213 0.999556 -0.023562 10.574800 0.056438 0.022501 0.998153 -1.117200 0.000000 0.000000 0.000000 1.000000
0.997644 -0.019414 -0.065805 0.017300 0.018167 0.999645 -0.019494 10.574800 0.066160 0.018253 0.997642 -1.117200 0.000000 0.000000 0.000000 1.000000
0.997018 -0.015066 -0.075684 0.017300 0.014192 0.999826 -0.012073 10.574800 0.075852 0.010963 0.997059 -1.117200 0.000000 0.000000 0.000000 1.000000
0.997045 -0.008113 -0.076385 0.017300 0.008059 0.999967 -0.001017 10.574800 0.076390 0.000398 0.997078 -1.117200 0.000000 0.000000 0.000000 1.000000
0.997494 0.000238 -0.070758 0.017300 0.000198 0.999981 0.006146 10.574800 0.070758 -0.006145 0.997475 -1.117200 0.000000 0.000000 0.000000 1.000000
0.998059 0.010566 -0.061367 0.017300 -0.010068 0.999914 0.008422 10.574800 0.061450 -0.007788 0.998080 -1.117200 0.000000 0.000000 0.000000 1.000000
0.998548 0.021132 -0.049549 0.017300 -0.020724 0.999747 0.008727 10.574800 0.049721 -0.007688 0.998734 -1.117200 0.000000 0.000000 0.000000 1.000000
0.998864 0.030414 -0.036680 0.017300 -0.030124 0.999511 0.008438 10.574800 0.036919 -0.007323 0.999291 -1.117200 0.000000 0.000000 0.000000 1.000000
0.999046 0.037413 -0.022518 0.017300 -0.037296 0.999289 0.005569 10.574800 0.022711 -0.004724 0.999731 -1.117200 0.000000 0.000000 0.000000 1.000000
0.999269 0.037728 -0.006165 0.017300 -0.037772 0.999261 -0.007188 10.574800 0.005889 0.007415 0.999955 -1.117200 0.000000 0.000000 0.000000 1.000000
0.999683 0.022849 0.010552 0.017300 -0.022506 0.999249 -0.031534 10.574800 -0.011264 0.031286 0.999447 -1.117200 0.000000 0.000000 0.000000 1.000000
0.999594 -0.003342 0.028300 0.017300 0.004732 0.998778 -0.049202 10.574800 -0.028101 0.049316 0.998388 -1.117200 0.000000 0.000000 0.000000 1.000000
0.998855 -0.022333 0.042316 0.017300 0.025027 0.997621 -0.064235 10.574800 -0.040781 0.065220 0.997037 -1.117200 0.000000 0.000000 0.000000 1.000000
0.997884 -0.034206 0.055291 0.017300 0.038400 0.996318 -0.076651 10.574800 -0.052465 0.078612 0.995524 -1.117200 0.000000 0.000000 0.000000 1.000000
0.996895 -0.040779 0.067363 0.017300 0.046539 0.995184 -0.086277 10.574800 -0.063520 0.089144 0.993991 -1.117200 0.000000 0.000000 0.000000 1.000000
0.995871 -0.045095 0.078793 0.017300 0.052361 0.994313 -0.092732 10.574800 -0.074163 0.096475 0.992569 -1.117200 0.000000 0.000000 0.000000 1.000000
0.994823 -0.047952 0.089599 0.017300 0.056522 0.993805 -0.095695 10.574800 -0.084455 0.100264 0.991370 -1.117200 0.000000 0.000000 0.000000 1.000000
0.993792 -0.050190 0.099289 0.017300 0.059687 0.993675 -0.095118 10.574800 -0.093887 0.100454 0.990502 -1.117200 0.000000 0.000000 0.000000 1.000000
0.993008 -0.051627 0.106161 0.017300 0.061584 0.993782 -0.092758 10.574800 -0.100712 0.098647 0.990013 -1.117200 0.000000 0.000000 0.000000 1.000000
0.992368 -0.051507 0.112038 0.017300 0.061670 0.994101 -0.089219 10.574800 -0.106782 0.095447 0.989691 -1.117200 0.000000 0.000000 0.000000 1.000000
0.992282 -0.042508 0.116486 0.017300 0.052685 0.994924 -0.085732 10.574800 -0.112251 0.091208 0.989485 -1.117200 0.000000 0.000000 0.000000 1.000000
0.992358 -0.028239 0.120115 0.017300 0.038303 0.995869 -0.082323 10.574800 -0.117294 0.086294 0.989341 -1.117200 0.000000 0.000000 0.000000 1.000000
0.992172 -0.017176 0.123693 0.017300 0.027020 0.996560 -0.078349 10.574800 -0.121922 0.081078 0.989223 -1.117200 0.000000 0.000000 0.000000 1.000000
0.991802 -0.008351 0.127514 0.017300 0.017941 0.997079 -0.074243 10.574800 -0.126521 0.075922 0.989054 -1.117200 0.000000 0.000000 0.000000 1.000000
0.991250 -0.003054 0.131960 0.017300 0.012415 0.997458 -0.070168 10.574800 -0.131410 0.071193 0.988768 -1.117200 0.000000 0.000000 0.000000 1.000000
0.990944 0.000436 0.134274 0.017300 0.008581 0.997745 -0.066572 10.574800 -0.134000 0.067122 0.988705 -1.117200 0.000000 0.000000 0.000000 1.000000
0.991149 0.003249 0.132715 0.017300 0.005155 0.998004 -0.062934 10.574800 -0.132655 0.063061 0.989154 -1.117200 0.000000 0.000000 0.000000 1.000000
0.991850 0.005958 0.127271 0.017300 0.001616 0.998237 -0.059327 10.574800 -0.127401 0.059049 0.990092 -1.117200 0.000000 0.000000 0.000000 1.000000
0.992536 0.009677 0.121565 0.017300 -0.002874 0.998426 -0.056014 10.574800 -0.121915 0.055247 0.991002 -1.117200 0.000000 0.000000 0.000000 1.000000
0.994060 0.013676 0.107974 0.017300 -0.007969 0.998557 -0.053108 10.574800 -0.108544 0.051932 0.992734 -1.117200 0.000000 0.000000 0.000000 1.000000
0.995891 0.016724 0.089002 0.017300 -0.012270 0.998656 -0.050362 10.574800 -0.089725 0.049063 0.994757 -1.117200 0.000000 0.000000 0.000000 1.000000
0.997847 0.019105 0.062734 0.017300 -0.016129 0.998736 -0.047611 10.574800 -0.063564 0.046496 0.996894 -1.117200 0.000000 0.000000 0.000000 1.000000
0.999492 0.019280 0.025396 0.017300 -0.018132 0.998837 -0.044678 10.574800 -0.026228 0.044194 0.998679 -1.117200 0.000000 0.000000 0.000000 1.000000
0.999739 0.015515 -0.016748 0.017300 -0.016204 0.998994 -0.041804 10.574800 0.016083 0.042064 0.998985 -1.117200 0.000000 0.000000 0.000000 1.000000
0.998584 -0.006124 -0.052844 0.017300 0.003974 0.999163 -0.040710 10.574800 0.053049 0.040443 0.997773 -1.117200 0.000000 0.000000 0.000000 1.000000
0.995832 -0.021795 -0.088570 0.017300 0.018210 0.998989 -0.041091 10.574800 0.089376 0.039307 0.995222 -1.117200 0.000000 0.000000 0.000000 1.000000
0.992852 -0.026697 -0.116331 0.017300 0.022050 0.998914 -0.041052 10.574800 0.117301 0.038193 0.992362 -1.117200 0.000000 0.000000 0.000000 1.000000
0.991456 -0.028076 -0.127383 0.017300 0.023068 0.998908 -0.040624 10.574800 0.128385 0.037339 0.991021 -1.117200 0.000000 0.000000 0.000000 1.000000
0.991650 -0.027381 -0.126015 0.017300 0.022506 0.998948 -0.039949 10.574800 0.126977 0.036779 0.991224 -1.117200 0.000000 0.000000 0.000000 1.000000
0.992167 -0.026169 -0.122147 0.017300 0.021505 0.998994 -0.039344 10.574800 0.123053 0.036409 0.991732 -1.117200 0.000000 0.000000 0.000000 1.000000
0.992926 -0.023883 -0.116306 0.017300 0.019488 0.999058 -0.038777 10.574800 0.117123 0.036236 0.992456 -1.117200 0.000000 0.000000 0.000000 1.000000
0.993835 -0.020324 -0.108992 0.017300 0.016245 0.999139 -0.038181 10.574800 0.109674 0.036175 0.993309 -1.117200 0.000000 0.000000 0.000000 1.000000
0.994801 -0.014990 -0.100729 0.017300 0.011251 0.999230 -0.037576 10.574800 0.101215 0.036247 0.994204 -1.117200 0.000000 0.000000 0.000000 1.000000
0.995730 -0.008646 -0.091912 0.017300 0.005259 0.999300 -0.037033 10.574800 0.092168 0.036392 0.995078 -1.117200 0.000000 0.000000 0.000000 1.000000
0.996563 -0.003958 -0.082738 0.017300 0.000904 0.999318 -0.036914 10.574800 0.082828 0.036712 0.995887 -1.117200 0.000000 0.000000 0.000000 1.000000
0.997272 0.000312 -0.073814 0.017300 -0.003056 0.999308 -0.037075 10.574800 0.073752 0.037199 0.996583 -1.117200 0.000000 0.000000 0.000000 1.000000
0.997848 0.002902 -0.065509 0.017300 -0.005375 0.999278 -0.037605 10.574800 0.065353 0.037876 0.997143 -1.117200 0.000000 0.000000 0.000000 1.000000
0.998341 0.002988 -0.057503 0.017300 -0.005257 0.999211 -0.039362 10.574800 0.057340 0.039599 0.997569 -1.117200 0.000000 0.000000 0.000000 1.000000
0.998875 0.002908 -0.047341 0.017300 -0.005000 0.999013 -0.044141 10.574800 0.047166 0.044328 0.997903 -1.117200 0.000000 0.000000 0.000000 1.000000
0.999350 0.004837 -0.035734 0.017300 -0.006603 0.998753 -0.049477 10.574800 0.035450 0.049681 0.998136 -1.117200 0.000000 0.000000 0.000000 1.000000
0.999643 0.007663 -0.025603 0.017300 -0.008945 0.998691 -0.050357 10.574800 0.025184 0.050568 0.998403 -1.117200 0.000000 0.000000 0.000000 1.000000
0.999787 0.011308 -0.017264 0.017300 -0.012156 0.998687 -0.049774 10.574800 0.016678 0.049973 0.998611 -1.117200 0.000000 0.000000 0.000000 1.000000
0.999870 0.015035 -0.005780 0.017300 -0.015303 0.998657 -0.049501 10.574800 0.005028 0.049583 0.998757 -1.117200 0.000000 0.000000 0.000000 1.000000
0.999792 0.019875 0.004491 0.017300 -0.019631 0.998599 -0.049142 10.574800 -0.005461 0.049044 0.998782 -1.117200 0.000000 0.000000 0.000000 1.000000
0.999511 0.025337 0.018331 0.017300 -0.024422 0.998523 -0.048541 10.574800 -0.019533 0.048070 0.998653 -1.117200 0.000000 0.000000 0.000000 1.000000
0.998936 0.030246 0.034821 0.017300 -0.028559 0.998441 -0.047960 10.574800 -0.036217 0.046915 0.998242 -1.117200 0.000000 0.000000 0.000000 1.000000
0.998069 0.033077 0.052576 0.017300 -0.030578 0.998396 -0.047647 10.574800 -0.054068 0.045947 0.997480 -1.117200 0.000000 0.000000 0.000000 1.000000
0.997835 0.031641 0.057659 0.017300 -0.028922 0.998457 -0.047398 10.574800 -0.059070 0.045627 0.997211 -1.117200 0.000000 0.000000 0.000000 1.000000
0.997875 0.028650 0.058528 0.017300 -0.026149 0.998730 -0.043067 10.574800 -0.059687 0.041445 0.997356 -1.117200 0.000000 0.000000 0.000000 1.000000
0.998024 0.024975 0.057660 0.017300 -0.023263 0.999274 -0.030163 10.574800 -0.058372 0.028762 0.997881 -1.117200 0.000000 0.000000 0.000000 1.000000
0.998212 0.021287 0.055857 0.017300 -0.020075 0.999553 -0.022168 10.574800 -0.056304 0.021007 0.998193 -1.117200 0.000000 0.000000 0.000000 1.000000
0.998374 0.018567 0.053895 0.017300 -0.017621 0.999683 -0.017976 10.574800 -0.054211 0.016997 0.998385 -1.117200 0.000000 0.000000 0.000000 1.000000
0.998463 0.018268 0.052328 0.017300 -0.017466 0.999724 -0.015740 10.574800 -0.052601 0.014802 0.998506 -1.117200 0.000000 0.000000 0.000000 1.000000
0.998543 0.018854 0.050566 0.017300 -0.018118 0.999724 -0.014979 10.574800 -0.050834 0.014041 0.998608 -1.117200 0.000000 0.000000 0.000000 1.000000
0.998618 0.020269 0.048482 0.017300 -0.019545 0.999691 -0.015375 10.574800 -0.048778 0.014406 0.998706 -1.117200 0.000000 0.000000 0.000000 1.000000
0.998677 0.022796 0.046083 0.017300 -0.022058 0.999621 -0.016456 10.574800 -0.046441 0.015417 0.998802 -1.117200 0.000000 0.000000 0.000000 1.000000
0.998643 0.029210 0.043122 0.017300 -0.028462 0.999435 -0.017860 10.574800 -0.043619 0.016608 0.998910 -1.117200 0.000000 0.000000 0.000000 1.000000
0.998707 0.032492 0.039093 0.017300 -0.031755 0.999309 -0.019316 10.574800 -0.039693 0.018050 0.999049 -1.117200 0.000000 0.000000 0.000000 1.000000
0.998823 0.033260 0.035302 0.017300 -0.032527 0.999247 -0.021137 10.574800 -0.035979 0.019964 0.999153 -1.117200 0.000000 0.000000 0.000000 1.000000
0.998972 0.033566 0.030466 0.017300 -0.032866 0.999190 -0.023205 10.574800 -0.031220 0.022179 0.999266 -1.117200 0.000000 0.000000 0.000000 1.000000
0.999109 0.033859 0.025206 0.017300 -0.033207 0.999115 -0.025820 10.574800 -0.026058 0.024960 0.999349 -1.117200 0.000000 0.000000 0.000000 1.000000
0.999199 0.034298 0.020630 0.017300 -0.033686 0.999003 -0.029298 10.574800 -0.021614 0.028580 0.999358 -1.117200 0.000000 0.000000 0.000000 1.000000
0.999261 0.034954 0.015972 0.017300 -0.034383 0.998806 -0.034715 10.574800 -0.017167 0.034141 0.999270 -1.117200 0.000000 0.000000 0.000000 1.000000
0.999299 0.035671 0.011331 0.017300 -0.035178 0.998537 -0.041059 10.574800 -0.012779 0.040632 0.999092 -1.117200 0.000000 0.000000 0.000000 1.000000
0.999320 0.036231 0.006826 0.017300 -0.035889 0.998347 -0.044891 10.574800 -0.008442 0.044616 0.998969 -1.117200 0.000000 0.000000 0.000000 1.000000
0.999333 0.036425 0.002589 0.017300 -0.036263 0.998234 -0.047059 10.574800 -0.004298 0.046933 0.998889 -1.117200 0.000000 0.000000 0.000000 1.000000
0.999348 0.036071 -0.001328 0.017300 -0.036093 0.998183 -0.048249 10.574800 -0.000415 0.048265 0.998834 -1.117200 0.000000 0.000000 0.000000 1.000000
0.999366 0.035259 -0.004880 0.017300 -0.035456 0.998177 -0.048852 10.574800 0.003149 0.048994 0.998794 -1.117200 0.000000 0.000000 0.000000 1.000000
0.999390 0.034109 -0.007452 0.017300 -0.034436 0.998191 -0.049274 10.574800 0.005758 0.049501 0.998757 -1.117200 0.000000 0.000000 0.000000 1.000000
0.999432 0.032795 -0.007753 0.017300 -0.033142 0.998202 -0.049939 10.574800 0.006101 0.050167 0.998722 -1.117200 0.000000 0.000000 0.000000 1.000000
0.999492 0.030941 -0.007687 0.017300 -0.031292 0.998222 -0.050733 10.574800 0.006104 0.050947 0.998683 -1.117200 0.000000 0.000000 0.000000 1.000000
0.999574 0.028252 -0.007342 0.017300 -0.028592 0.998271 -0.051359 10.574800 0.005878 0.051547 0.998653 -1.117200 0.000000 0.000000 0.000000 1.000000
0.999610 0.026976 -0.007155 0.017300 -0.027312 0.998283 -0.051822 10.574800 0.005745 0.051997 0.998631 -1.117200 0.000000 0.000000 0.000000 1.000000
0.999611 0.026951 -0.007161 0.017300 -0.027288 0.998267 -0.052140 10.574800 0.005743 0.052316 0.998614 -1.117200 0.000000 0.000000 0.000000 1.000000
0.999611 0.026965 -0.007169 0.017300 -0.027304 0.998255 -0.052349 10.574800 0.005745 0.052525 0.998603 -1.117200 0.000000 0.000000 0.000000 1.000000
0.999609 0.027027 -0.007182 0.017300 -0.027367 0.998249 -0.052436 10.574800 0.005752 0.052612 0.998598 -1.117200 0.000000 0.000000 0.000000 1.000000
0.999604 0.027194 -0.007207 0.017300 -0.027535 0.998250 -0.052337 10.574800 0.005771 0.052515 0.998603 -1.117200 0.000000 0.000000 0.000000 1.000000
0.999599 0.027393 -0.007229 0.017300 -0.027733 0.998258 -0.052075 10.574800 0.005790 0.052255 0.998617 -1.117200 0.000000 0.000000 0.000000 1.000000
0.999593 0.027585 -0.007251 0.017300 -0.027924 0.998269 -0.051771 10.574800 0.005810 0.051952 0.998633 -1.117200 0.000000 0.000000 0.000000 1.000000
0.999591 0.027673 -0.007257 0.017300 -0.028010 0.998279 -0.051515 10.574800 0.005819 0.051697 0.998646 -1.117200 0.000000 0.000000 0.000000 1.000000</float_array><technique_common><accessor source="#Spine-Matrix-animation-output-transform-array" count="110" stride="16"><param type="float4x4"/></accessor></technique_common></source><source id="Spine-Interpolations"><Name_array id="Spine-Interpolations-array" count="110">
 LINEAR LINEAR LINEAR LINEAR LINEAR LINEAR LINEAR LINEAR LINEAR LINEAR LINEAR
LINEAR LINEAR LINEAR LINEAR LINEAR LINEAR LINEAR LINEAR LINEAR LINEAR LINEAR LINEAR
LINEAR LINEAR LINEAR LINEAR LINEAR LINEAR LINEAR LINEAR LINEAR LINEAR LINEAR LINEAR
LINEAR LINEAR LINEAR LINEAR LINEAR LINEAR LINEAR LINEAR LINEAR LINEAR LINEAR LINEAR
LINEAR LINEAR LINEAR LINEAR LINEAR LINEAR LINEAR LINEAR LINEAR LINEAR LINEAR LINEAR
LINEAR LINEAR LINEAR LINEAR LINEAR LINEAR LINEAR LINEAR LINEAR LINEAR LINEAR LINEAR
LINEAR LINEAR LINEAR LINEAR LINEAR LINEAR LINEAR LINEAR LINEAR LINEAR LINEAR LINEAR
LINEAR LINEAR LINEAR LINEAR LINEAR LINEAR LINEAR LINEAR LINEAR LINEAR LINEAR LINEAR
LINEAR LINEAR LINEAR LINEAR LINEAR LINEAR LINEAR LINEAR LINEAR LINEAR LINEAR LINEAR
LINEAR LINEAR LINEAR</Name_array><technique_common><accessor source="#Spine-Interpolations-array" count="110"><param type="name"/></accessor></technique_common></source><sampler id="Spine-Matrix-animation-transform"><input semantic="INPUT" source="#Spine-Matrix-animation-input"/><input semantic="OUTPUT" source="#Spine-Matrix-animation-output-transform"/><input semantic="INTERPOLATION" source="#Spine-Interpolations"/></sampler><channel source="#Spine-Matrix-animation-transform" target="Spine/matrix"/></animation>
    <animation id="Spine1-anim" name="Spine1"><source id="Spine1-Matrix-animation-input"><float_array id="Spine1-Matrix-animation-input-array" count="110">

0.000000 0.033333 0.066667 0.100000 0.133333 0.166667 0.200000 0.233333 0.266667 0.300000 0.333333 0.366667 0.400000 0.433333 0.466667 0.500000
0.533333 0.566667 0.600000 0.633333 0.666667 0.700000 0.733333 0.766667 0.800000 0.833333 0.866667 0.900000 0.933333 0.966667 1.000000 1.033333
1.066667 1.100000 1.133333 1.166667 1.200000 1.233333 1.266667 1.300000 1.333333 1.366667 1.400000 1.433333 1.466667 1.500000 1.533333 1.566667
