<?xml version="1.0" encoding="utf-8"?>
<COLLADA xmlns="http://www.collada.org/2005/11/COLLADASchema" version="1.4.1">
  <asset><contributor><author>Mixamo</author><authoring_tool>COLLADA Mixamo exporter</authoring_tool><comments></comments></contributor><created>2018-12-23T20:45:20Z</created><modified>2018-12-23T20:45:20Z</modified><revision></revision><title></title><unit meter="0.010000"/><up_axis>Y_UP</up_axis></asset>
  <library_animations>
    <animation id="Hips-anim" name="Hips"><source id="Hips-Matrix-animation-input"><float_array id="Hips-Matrix-animation-input-array" count="29">

0.000000 0.033333 0.066667 0.100000 0.133333 0.166667 0.200000 0.233333 0.266667 0.300000 0.333333 0.366667 0.400000 0.433333 0.466667 0.500000
0.533333 0.566667 0.600000 0.633333 0.666667 0.700000 0.733333 0.766667 0.800000 0.833333 0.866667 0.900000 0.933333</float_array><technique_common><accessor source="#Hips-Matrix-animation-input-array" count="29"><param name="TIME" type="float"/></accessor></technique_common></source><source id="Hips-Matrix-animation-output-transform"><float_array id="Hips-Matrix-animation-output-transform-array" count="464">

0.984691 -0.071240 -0.159084 0.300630 0.128057 0.914848 0.382956 142.688339 0.118256 -0.397465 0.909965 -15.030646 0.000000 0.000000 0.000000 1.000000
0.979164 -0.084215 -0.184783 0.061253 0.145640 0.925355 0.350010 148.019638 0.141514 -0.369630 0.918340 -16.651690 0.000000 0.000000 0.000000 1.000000
0.968908 -0.094182 -0.228795 -0.287722 0.165321 0.934430 0.315453 153.380386 0.184082 -0.343469 0.920947 -18.533613 0.000000 0.000000 0.000000 1.000000
0.946610 -0.112671 -0.302051 -0.708941 0.201747 0.937833 0.282433 159.003372 0.251452 -0.328291 0.910493 -20.354321 0.000000 0.000000 0.000000 1.000000
0.905428 -0.117972 -0.407777 -1.603847 0.237358 0.937104 0.255922 164.921402 0.351938 -0.328509 0.876483 -21.454433 0.000000 0.000000 0.000000 1.000000
0.828089 -0.114810 -0.548714 -2.049872 0.278073 0.934024 0.224222 170.233780 0.486769 -0.338258 0.805380 -21.718674 0.000000 0.000000 0.000000 1.000000
0.731341 -0.103387 -0.674131 -1.710445 0.298490 0.937270 0.180079 174.968277 0.613225 -0.332920 0.716324 -22.030828 0.000000 0.000000 0.000000 1.000000
0.613550 -0.079381 -0.785655 -1.168133 0.308600 0.939915 0.146031 179.217102 0.726857 -0.332051 0.601182 -22.623695 0.000000 0.000000 0.000000 1.000000
0.473644 -0.059507 -0.878704 -1.094730 0.315589 0.942928 0.106254 183.104233 0.822232 -0.327636 0.465392 -23.948362 0.000000 0.000000 0.000000 1.000000
0.314858 -0.056999 -0.947426 -1.563884 0.321893 0.945450 0.050095 186.538910 0.892888 -0.320743 0.316030 -26.337198 0.000000 0.000000 0.000000 1.000000
0.145197 -0.065595 -0.987226 -2.455595 0.328289 0.944467 -0.014470 189.372849 0.933351 -0.321994 0.158668 -30.207729 0.000000 0.000000 0.000000 1.000000
-0.037965 -0.063749 -0.997244 -3.407022 0.323207 0.943538 -0.072621 191.819122 0.945566 -0.325073 -0.015217 -35.519566 0.000000 0.000000 0.000000 1.000000
-0.219393 -0.045320 -0.974583 -4.156796 0.312564 0.943005 -0.114215 194.027496 0.924213 -0.329678 -0.192723 -42.367977 0.000000 0.000000 0.000000 1.000000
-0.357107 -0.028622 -0.933625 -4.173378 0.298612 0.943578 -0.143145 195.359467 0.885045 -0.329910 -0.328412 -49.556274 0.000000 0.000000 0.000000 1.000000
-0.438374 -0.038604 -0.897963 -2.933937 0.276210 0.944944 -0.175466 195.253723 0.855299 -0.324946 -0.403576 -56.325405 0.000000 0.000000 0.000000 1.000000
-0.505872 -0.050424 -0.861133 -1.778988 0.246570 0.948185 -0.200369 194.575378 0.826617 -0.313691 -0.467228 -63.687595 0.000000 0.000000 0.000000 1.000000
-0.560792 -0.055932 -0.826065 -0.277710 0.217232 0.952823 -0.211987 193.339127 0.798951 -0.298328 -0.522185 -71.059265 0.000000 0.000000 0.000000 1.000000
-0.615975 -0.054873 -0.785852 1.112882 0.181786 0.960746 -0.209574 191.211197 0.766504 -0.271949 -0.581821 -78.295418 0.000000 0.000000 0.000000 1.000000
-0.678056 -0.061402 -0.732441 2.153368 0.143949 0.966113 -0.214252 188.163773 0.720777 -0.250709 -0.646240 -85.401657 0.000000 0.000000 0.000000 1.000000
-0.738497 -0.054803 -0.672025 2.634559 0.121077 0.969711 -0.212132 184.214172 0.663296 -0.238026 -0.709494 -92.157394 0.000000 0.000000 0.000000 1.000000
-0.804720 -0.039734 -0.592323 3.033633 0.098807 0.974876 -0.199634 179.076660 0.585374 -0.219176 -0.780576 -99.069466 0.000000 0.000000 0.000000 1.000000
-0.868713 -0.022994 -0.494781 2.607027 0.069758 0.983286 -0.168174 172.035263 0.490379 -0.180610 -0.852589 -106.513542 0.000000 0.000000 0.000000 1.000000
-0.931334 -0.005377 -0.364126 1.606190 0.041257 0.991896 -0.120171 163.729065 0.361821 -0.126942 -0.923564 -114.747765 0.000000 0.000000 0.000000 1.000000
-0.979154 0.022389 -0.201882 0.586863 0.034978 0.997645 -0.059008 154.441574 0.200086 -0.064839 -0.977631 -123.814941 0.000000 0.000000 0.000000 1.000000
-0.998156 0.060087 -0.008582 -0.300300 0.060207 0.998081 -0.014482 144.214127 0.007695 -0.014972 -0.999858 -133.547684 0.000000 0.000000 0.000000 1.000000
-0.975373 0.088532 0.202012 -0.895031 0.095379 0.995142 0.024398 132.928986 -0.198870 0.043065 -0.979079 -143.862473 0.000000 0.000000 0.000000 1.000000
-0.911273 0.082720 0.403409 -1.196852 0.118040 0.990980 0.063443 120.854225 -0.394522 0.105433 -0.912818 -154.366745 0.000000 0.000000 0.000000 1.000000
-0.799807 0.089331 0.593573 -1.259659 0.164323 0.983674 0.073375 107.769089 -0.577327 0.156224 -0.801428 -164.573593 0.000000 0.000000 0.000000 1.000000
-0.661150 0.105362 0.742818 -1.224912 0.203741 0.978097 0.042607 94.230629 -0.722059 0.179512 -0.668136 -174.282166 0.000000 0.000000 0.000000 1.000000</float_array><technique_common><accessor source="#Hips-Matrix-animation-output-transform-array" count="29" stride="16"><param type="float4x4"/></accessor></technique_common></source><source id="Hips-Interpolations"><Name_array id="Hips-Interpolations-array" count="29">
 LINEAR LINEAR LINEAR LINEAR LINEAR LINEAR LINEAR LINEAR LINEAR LINEAR LINEAR
LINEAR LINEAR LINEAR LINEAR LINEAR LINEAR LINEAR LINEAR LINEAR LINEAR LINEAR LINEAR
LINEAR LINEAR LINEAR LINEAR LINEAR LINEAR</Name_array><technique_common><accessor source="#Hips-Interpolations-array" count="29"><param type="name"/></accessor></technique_common></source><sampler id="Hips-Matrix-animation-transform"><input semantic="INPUT" source="#Hips-Matrix-animation-input"/><input semantic="OUTPUT" source="#Hips-Matrix-animation-output-transform"/><input semantic="INTERPOLATION" source="#Hips-Interpolations"/></sampler><channel source="#Hips-Matrix-animation-transform" target="Hips/matrix"/></animation>
    <animation id="Spine-anim" name="Spine"><source id="Spine-Matrix-animation-input"><float_array id="Spine-Matrix-animation-input-array" count="29">

0.000000 0.033333 0.066667 0.100000 0.133333 0.166667 0.200000 0.233333 0.266667 0.300000 0.333333 0.366667 0.400000 0.433333 0.466667 0.500000
0.533333 0.566667 0.600000 0.633333 0.666667 0.700000 0.733333 0.766667 0.800000 0.833333 0.866667 0.900000 0.933333</float_array><technique_common><accessor source="#Spine-Matrix-animation-input-array" count="29"><param name="TIME" type="float"/></accessor></technique_common></source><source id="Spine-Matrix-animation-output-transform"><float_array id="Spine-Matrix-animation-output-transform-array" count="464">

0.999849 0.008699 -0.015065 0.017300 -0.011094 0.985887 -0.167041 10.574800 0.013399 0.167183 0.985835 -1.117200 0.000000 0.000000 0.000000 1.000000
0.999877 0.004800 -0.014936 0.017300 -0.007118 0.987210 -0.159264 10.574800 0.013981 0.159351 0.987123 -1.117200 0.000000 0.000000 0.000000 1.000000
0.999919 -0.001157 -0.012652 0.017300 -0.000817 0.987929 -0.154908 10.574800 0.012679 0.154906 0.987848 -1.117200 0.000000 0.000000 0.000000 1.000000
0.999937 -0.001518 -0.011102 0.017300 -0.000224 0.987870 -0.155286 10.574800 0.011204 0.155279 0.987807 -1.117200 0.000000 0.000000 0.000000 1.000000
0.999981 -0.000015 -0.006237 0.017300 -0.000970 0.987447 -0.157948 10.574800 0.006161 0.157951 0.987428 -1.117200 0.000000 0.000000 0.000000 1.000000
0.999963 0.008455 -0.001261 0.017300 -0.008548 0.987820 -0.155367 10.574800 -0.000068 0.155372 0.987856 -1.117200 0.000000 0.000000 0.000000 1.000000
0.999966 0.007633 -0.003122 0.017300 -0.008001 0.989694 -0.142977 10.574800 0.001998 0.142997 0.989721 -1.117200 0.000000 0.000000 0.000000 1.000000
0.999975 0.001872 -0.006774 0.017300 -0.002765 0.990943 -0.134252 10.574800 0.006462 0.134267 0.990924 -1.117200 0.000000 0.000000 0.000000 1.000000
0.999955 -0.002910 -0.009002 0.017300 0.001790 0.992526 -0.122023 10.574800 0.009290 0.122001 0.992486 -1.117200 0.000000 0.000000 0.000000 1.000000
0.999926 -0.006513 -0.010292 0.017300 0.005362 0.994120 -0.108148 10.574800 0.010936 0.108085 0.994082 -1.117200 0.000000 0.000000 0.000000 1.000000
0.999917 -0.007491 -0.010472 0.017300 0.006448 0.995330 -0.096317 10.574800 0.011144 0.096241 0.995296 -1.117200 0.000000 0.000000 0.000000 1.000000
0.999924 -0.005942 -0.010763 0.017300 0.004937 0.995831 -0.091085 10.574800 0.011260 0.091025 0.995785 -1.117200 0.000000 0.000000 0.000000 1.000000
0.999922 -0.003462 -0.011986 0.017300 0.002377 0.996001 -0.089313 10.574800 0.012247 0.089278 0.995931 -1.117200 0.000000 0.000000 0.000000 1.000000
0.999858 -0.005516 -0.015906 0.017300 0.004055 0.995891 -0.090464 10.574800 0.016339 0.090387 0.995773 -1.117200 0.000000 0.000000 0.000000 1.000000
0.999718 -0.010086 -0.021511 0.017300 0.008087 0.995810 -0.091084 10.574800 0.022340 0.090884 0.995611 -1.117200 0.000000 0.000000 0.000000 1.000000
0.999661 -0.013307 -0.022399 0.017300 0.011087 0.995275 -0.096462 10.574800 0.023577 0.096181 0.995085 -1.117200 0.000000 0.000000 0.000000 1.000000
0.999601 -0.015607 -0.023540 0.017300 0.012892 0.993696 -0.111364 10.574800 0.025130 0.111016 0.993501 -1.117200 0.000000 0.000000 0.000000 1.000000
0.999390 -0.021093 -0.027838 0.017300 0.017282 0.991278 -0.130651 10.574800 0.030351 0.130090 0.991037 -1.117200 0.000000 0.000000 0.000000 1.000000
0.999107 -0.028881 -0.030849 0.017300 0.024120 0.989155 -0.144880 10.574800 0.034698 0.144006 0.988968 -1.117200 0.000000 0.000000 0.000000 1.000000
0.998881 -0.034138 -0.032737 0.017300 0.028473 0.986684 -0.160140 10.574800 0.037768 0.159028 0.986551 -1.117200 0.000000 0.000000 0.000000 1.000000
0.998658 -0.036150 -0.037081 0.017300 0.029113 0.984082 -0.175313 10.574800 0.042828 0.173998 0.983814 -1.117200 0.000000 0.000000 0.000000 1.000000
0.998304 -0.041402 -0.040921 0.017300 0.032668 0.980288 -0.194856 10.574800 0.048182 0.193189 0.979978 -1.117200 0.000000 0.000000 0.000000 1.000000
0.998435 -0.038999 -0.040075 0.017300 0.029577 0.976517 -0.213402 10.574800 0.047457 0.211883 0.976142 -1.117200 0.000000 0.000000 0.000000 1.000000
0.998934 -0.028673 -0.036185 0.017300 0.019650 0.973283 -0.228768 10.574800 0.041778 0.227813 0.972808 -1.117200 0.000000 0.000000 0.000000 1.000000
0.999425 -0.005833 -0.033389 0.017300 -0.002230 0.971628 -0.236502 10.574800 0.033822 0.236441 0.971057 -1.117200 0.000000 0.000000 0.000000 1.000000
0.999369 0.018996 -0.030005 0.017300 -0.025622 0.970724 -0.238827 10.574800 0.024590 0.239445 0.970598 -1.117200 0.000000 0.000000 0.000000 1.000000
0.999150 0.034507 -0.022568 0.017300 -0.038993 0.968696 -0.245167 10.574800 0.013402 0.245839 0.969218 -1.117200 0.000000 0.000000 0.000000 1.000000
0.998249 0.057553 -0.013644 0.017300 -0.059126 0.964654 -0.256799 10.574800 -0.001618 0.257157 0.966368 -1.117200 0.000000 0.000000 0.000000 1.000000
0.997643 0.067866 -0.010108 0.017300 -0.068197 0.964526 -0.255026 10.574800 -0.007558 0.255114 0.966881 -1.117200 0.000000 0.000000 0.000000 1.000000</float_array><technique_common><accessor source="#Spine-Matrix-animation-output-transform-array" count="29" stride="16"><param type="float4x4"/></accessor></technique_common></source><source id="Spine-Interpolations"><Name_array id="Spine-Interpolations-array" count="29">
 LINEAR LINEAR LINEAR LINEAR LINEAR LINEAR LINEAR LINEAR LINEAR LINEAR LINEAR
LINEAR LINEAR LINEAR LINEAR LINEAR LINEAR LINEAR LINEAR LINEAR LINEAR LINEAR LINEAR
LINEAR LINEAR LINEAR LINEAR LINEAR LINEAR</Name_array><technique_common><accessor source="#Spine-Interpolations-array" count="29"><param type="name"/></accessor></technique_common></source><sampler id="Spine-Matrix-animation-transform"><input semantic="INPUT" source="#Spine-Matrix-animation-input"/><input semantic="OUTPUT" source="#Spine-Matrix-animation-output-transform"/><input semantic="INTERPOLATION" source="#Spine-Interpolations"/></sampler><channel source="#Spine-Matrix-animation-transform" target="Spine/matrix"/></animation>
    <animation id="Spine1-anim" name="Spine1"><source id="Spine1-Matrix-animation-input"><float_array id="Spine1-Matrix-animation-input-array" count="29">

0.000000 0.033333 0.066667 0.100000 0.133333 0.166667 0.200000 0.233333 0.266667 0.300000 0.333333 0.366667 0.400000 0.433333 0.466667 0.500000
0.533333 0.566667 0.600000 0.633333 0.666667 0.700000 0.733333 0.766667 0.800000 0.833333 0.866667 0.900000 0.933333</float_array><technique_common><accessor source="#Spine1-Matrix-animation-input-array" count="29"><param name="TIME" type="float"/></accessor></technique_common></source><source id="Spine1-Matrix-animation-output-transform"><float_array id="Spine1-Matrix-animation-output-transform-array" count="464">

0.999390 0.012992 -0.032423 0.019000 -0.022952 0.943973 -0.329223 12.337300 0.026329 0.329766 0.943696 -1.303400 0.000000 0.000000 0.000000 1.000000
0.999463 0.005310 -0.032328 0.019000 -0.015211 0.949182 -0.314360 12.337300 0.029016 0.314683 0.948753 -1.303400 0.000000 0.000000 0.000000 1.000000
0.999566 -0.005098 -0.029025 0.019000 -0.004032 0.952009 -0.306044 12.337300 0.029193 0.306028 0.951575 -1.303400 0.000000 0.000000 0.000000 1.000000
0.999457 -0.001701 -0.032914 0.019000 -0.008478 0.951788 -0.306640 12.337300 0.031849 0.306753 0.951256 -1.303400 0.000000 0.000000 0.000000 1.000000
0.999634 0.004782 -0.026626 0.019000 -0.012848 0.950084 -0.311729 12.337300 0.023806 0.311957 0.949798 -1.303400 0.000000 0.000000 0.000000 1.000000
0.999634 0.022557 -0.014943 0.019000 -0.026055 0.951417 -0.306801 12.337300 0.007297 0.307078 0.951656 -1.303400 0.000000 0.000000 0.000000 1.000000
0.999770 0.016927 -0.013154 0.019000 -0.019958 0.958935 -0.282923 12.337300 0.007825 0.283121 0.959052 -1.303400 0.000000 0.000000 0.000000 1.000000
0.999890 -0.000901 -0.014814 0.019000 -0.003074 0.963942 -0.266096 12.337300 0.014520 0.266112 0.963833 -1.303400 0.000000 0.000000 0.000000 1.000000
0.999729 -0.017515 -0.015319 0.019000 0.013281 0.970085 -0.242401 12.337300 0.019107 0.242132 0.970055 -1.303400 0.000000 0.000000 0.000000 1.000000
0.999377 -0.031829 -0.015237 0.019000 0.027805 0.976138 -0.215364 12.337300 0.021728 0.214806 0.976415 -1.303400 0.000000 0.000000 0.000000 1.000000
0.999185 -0.037962 -0.013748 0.019000 0.034618 0.980757 -0.192140 12.337300 0.020777 0.191508 0.981271 -1.303400 0.000000 0.000000 0.000000 1.000000
0.999361 -0.033506 -0.012433 0.019000 0.030692 0.982861 -0.181774 12.337300 0.018311 0.181276 0.983262 -1.303400 0.000000 0.000000 0.000000 1.000000
0.999647 -0.023836 -0.011762 0.019000 0.021361 0.983763 -0.178196 12.337300 0.015818 0.177881 0.983925 -1.303400 0.000000 0.000000 0.000000 1.000000
0.999641 -0.021562 -0.015889 0.019000 0.018344 0.983416 -0.180434 12.337300 0.019516 0.180078 0.983459 -1.303400 0.000000 0.000000 0.000000 1.000000
0.999386 -0.025610 -0.023921 0.019000 0.020845 0.983141 -0.181660 12.337300 0.028170 0.181049 0.983070 -1.303400 0.000000 0.000000 0.000000 1.000000
0.999260 -0.029883 -0.024205 0.019000 0.024681 0.981034 -0.192260 12.337300 0.029492 0.191520 0.981046 -1.303400 0.000000 0.000000 0.000000 1.000000
0.999064 -0.034269 -0.026377 0.019000 0.027584 0.974745 -0.221610 12.337300 0.033305 0.220675 0.974779 -1.303400 0.000000 0.000000 0.000000 1.000000
0.998333 -0.045856 -0.035047 0.019000 0.035221 0.965107 -0.259477 12.337300 0.045723 0.257810 0.965113 -1.303400 0.000000 0.000000 0.000000 1.000000
0.997252 -0.061245 -0.041694 0.019000 0.046744 0.956703 -0.287286 12.337300 0.057484 0.284548 0.956937 -1.303400 0.000000 0.000000 0.000000 1.000000
0.996383 -0.071039 -0.046630 0.019000 0.052692 0.947020 -0.316822 12.337300 0.066667 0.313219 0.947338 -1.303400 0.000000 0.000000 0.000000 1.000000
0.995546 -0.074637 -0.057602 0.019000 0.050227 0.936919 -0.345920 12.337300 0.079787 0.341486 0.936494 -1.303400 0.000000 0.000000 0.000000 1.000000
0.994115 -0.085654 -0.066330 0.019000 0.053891 0.922133 -0.383102 12.337300 0.093979 0.377273 0.921321 -1.303400 0.000000 0.000000 0.000000 1.000000
0.994453 -0.081803 -0.066125 0.019000 0.046863 0.907366 -0.417721 12.337300 0.094170 0.412305 0.906166 -1.303400 0.000000 0.000000 0.000000 1.000000
0.996194 -0.061976 -0.061290 0.019000 0.028232 0.894678 -0.445818 12.337300 0.082465 0.442391 0.893023 -1.303400 0.000000 0.000000 0.000000 1.000000
0.997978 -0.018905 -0.060677 0.019000 -0.011110 0.888141 -0.459437 12.337300 0.062576 0.459182 0.886136 -1.303400 0.000000 0.000000 0.000000 1.000000
0.997911 0.027056 -0.058667 0.019000 -0.051218 0.884789 -0.463170 12.337300 0.039377 0.465207 0.884326 -1.303400 0.000000 0.000000 0.000000 1.000000
0.997231 0.056611 -0.048227 0.019000 -0.072749 0.877196 -0.474589 12.337300 0.015438 0.476783 0.878885 -1.303400 0.000000 0.000000 0.000000 1.000000
0.994243 0.100642 -0.036777 0.019000 -0.105602 0.862179 -0.495476 12.337300 -0.018157 0.496507 0.867843 -1.303400 0.000000 0.000000 0.000000 1.000000
0.992710 0.116719 -0.030048 0.019000 -0.116320 0.862549 -0.492422 12.337300 -0.031557 0.492328 0.869838 -1.303400 0.000000 0.000000 0.000000 1.000000</float_array><technique_common><accessor source="#Spine1-Matrix-animation-output-transform-array" count="29" stride="16"><param type="float4x4"/></accessor></technique_common></source><source id="Spine1-Interpolations"><Name_array id="Spine1-Interpolations-array" count="29">
 LINEAR LINEAR LINEAR LINEAR LINEAR LINEAR LINEAR LINEAR LINEAR LINEAR LINEAR
LINEAR LINEAR LINEAR LINEAR LINEAR LINEAR LINEAR LINEAR LINEAR LINEAR LINEAR LINEAR
LINEAR LINEAR LINEAR LINEAR LINEAR LINEAR</Name_array><technique_common><accessor source="#Spine1-Interpolations-array" count="29"><param type="name"/></accessor></technique_common></source><sampler id="Spine1-Matrix-animation-transform"><input semantic="INPUT" source="#Spine1-Matrix-animation-input"/><input semantic="OUTPUT" source="#Spine1-Matrix-animation-output-transform"/><input semantic="INTERPOLATION" source="#Spine1-Interpolations"/></sampler><channel source="#Spine1-Matrix-animation-transform" target="Spine1/matrix"/></animation>
    <animation id="Spine2-anim" name="Spine2"><source id="Spine2-Matrix-animation-input"><float_array id="Spine2-Matrix-animation-input-array" count="29">

0.000000 0.033333 0.066667 0.100000 0.133333 0.166667 0.200000 0.233333 0.266667 0.300000 0.333333 0.366667 0.400000 0.433333 0.466667 0.500000
0.533333 0.566667 0.600000 0.633333 0.666667 0.700000 0.733333 0.766667 0.800000 0.833333 0.866667 0.900000 0.933333</float_array><technique_common><accessor source="#Spine2-Matrix-animation-input-array" count="29"><param name="TIME" type="float"/></accessor></technique_common></source><source id="Spine2-Matrix-animation-output-transform"><float_array id="Spine2-Matrix-animation-output-transform-array" count="464">

0.999390 0.012992 -0.032423 0.021700 -0.022952 0.943973 -0.329223 14.099800 0.026329 0.329766 0.943696 -1.489600 0.000000 0.000000 0.000000 1.000000
0.999463 0.005310 -0.032328 0.021700 -0.015211 0.949182 -0.314360 14.099800 0.029016 0.314683 0.948753 -1.489600 0.000000 0.000000 0.000000 1.000000
0.999566 -0.005098 -0.029025 0.021700 -0.004032 0.952009 -0.306044 14.099800 0.029193 0.306028 0.951575 -1.489600 0.000000 0.000000 0.000000 1.000000
0.999457 -0.001701 -0.032914 0.021700 -0.008478 0.951788 -0.306640 14.099800 0.031849 0.306753 0.951256 -1.489600 0.000000 0.000000 0.000000 1.000000
0.999634 0.004782 -0.026626 0.021700 -0.012848 0.950084 -0.311729 14.099800 0.023806 0.311957 0.949798 -1.489600 0.000000 0.000000 0.000000 1.000000
0.999634 0.022557 -0.014943 0.021700 -0.026055 0.951417 -0.306801 14.099800 0.007296 0.307078 0.951656 -1.489600 0.000000 0.000000 0.000000 1.000000
0.999770 0.016927 -0.013154 0.021700 -0.019958 0.958935 -0.282923 14.099800 0.007825 0.283121 0.959052 -1.489600 0.000000 0.000000 0.000000 1.000000
0.999890 -0.000901 -0.014814 0.021700 -0.003074 0.963942 -0.266096 14.099800 0.014520 0.266112 0.963833 -1.489600 0.000000 0.000000 0.000000 1.000000
0.999729 -0.017515 -0.015319 0.021700 0.013281 0.970085 -0.242401 14.099800 0.019107 0.242132 0.970055 -1.489600 0.000000 0.000000 0.000000 1.000000
0.999377 -0.031829 -0.015237 0.021700 0.027805 0.976138 -0.215364 14.099800 0.021728 0.214806 0.976415 -1.489600 0.000000 0.000000 0.000000 1.000000
0.999185 -0.037962 -0.013748 0.021700 0.034618 0.980757 -0.192140 14.099800 0.020777 0.191507 0.981271 -1.489600 0.000000 0.000000 0.000000 1.000000
0.999361 -0.033506 -0.012433 0.021700 0.030692 0.982861 -0.181774 14.099800 0.018311 0.181276 0.983262 -1.489600 0.000000 0.000000 0.000000 1.000000
0.999647 -0.023836 -0.011762 0.021700 0.021361 0.983763 -0.178196 14.099800 0.015818 0.177882 0.983925 -1.489600 0.000000 0.000000 0.000000 1.000000
0.999641 -0.021562 -0.015889 0.021700 0.018344 0.983416 -0.180435 14.099800 0.019516 0.180078 0.983459 -1.489600 0.000000 0.000000 0.000000 1.000000
0.999386 -0.025610 -0.023921 0.021700 0.020845 0.983141 -0.181660 14.099800 0.028170 0.181049 0.983070 -1.489600 0.000000 0.000000 0.000000 1.000000
0.999260 -0.029883 -0.024205 0.021700 0.024681 0.981034 -0.192260 14.099800 0.029492 0.191520 0.981046 -1.489600 0.000000 0.000000 0.000000 1.000000
0.999064 -0.034269 -0.026377 0.021700 0.027584 0.974745 -0.221610 14.099800 0.033305 0.220675 0.974779 -1.489600 0.000000 0.000000 0.000000 1.000000
0.998333 -0.045857 -0.035047 0.021700 0.035221 0.965107 -0.259478 14.099800 0.045723 0.257811 0.965113 -1.489600 0.000000 0.000000 0.000000 1.000000
0.997252 -0.061245 -0.041694 0.021700 0.046744 0.956703 -0.287287 14.099800 0.057484 0.284548 0.956937 -1.489600 0.000000 0.000000 0.000000 1.000000
0.996383 -0.071039 -0.046630 0.021700 0.052692 0.947020 -0.316822 14.099800 0.066667 0.313219 0.947338 -1.489600 0.000000 0.000000 0.000000 1.000000
0.995546 -0.074637 -0.057602 0.021700 0.050227 0.936919 -0.345920 14.099800 0.079787 0.341486 0.936494 -1.489600 0.000000 0.000000 0.000000 1.000000
0.994115 -0.085654 -0.066330 0.021700 0.053891 0.922133 -0.383102 14.099800 0.093980 0.377272 0.921322 -1.489600 0.000000 0.000000 0.000000 1.000000
0.994453 -0.081803 -0.066125 0.021700 0.046863 0.907366 -0.417721 14.099800 0.094170 0.412305 0.906166 -1.489600 0.000000 0.000000 0.000000 1.000000
0.996194 -0.061976 -0.061290 0.021700 0.028232 0.894678 -0.445818 14.099800 0.082465 0.442391 0.893023 -1.489600 0.000000 0.000000 0.000000 1.000000
0.997978 -0.018905 -0.060677 0.021700 -0.011110 0.888141 -0.459436 14.099800 0.062576 0.459182 0.886136 -1.489600 0.000000 0.000000 0.000000 1.000000
0.997911 0.027056 -0.058667 0.021700 -0.051218 0.884789 -0.463169 14.099800 0.039377 0.465206 0.884326 -1.489600 0.000000 0.000000 0.000000 1.000000
0.997231 0.056611 -0.048228 0.021700 -0.072749 0.877196 -0.474589 14.099800 0.015438 0.476783 0.878885 -1.489600 0.000000 0.000000 0.000000 1.000000
0.994243 0.100642 -0.036777 0.021700 -0.105602 0.862179 -0.495476 14.099800 -0.018157 0.496507 0.867843 -1.489600 0.000000 0.000000 0.000000 1.000000
0.992710 0.116719 -0.030048 0.021700 -0.116320 0.862549 -0.492422 14.099800 -0.031557 0.492328 0.869838 -1.489600 0.000000 0.000000 0.000000 1.000000</float_array><technique_common><accessor source="#Spine2-Matrix-animation-output-transform-array" count="29" stride="16"><param type="float4x4"/></accessor></technique_common></source><source id="Spine2-Interpolations"><Name_array id="Spine2-Interpolations-array" count="29">
 LINEAR LINEAR LINEAR LINEAR LINEAR LINEAR LINEAR LINEAR LINEAR LINEAR LINEAR
LINEAR LINEAR LINEAR LINEAR LINEAR LINEAR LINEAR LINEAR LINEAR LINEAR LINEAR LINEAR
LINEAR LINEAR LINEAR LINEAR LINEAR LINEAR</Name_array><technique_common><accessor source="#Spine2-Interpolations-array" count="29"><param type="name"/></accessor></technique_common></source><sampler id="Spine2-Matrix-animation-transform"><input semantic="INPUT" source="#Spine2-Matrix-animation-input"/><input semantic="OUTPUT" source="#Spine2-Matrix-animation-output-transform"/><input semantic="INTERPOLATION" source="#Spine2-Interpolations"/></sampler><channel source="#Spine2-Matrix-animation-transform" target="Spine2/matrix"/></animation>
    <animation id="Neck-anim" name="Neck"><source id="Neck-Matrix-animation-input"><float_array id="Neck-Matrix-animation-input-array" count="29">

0.000000 0.033333 0.066667 0.100000 0.133333 0.166667 0.200000 0.233333 0.266667 0.300000 0.333333 0.366667 0.400000 0.433333 0.466667 0.500000
0.533333 0.566667 0.600000 0.633333 0.666667 0.700000 0.733333 0.766667 0.800000 0.833333 0.866667 0.900000 0.933333</float_array><technique_common><accessor source="#Neck-Matrix-animation-input-array" count="29"><param name="TIME" type="float"/></accessor></technique_common></source><source id="Neck-Matrix-animation-output-transform"><float_array id="Neck-Matrix-animation-output-transform-array" count="464">

0.991944 0.011616 -0.126141 0.024400 0.000725 0.995250 0.097347 15.862300 0.126673 -0.096654 0.987224 -1.675800 0.000000 0.000000 0.000000 1.000000
0.986576 -0.052021 -0.154794 0.024400 0.032854 0.991751 -0.123899 15.862300 0.159963 0.117150 0.980147 -1.675800 0.000000 0.000000 0.000000 1.000000
0.975349 -0.108745 -0.192011 0.024400 0.062903 0.971055 -0.230425 15.862300 0.211511 0.212667 0.953958 -1.675800 0.000000 0.000000 0.000000 1.000000
0.953817 -0.201384 -0.222883 0.024400 0.141042 0.955355 -0.259624 15.862300 0.265216 0.216198 0.939637 -1.675800 0.000000 0.000000 0.000000 1.000000
0.915941 -0.311331 -0.253229 0.024400 0.235227 0.927738 -0.289778 15.862300 0.325147 0.205854 0.922986 -1.675800 0.000000 0.000000 0.000000 1.000000
0.857838 -0.433282 -0.276372 0.024400 0.336166 0.879848 -0.335947 15.862300 0.388725 0.195281 0.900421 -1.675800 0.000000 0.000000 0.000000 1.000000
0.832918 -0.462657 -0.303638 0.024400 0.339129 0.860313 -0.380596 15.862300 0.437310 0.214033 0.873470 -1.675800 0.000000 0.000000 0.000000 1.000000
0.801065 -0.476368 -0.362448 0.024400 0.336777 0.859269 -0.385016 15.862300 0.494850 0.186359 0.848760 -1.675800 0.000000 0.000000 0.000000 1.000000
0.787842 -0.472800 -0.394671 0.024400 0.300164 0.854338 -0.424274 15.862300 0.537779 0.215795 0.815001 -1.675800 0.000000 0.000000 0.000000 1.000000
0.792532 -0.447263 -0.414547 0.024400 0.250732 0.858645 -0.447060 15.862300 0.555902 0.250369 0.792646 -1.675800 0.000000 0.000000 0.000000 1.000000
0.797083 -0.423153 -0.430813 0.024400 0.229613 0.872214 -0.431881 15.862300 0.558513 0.245325 0.792388 -1.675800 0.000000 0.000000 0.000000 1.000000
0.798235 -0.428245 -0.423588 0.024400 0.235157 0.868984 -0.435394 15.862300 0.554547 0.247937 0.794359 -1.675800 0.000000 0.000000 0.000000 1.000000
0.836436 -0.407526 -0.366466 0.024400 0.176105 0.833043 -0.524430 15.862300 0.519001 0.374116 0.768554 -1.675800 0.000000 0.000000 0.000000 1.000000
0.882299 -0.335057 -0.330583 0.024400 0.096163 0.815838 -0.570228 15.862300 0.460762 0.471322 0.752034 -1.675800 0.000000 0.000000 0.000000 1.000000
0.895738 -0.297874 -0.330036 0.024400 0.077406 0.835506 -0.544002 15.862300 0.437791 0.461737 0.771452 -1.675800 0.000000 0.000000 0.000000 1.000000
0.879919 -0.331598 -0.340272 0.024400 0.106020 0.835153 -0.539704 15.862300 0.463144 0.438820 0.770023 -1.675800 0.000000 0.000000 0.000000 1.000000
0.857735 -0.366608 -0.360402 0.024400 0.156327 0.853844 -0.496499 15.862300 0.489748 0.369524 0.789683 -1.675800 0.000000 0.000000 0.000000 1.000000
0.860772 -0.346329 -0.372998 0.024400 0.171038 0.887017 -0.428891 15.862300 0.479393 0.305381 0.822755 -1.675800 0.000000 0.000000 0.000000 1.000000
0.885477 -0.277903 -0.372426 0.024400 0.138971 0.923152 -0.358437 15.862300 0.443417 0.265631 0.856050 -1.675800 0.000000 0.000000 0.000000 1.000000
0.894925 -0.230722 -0.381937 0.024400 0.127273 0.952375 -0.277099 15.862300 0.427680 0.199373 0.881669 -1.675800 0.000000 0.000000 0.000000 1.000000
0.912859 -0.175815 -0.368480 0.024400 0.109676 0.974955 -0.193479 15.862300 0.393267 0.136206 0.909279 -1.675800 0.000000 0.000000 0.000000 1.000000
0.934459 -0.071764 -0.348764 0.024400 0.074720 0.997192 -0.004988 15.862300 0.348143 -0.021398 0.937197 -1.675800 0.000000 0.000000 0.000000 1.000000
0.954630 0.004143 -0.297766 0.024400 0.026984 0.994586 0.100349 15.862300 0.296570 -0.103831 0.949350 -1.675800 0.000000 0.000000 0.000000 1.000000
0.971368 0.072013 -0.226401 0.024400 -0.053317 0.994724 0.087644 15.862300 0.231518 -0.073064 0.970083 -1.675800 0.000000 0.000000 0.000000 1.000000
0.984668 0.079545 -0.155246 0.024400 -0.075011 0.996573 0.034857 15.862300 0.157487 -0.022677 0.987261 -1.675800 0.000000 0.000000 0.000000 1.000000
0.990751 0.111376 -0.077504 0.024400 -0.117335 0.990093 -0.077129 15.862300 0.068146 0.085510 0.994004 -1.675800 0.000000 0.000000 0.000000 1.000000
0.993542 0.109212 -0.030774 0.024400 -0.112820 0.979751 -0.165407 15.862300 0.012087 0.167811 0.985745 -1.675800 0.000000 0.000000 0.000000 1.000000
0.999636 0.023950 0.012440 0.024400 -0.023385 0.998772 -0.043670 15.862300 -0.013471 0.043363 0.998969 -1.675800 0.000000 0.000000 0.000000 1.000000
0.990538 0.113188 0.077608 0.024400 -0.110960 0.993295 -0.032456 15.862300 -0.080762 0.023538 0.996455 -1.675800 0.000000 0.000000 0.000000 1.000000</float_array><technique_common><accessor source="#Neck-Matrix-animation-output-transform-array" count="29" stride="16"><param type="float4x4"/></accessor></technique_common></source><source id="Neck-Interpolations"><Name_array id="Neck-Interpolations-array" count="29">
 LINEAR LINEAR LINEAR LINEAR LINEAR LINEAR LINEAR LINEAR LINEAR LINEAR LINEAR
LINEAR LINEAR LINEAR LINEAR LINEAR LINEAR LINEAR LINEAR LINEAR LINEAR LINEAR LINEAR
LINEAR LINEAR LINEAR LINEAR LINEAR LINEAR</Name_array><technique_common><accessor source="#Neck-Interpolations-array" count="29"><param type="name"/></accessor></technique_common></source><sampler id="Neck-Matrix-animation-transform"><input semantic="INPUT" source="#Neck-Matrix-animation-input"/><input semantic="OUTPUT" source="#Neck-Matrix-animation-output-transform"/><input semantic="INTERPOLATION" source="#Neck-Interpolations"/></sampler><channel source="#Neck-Matrix-animation-transform" target="Neck/matrix"/></animation>
    <animation id="Head-anim" name="Head"><source id="Head-Matrix-animation-input"><float_array id="Head-Matrix-animation-input-array" count="29">

0.000000 0.033333 0.066667 0.100000 0.133333 0.166667 0.200000 0.233333 0.266667 0.300000 0.333333 0.366667 0.400000 0.433333 0.466667 0.500000
0.533333 0.566667 0.600000 0.633333 0.666667 0.700000 0.733333 0.766667 0.800000 0.833333 0.866667 0.900000 0.933333</float_array><technique_common><accessor source="#Head-Matrix-animation-input-array" count="29"><param name="TIME" type="float"/></accessor></technique_common></source><source id="Head-Matrix-animation-output-transform"><float_array id="Head-Matrix-animation-output-transform-array" count="464">

0.962373 -0.223813 -0.154100 0.000000 0.228003 0.973611 0.009842 5.564000 0.147831 -0.044607 0.988006 0.988100 0.000000 0.000000 0.000000 1.000000
0.956013 -0.225535 -0.187547 -0.000000 0.257436 0.951591 0.167933 5.564000 0.140593 -0.208827 0.967794 0.988100 0.000000 0.000000 0.000000 1.000000
0.946002 -0.227774 -0.230651 0.000000 0.282779 0.927723 0.243651 5.564000 0.158483 -0.295717 0.942037 0.988100 0.000000 0.000000 0.000000 1.000000
0.943949 -0.201871 -0.261168 -0.000000 0.274968 0.918622 0.283771 5.564000 0.182629 -0.339678 0.922640 0.988100 0.000000 0.000000 0.000000 1.000000
0.940936 -0.167142 -0.294453 0.000000 0.266668 0.901710 0.340305 5.564000 0.208632 -0.398727 0.893023 0.988100 0.000000 0.000000 0.000000 1.000000
0.940985 -0.124398 -0.314758 -0.000000 0.248477 0.885365 0.392921 5.564000 0.229797 -0.447943 0.864025 0.988100 0.000000 0.000000 0.000000 1.000000
0.921855 -0.132945 -0.364017 0.000000 0.286378 0.866547 0.408759 5.564000 0.261095 -0.481063 0.836903 0.988100 0.000000 0.000000 0.000000 1.000000
0.907378 -0.136732 -0.397453 -0.000000 0.303908 0.866652 0.395670 5.564000 0.290352 -0.479812 0.827935 0.988100 0.000000 0.000000 0.000000 1.000000
0.879624 -0.166642 -0.445524 0.000000 0.357192 0.849941 0.387316 5.564000 0.314126 -0.499830 0.807152 0.988100 0.000000 0.000000 0.000000 1.000000
0.848720 -0.197455 -0.490597 0.000000 0.404391 0.840132 0.361449 5.564000 0.340797 -0.505163 0.792886 0.988100 0.000000 0.000000 0.000000 1.000000
0.837535 -0.197395 -0.509481 -0.000000 0.398678 0.858402 0.322803 5.564000 0.373619 -0.473478 0.797639 0.988100 0.000000 0.000000 0.000000 1.000000
0.859059 -0.173774 -0.481477 0.000000 0.356613 0.877957 0.319404 5.564000 0.367212 -0.446088 0.816187 0.988100 0.000000 0.000000 0.000000 1.000000
0.867071 -0.196302 -0.457879 -0.000000 0.385101 0.847173 0.366054 5.564000 0.316045 -0.493724 0.810155 0.988100 0.000000 0.000000 0.000000 1.000000
0.862642 -0.229499 -0.450754 0.000000 0.417411 0.826314 0.378118 5.564000 0.285686 -0.514330 0.808608 0.988100 0.000000 0.000000 0.000000 1.000000
0.874563 -0.218569 -0.432859 -0.000000 0.386110 0.853911 0.348934 5.564000 0.293357 -0.472296 0.831191 0.988100 0.000000 0.000000 0.000000 1.000000
0.901971 -0.179746 -0.392606 0.000000 0.332673 0.868927 0.366461 5.564000 0.275276 -0.461147 0.843544 0.988100 0.000000 0.000000 0.000000 1.000000
0.924999 -0.145631 -0.350955 0.000000 0.279495 0.886493 0.368798 5.564000 0.257410 -0.439228 0.860708 0.988100 0.000000 0.000000 0.000000 1.000000
0.933493 -0.142546 -0.329046 -0.000000 0.260087 0.900848 0.347603 5.564000 0.246871 -0.410066 0.878010 0.988100 0.000000 0.000000 0.000000 1.000000
0.927167 -0.167501 -0.335118 0.000000 0.275660 0.910764 0.307440 5.564000 0.253717 -0.377427 0.890604 0.988100 0.000000 0.000000 0.000000 1.000000
0.929979 -0.177930 -0.321684 0.000000 0.268317 0.926700 0.263121 5.564000 0.251288 -0.331010 0.909553 0.988100 0.000000 0.000000 0.000000 1.000000
0.937909 -0.186172 -0.292690 0.000000 0.251193 0.946424 0.202938 5.564000 0.239227 -0.263859 0.934424 0.988100 0.000000 0.000000 0.000000 1.000000
0.949045 -0.187021 -0.253646 0.000000 0.205414 0.977506 0.047834 5.564000 0.238994 -0.097499 0.966114 0.988100 0.000000 0.000000 0.000000 1.000000
0.959550 -0.193325 -0.204670 0.000000 0.184877 0.980940 -0.059810 5.564000 0.212332 0.019552 0.977002 0.988100 0.000000 0.000000 0.000000 1.000000
0.962396 -0.218760 -0.161053 0.000000 0.208421 0.974866 -0.078720 5.564000 0.174226 0.042193 0.983801 0.988100 0.000000 0.000000 0.000000 1.000000
0.976381 -0.192693 -0.097720 0.000000 0.187173 0.980311 -0.062901 5.564000 0.107917 0.043124 0.993224 0.988100 0.000000 0.000000 0.000000 1.000000
0.983024 -0.179601 -0.037510 -0.000000 0.179812 0.983698 0.002292 5.564000 0.036486 -0.008998 0.999294 0.988100 0.000000 0.000000 0.000000 1.000000
0.992982 -0.113634 0.032781 0.000000 0.111032 0.991165 0.072550 5.564000 -0.040736 -0.068401 0.996826 0.988100 0.000000 0.000000 0.000000 1.000000
0.994198 0.002426 0.107538 0.000000 0.000394 0.999657 -0.026192 5.564000 -0.107564 0.026082 0.993856 0.988100 0.000000 0.000000 0.000000 1.000000
0.991466 -0.026912 0.127560 0.000000 0.031817 0.998824 -0.036573 5.564000 -0.126426 0.040320 0.991156 0.988100 0.000000 0.000000 0.000000 1.000000</float_array><technique_common><accessor source="#Head-Matrix-animation-output-transform-array" count="29" stride="16"><param type="float4x4"/></accessor></technique_common></source><source id="Head-Interpolations"><Name_array id="Head-Interpolations-array" count="29">
 LINEAR LINEAR LINEAR LINEAR LINEAR LINEAR LINEAR LINEAR LINEAR LINEAR LINEAR
LINEAR LINEAR LINEAR LINEAR LINEAR LINEAR LINEAR LINEAR LINEAR LINEAR LINEAR LINEAR
LINEAR LINEAR LINEAR LINEAR LINEAR LINEAR</Name_array><technique_common><accessor source="#Head-Interpolations-array" count="29"><param type="name"/></accessor></technique_common></source><sampler id="Head-Matrix-animation-transform"><input semantic="INPUT" source="#Head-Matrix-animation-input"/><input semantic="OUTPUT" source="#Head-Matrix-animation-output-transform"/><input semantic="INTERPOLATION" source="#Head-Interpolations"/></sampler><channel source="#Head-Matrix-animation-transform" target="Head/matrix"/></animation>
    <animation id="LeftShoulder-anim" name="LeftShoulder"><source id="LeftShoulder-Matrix-animation-input"><float_array id="LeftShoulder-Matrix-animation-input-array" count="29">

0.000000 0.033333 0.066667 0.100000 0.133333 0.166667 0.200000 0.233333 0.266667 0.300000 0.333333 0.366667 0.400000 0.433333 0.466667 0.500000
0.533333 0.566667 0.600000 0.633333 0.666667 0.700000 0.733333 0.766667 0.800000 0.833333 0.866667 0.900000 0.933333</float_array><technique_common><accessor source="#LeftShoulder-Matrix-animation-input-array" count="29"><param name="TIME" type="float"/></accessor></technique_common></source><source id="LeftShoulder-Matrix-animation-output-transform"><float_array id="LeftShoulder-Matrix-animation-output-transform-array" count="464">

0.928364 -0.353072 -0.116108 5.935000 0.327178 0.924537 -0.195412 13.670200 0.176341 0.143426 0.973824 -1.662600 0.000000 0.000000 0.000000 1.000000
0.932227 -0.197307 -0.303352 5.935000 0.146502 0.972289 -0.182186 13.670200 0.330892 0.125397 0.935300 -1.662600 0.000000 0.000000 0.000000 1.000000
0.903186 -0.043364 -0.427054 5.935000 -0.016258 0.990714 -0.134984 13.670200 0.428942 0.128859 0.894094 -1.662600 0.000000 0.000000 0.000000 1.000000
0.861431 0.068045 -0.503295 5.935000 -0.124225 0.989113 -0.078894 13.670200 0.492447 0.130484 0.860506 -1.662600 0.000000 0.000000 0.000000 1.000000
0.815859 0.154520 -0.557223 5.935000 -0.198878 0.979831 -0.019478 13.670200 0.542974 0.126711 0.830135 -1.662600 0.000000 0.000000 0.000000 1.000000
0.835874 0.115216 -0.536694 5.935000 -0.125851 0.991905 0.016932 13.670200 0.534300 0.053391 0.843607 -1.662600 0.000000 0.000000 0.000000 1.000000
0.875754 0.036212 -0.481398 5.935000 -0.013938 0.998664 0.049766 13.670200 0.482557 -0.036873 0.875088 -1.662600 0.000000 0.000000 0.000000 1.000000
0.909589 -0.072759 -0.409089 5.935000 0.108564 0.991965 0.064958 13.670200 0.401075 -0.103498 0.910180 -1.662600 0.000000 0.000000 0.000000 1.000000
0.922799 -0.116983 -0.367092 5.935000 0.142837 0.988769 0.043971 13.670200 0.357826 -0.093011 0.929145 -1.662600 0.000000 0.000000 0.000000 1.000000
0.948435 -0.087006 -0.304798 5.935000 0.091039 0.995847 -0.000987 13.670200 0.303618 -0.026813 0.952417 -1.662600 0.000000 0.000000 0.000000 1.000000
0.972900 -0.071063 -0.220034 5.935000 0.067365 0.997433 -0.024272 13.670200 0.221194 0.008792 0.975190 -1.662600 0.000000 0.000000 0.000000 1.000000
0.986396 -0.085278 -0.140538 5.935000 0.081759 0.996181 -0.030637 13.670200 0.142614 0.018729 0.989601 -1.662600 0.000000 0.000000 0.000000 1.000000
0.989570 -0.118161 -0.082393 5.935000 0.116798 0.992930 -0.021184 13.670200 0.084314 0.011340 0.996375 -1.662600 0.000000 0.000000 0.000000 1.000000
0.991208 -0.130675 -0.020739 5.935000 0.130683 0.991424 -0.001010 13.670200 0.020693 -0.001709 0.999784 -1.662600 0.000000 0.000000 0.000000 1.000000
0.988956 -0.142522 0.040664 5.935000 0.141815 0.989695 0.019797 13.670200 -0.043067 -0.013812 0.998977 -1.662600 0.000000 0.000000 0.000000 1.000000
0.984647 -0.171995 0.029813 5.935000 0.171194 0.984850 0.027619 13.670200 -0.034112 -0.022092 0.999174 -1.662600 0.000000 0.000000 0.000000 1.000000
0.976088 -0.216199 -0.022600 5.935000 0.216785 0.975822 0.027836 13.670200 0.016035 -0.032070 0.999357 -1.662600 0.000000 0.000000 0.000000 1.000000
