<?xml version="1.0" encoding="utf-8"?>
<COLLADA xmlns="http://www.collada.org/2005/11/COLLADASchema" version="1.4.1">
  <asset><contributor><author>Mixamo</author><authoring_tool>COLLADA Mixamo exporter</authoring_tool><comments></comments></contributor><created>2018-12-25T22:47:01Z</created><modified>2018-12-25T22:47:01Z</modified><revision></revision><title></title><unit meter="0.010000"/><up_axis>Y_UP</up_axis></asset>
  <library_animations>
    <animation id="Hips-anim" name="Hips"><source id="Hips-Matrix-animation-input"><float_array id="Hips-Matrix-animation-input-array" count="118">

0.000000 0.033333 0.066667 0.100000 0.133333 0.166667 0.200000 0.233333 0.266667 0.300000 0.333333 0.366667 0.400000 0.433333 0.466667 0.500000
0.533333 0.566667 0.600000 0.633333 0.666667 0.700000 0.733333 0.766667 0.800000 0.833333 0.866667 0.900000 0.933333 0.966667 1.000000 1.033333
1.066667 1.100000 1.133333 1.166667 1.200000 1.233333 1.266667 1.300000 1.333333 1.366667 1.400000 1.433333 1.466667 1.500000 1.533333 1.566667
1.600000 1.633333 1.666667 1.700000 1.733333 1.766667 1.800000 1.833333 1.866667 1.900000 1.933333 1.966667 2.000000 2.033333 2.066667 2.100000
2.133333 2.166667 2.200000 2.233333 2.266667 2.300000 2.333333 2.366667 2.400000 2.433333 2.466667 2.500000 2.533333 2.566667 2.600000 2.633333
2.666667 2.700000 2.733333 2.766667 2.800000 2.833333 2.866667 2.900000 2.933333 2.966667 3.000000 3.033333 3.066667 3.100000 3.133333 3.166667
3.200000 3.233333 3.266667 3.300000 3.333333 3.366667 3.400000 3.433333 3.466667 3.500000 3.533333 3.566667 3.600000 3.633333 3.666667 3.700000
3.733333 3.766667 3.800000 3.833333 3.866667 3.900000</float_array><technique_common><accessor source="#Hips-Matrix-animation-input-array" count="118"><param name="TIME" type="float"/></accessor></technique_common></source><source id="Hips-Matrix-animation-output-transform"><float_array id="Hips-Matrix-animation-output-transform-array" count="1888">

0.522602 -0.060354 -0.850438 -0.431318 0.070102 0.997155 -0.027689 84.358887 0.849690 -0.045147 0.525346 0.294510 0.000000 0.000000 0.000000 1.000000
0.524467 -0.055692 -0.849607 -0.480232 0.065435 0.997544 -0.024996 84.451530 0.848913 -0.042484 0.526823 0.379747 0.000000 0.000000 0.000000 1.000000
0.528727 -0.050146 -0.847309 -0.662190 0.059948 0.997967 -0.021655 84.681717 0.846672 -0.039345 0.530658 0.594765 0.000000 0.000000 0.000000 1.000000
0.535079 -0.043885 -0.843661 -0.954996 0.053833 0.998391 -0.017791 85.037399 0.843085 -0.035898 0.536581 0.917076 0.000000 0.000000 0.000000 1.000000
0.543217 -0.037077 -0.838774 -1.336555 0.047281 0.998790 -0.013529 85.496536 0.838260 -0.032309 0.544312 1.324532 0.000000 0.000000 0.000000 1.000000
0.552835 -0.029895 -0.832754 -1.784885 0.040486 0.999140 -0.008991 86.037506 0.832307 -0.028744 0.553570 1.795086 0.000000 0.000000 0.000000 1.000000
0.563633 -0.022520 -0.825718 -2.278292 0.033644 0.999425 -0.004292 86.637871 0.825340 -0.025361 0.564067 2.306171 0.000000 0.000000 0.000000 1.000000
0.575319 -0.015136 -0.817789 -2.795176 0.026958 0.999636 0.000463 87.276505 0.817485 -0.022313 0.575518 2.834999 0.000000 0.000000 0.000000 1.000000
0.587610 -0.007937 -0.809105 -3.313757 0.020637 0.999774 0.005180 87.930428 0.808881 -0.019742 0.587641 3.359296 0.000000 0.000000 0.000000 1.000000
0.600238 -0.001117 -0.799821 -3.811992 0.014887 0.999841 0.009776 88.577255 0.799683 -0.017775 0.600160 3.857205 0.000000 0.000000 0.000000 1.000000
0.613374 0.005017 -0.789776 -4.272592 0.010137 0.999847 0.014225 89.205391 0.789727 -0.016732 0.613230 4.311711 0.000000 0.000000 0.000000 1.000000
0.630391 0.009748 -0.776217 -4.752448 0.007487 0.999798 0.018636 89.989471 0.776242 -0.017559 0.630191 4.756522 0.000000 0.000000 0.000000 1.000000
0.648754 0.012124 -0.760902 -5.180802 0.006055 0.999759 0.021092 90.578156 0.760974 -0.018290 0.648524 5.158581 0.000000 0.000000 0.000000 1.000000
0.667782 0.012318 -0.744255 -5.547254 0.005998 0.999742 0.021928 91.074188 0.744333 -0.019107 0.667536 5.536406 0.000000 0.000000 0.000000 1.000000
0.686108 0.011469 -0.727409 -5.858685 0.006062 0.999751 0.021481 91.452736 0.727474 -0.019148 0.685868 5.880440 0.000000 0.000000 0.000000 1.000000
0.703534 0.010993 -0.710577 -6.133536 0.005602 0.999763 0.021014 91.671974 0.710640 -0.018764 0.703306 6.210898 0.000000 0.000000 0.000000 1.000000
0.720058 0.010904 -0.693829 -6.365480 0.004441 0.999784 0.020321 91.707367 0.693900 -0.017714 0.719853 6.528795 0.000000 0.000000 0.000000 1.000000
0.735220 0.008775 -0.677772 -6.519840 0.007316 0.999755 0.020880 91.572861 0.677789 -0.020310 0.734976 6.811904 0.000000 0.000000 0.000000 1.000000
0.750417 -0.003246 -0.660957 -6.587893 0.019384 0.999666 0.017099 91.197090 0.660680 -0.025644 0.750229 7.074692 0.000000 0.000000 0.000000 1.000000
0.765394 -0.024193 -0.643107 -6.574764 0.036228 0.999328 0.005524 90.577736 0.642541 -0.027527 0.765757 7.337081 0.000000 0.000000 0.000000 1.000000
0.781945 -0.036591 -0.622273 -6.504739 0.045435 0.998966 -0.001647 89.684074 0.621690 -0.026985 0.782799 7.539153 0.000000 0.000000 0.000000 1.000000
0.798593 -0.043463 -0.600300 -6.476176 0.051301 0.998675 -0.004059 88.520332 0.599681 -0.027554 0.799765 7.690891 0.000000 0.000000 0.000000 1.000000
0.813775 -0.049870 -0.579036 -6.440417 0.055978 0.998405 -0.007316 87.124832 0.578477 -0.026460 0.815269 7.796338 0.000000 0.000000 0.000000 1.000000
0.828813 -0.057188 -0.556595 -6.427991 0.060885 0.998074 -0.011885 85.514221 0.556202 -0.024038 0.830699 7.839985 0.000000 0.000000 0.000000 1.000000
0.844865 -0.066096 -0.530880 -6.441674 0.067132 0.997593 -0.017368 83.748833 0.530751 -0.020966 0.847269 7.810631 0.000000 0.000000 0.000000 1.000000
0.862484 -0.075826 -0.500372 -6.508746 0.073961 0.996982 -0.023597 81.829285 0.500651 -0.016656 0.865489 7.704462 0.000000 0.000000 0.000000 1.000000
0.881611 -0.085964 -0.464082 -6.635854 0.080865 0.996245 -0.030921 79.674545 0.464997 -0.010268 0.885252 7.506958 0.000000 0.000000 0.000000 1.000000
0.900151 -0.096673 -0.424715 -6.789704 0.087836 0.995316 -0.040391 77.459358 0.426630 -0.000947 0.904426 7.257420 0.000000 0.000000 0.000000 1.000000
0.918209 -0.108098 -0.381060 -6.964839 0.095012 0.994062 -0.053051 75.222305 0.384532 0.012506 0.923027 6.991366 0.000000 0.000000 0.000000 1.000000
0.932808 -0.119907 -0.339840 -7.111871 0.102673 0.992366 -0.068317 73.027336 0.345437 0.028834 0.937999 6.717091 0.000000 0.000000 0.000000 1.000000
0.942366 -0.134157 -0.306509 -7.211593 0.112656 0.989829 -0.086879 70.991791 0.315047 0.047342 0.947895 6.453246 0.000000 0.000000 0.000000 1.000000
0.948072 -0.148938 -0.281027 -7.283999 0.122990 0.986523 -0.107916 69.172333 0.293312 0.067749 0.953613 6.189739 0.000000 0.000000 0.000000 1.000000
0.952547 -0.158582 -0.259821 -7.348885 0.129142 0.983484 -0.126812 67.595924 0.275640 0.087241 0.957294 5.944690 0.000000 0.000000 0.000000 1.000000
0.956059 -0.161415 -0.244737 -7.354865 0.131543 0.982219 -0.133950 66.268471 0.262006 0.095870 0.960292 5.760775 0.000000 0.000000 0.000000 1.000000
0.960483 -0.156623 -0.230091 -7.315154 0.131040 0.983762 -0.122639 65.096924 0.245563 0.087641 0.965411 5.663716 0.000000 0.000000 0.000000 1.000000
0.965590 -0.150838 -0.211857 -7.227021 0.130633 0.985704 -0.106411 64.043198 0.224880 0.075074 0.971490 5.640763 0.000000 0.000000 0.000000 1.000000
0.970606 -0.144977 -0.192111 -7.135078 0.129777 0.987492 -0.089537 63.093063 0.202688 0.061973 0.977280 5.623340 0.000000 0.000000 0.000000 1.000000
0.973841 -0.141328 -0.177934 -7.050727 0.129506 0.988628 -0.076444 62.205585 0.186714 0.051401 0.981069 5.554122 0.000000 0.000000 0.000000 1.000000
0.975540 -0.138149 -0.170985 -6.926383 0.128577 0.989508 -0.065893 61.435925 0.178294 0.042296 0.983068 5.403017 0.000000 0.000000 0.000000 1.000000
0.976282 -0.135612 -0.168771 -6.755988 0.127327 0.990103 -0.059030 60.788963 0.175106 0.036140 0.983886 5.215762 0.000000 0.000000 0.000000 1.000000
0.976966 -0.134830 -0.165403 -6.600146 0.126852 0.990228 -0.057935 60.276028 0.171598 0.035619 0.984523 5.115258 0.000000 0.000000 0.000000 1.000000
0.978183 -0.132404 -0.160084 -6.503088 0.125126 0.990628 -0.054769 59.890511 0.165835 0.033544 0.985583 5.072580 0.000000 0.000000 0.000000 1.000000
0.979198 -0.130518 -0.155359 -6.442394 0.124480 0.991060 -0.048018 59.555435 0.160237 0.027680 0.986690 5.022545 0.000000 0.000000 0.000000 1.000000
0.979578 -0.130654 -0.152829 -6.389063 0.125436 0.991154 -0.043345 59.260426 0.157140 0.023289 0.987302 4.958659 0.000000 0.000000 0.000000 1.000000
0.979525 -0.131264 -0.152648 -6.329805 0.126306 0.991111 -0.041780 59.030159 0.156775 0.021644 0.987397 4.913682 0.000000 0.000000 0.000000 1.000000
0.979430 -0.132204 -0.152441 -6.279468 0.127294 0.990993 -0.041579 58.881367 0.156565 0.021319 0.987438 4.893152 0.000000 0.000000 0.000000 1.000000
0.979426 -0.132845 -0.151910 -6.236271 0.128167 0.990936 -0.040232 58.802834 0.155878 0.019934 0.987575 4.889086 0.000000 0.000000 0.000000 1.000000
0.979417 -0.133840 -0.151092 -6.197591 0.129077 0.990789 -0.040949 58.807243 0.155181 0.020603 0.987671 4.918147 0.000000 0.000000 0.000000 1.000000
0.979628 -0.133417 -0.150097 -6.153176 0.128543 0.990824 -0.041759 58.920395 0.154291 0.021614 0.987789 4.952926 0.000000 0.000000 0.000000 1.000000
0.980203 -0.131286 -0.148208 -6.089137 0.126612 0.991122 -0.040585 59.098568 0.152220 0.021017 0.988123 4.945767 0.000000 0.000000 0.000000 1.000000
0.981234 -0.127878 -0.144315 -6.036205 0.123435 0.991571 -0.039371 59.318714 0.148133 0.020819 0.988748 4.938166 0.000000 0.000000 0.000000 1.000000
0.982486 -0.125149 -0.138058 -5.999837 0.121087 0.991935 -0.037467 59.586792 0.141633 0.020093 0.989715 4.946172 0.000000 0.000000 0.000000 1.000000
0.983184 -0.124809 -0.133309 -5.989037 0.120770 0.991953 -0.038003 59.867302 0.136979 0.021264 0.990346 4.960970 0.000000 0.000000 0.000000 1.000000
0.983076 -0.124936 -0.133989 -6.024236 0.120067 0.991797 -0.043852 60.190422 0.138369 0.027022 0.990012 5.031958 0.000000 0.000000 0.000000 1.000000
0.982703 -0.125981 -0.135734 -6.091897 0.120193 0.991488 -0.050061 60.568233 0.140885 0.032881 0.989480 5.135862 0.000000 0.000000 0.000000 1.000000
0.982381 -0.128278 -0.135912 -6.163305 0.121675 0.990997 -0.055859 61.019043 0.141854 0.038338 0.989145 5.270809 0.000000 0.000000 0.000000 1.000000
0.983283 -0.126563 -0.130905 -6.281444 0.119179 0.990884 -0.062818 61.618782 0.137662 0.046166 0.989403 5.478981 0.000000 0.000000 0.000000 1.000000
0.984935 -0.120147 -0.124373 -6.452816 0.112358 0.991347 -0.067872 62.356216 0.131451 0.052875 0.989912 5.764383 0.000000 0.000000 0.000000 1.000000
0.987140 -0.110911 -0.115120 -6.693680 0.103438 0.992240 -0.068991 63.331776 0.121878 0.056196 0.990953 6.168876 0.000000 0.000000 0.000000 1.000000
0.989817 -0.101432 -0.099868 -6.980063 0.095478 0.993455 -0.062702 64.542168 0.105574 0.052528 0.993023 6.719153 0.000000 0.000000 0.000000 1.000000
0.992386 -0.092549 -0.081267 -7.286667 0.088657 0.994793 -0.050275 65.916542 0.085497 0.042687 0.995424 7.393535 0.000000 0.000000 0.000000 1.000000
0.994549 -0.082892 -0.063256 -7.568209 0.080806 0.996120 -0.034867 67.522263 0.065901 0.029565 0.997388 8.154458 0.000000 0.000000 0.000000 1.000000
0.996349 -0.070435 -0.048237 -7.787218 0.069725 0.997434 -0.016245 69.243286 0.049257 0.012823 0.998704 8.940875 0.000000 0.000000 0.000000 1.000000
0.997616 -0.057188 -0.038615 -7.905214 0.057264 0.998359 0.000840 71.092545 0.038504 -0.003049 0.999254 9.757328 0.000000 0.000000 0.000000 1.000000
0.998111 -0.045717 -0.041052 -7.973670 0.046138 0.998891 0.009363 73.050919 0.040578 -0.011239 0.999113 10.605765 0.000000 0.000000 0.000000 1.000000
0.997749 -0.035583 -0.056849 -7.986883 0.036289 0.999276 0.011441 75.077599 0.056401 -0.013479 0.998317 11.352452 0.000000 0.000000 0.000000 1.000000
0.996125 -0.026070 -0.083990 -7.962059 0.027146 0.999563 0.011702 77.157936 0.083649 -0.013937 0.996398 12.013544 0.000000 0.000000 0.000000 1.000000
0.992917 -0.016023 -0.117722 -7.896451 0.017523 0.999778 0.011716 79.206329 0.117508 -0.013696 0.992977 12.604736 0.000000 0.000000 0.000000 1.000000
0.987945 -0.007268 -0.154633 -7.800564 0.008756 0.999922 0.008945 80.956261 0.154555 -0.010191 0.987932 13.030585 0.000000 0.000000 0.000000 1.000000
0.980999 -0.000952 -0.194012 -7.664929 0.001766 0.999990 0.004022 82.473404 0.194006 -0.004288 0.980991 13.378611 0.000000 0.000000 0.000000 1.000000
0.972830 -0.000212 -0.231519 -7.500828 -0.000093 0.999999 -0.001305 83.976425 0.231519 0.001291 0.972829 13.811055 0.000000 0.000000 0.000000 1.000000
0.963802 0.003239 -0.266599 -7.379739 -0.005051 0.999969 -0.006110 85.591293 0.266571 0.007236 0.963788 14.324267 0.000000 0.000000 0.000000 1.000000
0.955173 0.010132 -0.295873 -7.357723 -0.013670 0.999858 -0.009893 87.383118 0.295731 0.013494 0.955176 14.894277 0.000000 0.000000 0.000000 1.000000
0.948067 0.016276 -0.317655 -7.441236 -0.021836 0.999664 -0.013948 89.089813 0.317321 0.020160 0.948104 15.444052 0.000000 0.000000 0.000000 1.000000
0.944529 0.018727 -0.327893 -7.562562 -0.025835 0.999516 -0.017336 90.490685 0.327410 0.024846 0.944556 15.958096 0.000000 0.000000 0.000000 1.000000
0.944309 0.019103 -0.328506 -7.696713 -0.026901 0.999454 -0.019208 91.663811 0.327960 0.026975 0.944307 16.378540 0.000000 0.000000 0.000000 1.000000
0.946675 0.019934 -0.321572 -7.824784 -0.026839 0.999494 -0.017055 92.638870 0.321070 0.024776 0.946731 16.687300 0.000000 0.000000 0.000000 1.000000
0.949950 0.022165 -0.311614 -7.955787 -0.026721 0.999589 -0.010361 93.432243 0.311256 0.018169 0.950152 16.914671 0.000000 0.000000 0.000000 1.000000
0.952481 0.024844 -0.303582 -8.083850 -0.026991 0.999632 -0.002877 94.037422 0.303399 0.010934 0.952801 17.088209 0.000000 0.000000 0.000000 1.000000
0.952705 0.028177 -0.302587 -8.201387 -0.028927 0.999580 0.002004 94.472305 0.302517 0.006843 0.953120 17.252443 0.000000 0.000000 0.000000 1.000000
0.949187 0.031578 -0.313123 -8.304119 -0.031327 0.999492 0.005834 94.760727 0.313148 0.004272 0.949695 17.410952 0.000000 0.000000 0.000000 1.000000
0.942548 0.034136 -0.332323 -8.351007 -0.032488 0.999417 0.010517 94.919609 0.332488 0.000884 0.943107 17.506636 0.000000 0.000000 0.000000 1.000000
0.932387 0.036815 -0.359581 -8.339370 -0.033091 0.999316 0.016510 94.974823 0.359943 -0.003495 0.932968 17.539604 0.000000 0.000000 0.000000 1.000000
0.918949 0.039542 -0.392390 -8.260825 -0.033015 0.999182 0.023370 94.918594 0.392993 -0.008521 0.919502 17.502493 0.000000 0.000000 0.000000 1.000000
0.902808 0.041618 -0.428025 -8.128855 -0.032087 0.999051 0.029461 94.762077 0.428845 -0.012864 0.903287 17.400047 0.000000 0.000000 0.000000 1.000000
0.884458 0.041952 -0.464730 -7.950290 -0.029671 0.998991 0.033713 94.495415 0.465675 -0.016029 0.884811 17.226395 0.000000 0.000000 0.000000 1.000000
0.864768 0.039859 -0.500587 -7.727317 -0.025267 0.999036 0.035899 94.135208 0.501536 -0.018396 0.864941 16.970470 0.000000 0.000000 0.000000 1.000000
0.844184 0.035437 -0.534881 -7.458906 -0.018606 0.999148 0.036829 93.720222 0.535731 -0.021139 0.844124 16.650036 0.000000 0.000000 0.000000 1.000000
0.822043 0.029409 -0.568665 -7.138328 -0.010770 0.999290 0.036110 93.250023 0.569323 -0.023560 0.821776 16.278187 0.000000 0.000000 0.000000 1.000000
0.798858 0.022745 -0.601090 -6.779810 -0.003856 0.999458 0.032695 92.734451 0.601508 -0.023801 0.798512 15.855289 0.000000 0.000000 0.000000 1.000000
0.774591 0.015598 -0.632270 -6.389417 0.001751 0.999639 0.026806 92.182739 0.632460 -0.021871 0.774285 15.394589 0.000000 0.000000 0.000000 1.000000
0.748914 0.009975 -0.662592 -6.012404 0.005512 0.999758 0.021281 91.590019 0.662644 -0.019589 0.748678 14.879806 0.000000 0.000000 0.000000 1.000000
0.723720 0.005092 -0.690074 -5.674449 0.008922 0.999820 0.016735 90.943787 0.690036 -0.018269 0.723545 14.339233 0.000000 0.000000 0.000000 1.000000
0.698346 -0.001153 -0.715759 -5.336600 0.013827 0.999834 0.011879 90.087036 0.715627 -0.018192 0.698246 13.752127 0.000000 0.000000 0.000000 1.000000
0.673314 -0.008373 -0.739310 -5.017745 0.020443 0.999764 0.007295 89.238083 0.739074 -0.020026 0.673326 13.112766 0.000000 0.000000 0.000000 1.000000
0.648524 -0.016619 -0.761013 -4.700127 0.028492 0.999591 0.002451 88.398041 0.760661 -0.023272 0.648732 12.425112 0.000000 0.000000 0.000000 1.000000
0.623921 -0.024347 -0.781108 -4.371204 0.036225 0.999341 -0.002213 87.540123 0.780648 -0.026915 0.624391 11.656865 0.000000 0.000000 0.000000 1.000000
0.600361 -0.029459 -0.799187 -4.023528 0.041919 0.999107 -0.005338 86.756203 0.798630 -0.030297 0.601059 10.842917 0.000000 0.000000 0.000000 1.000000
0.578511 -0.031472 -0.815067 -3.666317 0.046037 0.998922 -0.005895 86.029724 0.814374 -0.034113 0.579337 10.023247 0.000000 0.000000 0.000000 1.000000
0.560574 -0.031512 -0.827505 -3.362796 0.049621 0.998758 -0.004419 85.346497 0.826617 -0.038585 0.561441 9.208993 0.000000 0.000000 0.000000 1.000000
0.549392 -0.031375 -0.834976 -3.124907 0.053461 0.998567 -0.002346 84.744537 0.833853 -0.043350 0.550282 8.408991 0.000000 0.000000 0.000000 1.000000
0.543653 -0.031072 -0.838735 -2.954347 0.056764 0.998388 -0.000193 84.200134 0.837388 -0.047505 0.544540 7.599860 0.000000 0.000000 0.000000 1.000000
0.541141 -0.032480 -0.840305 -2.812596 0.058267 0.998300 -0.001064 83.748367 0.838911 -0.048386 0.542113 6.796103 0.000000 0.000000 0.000000 1.000000
0.539937 -0.034287 -0.841007 -2.666091 0.057580 0.998334 -0.003734 83.386795 0.839733 -0.046409 0.541012 6.038332 0.000000 0.000000 0.000000 1.000000
0.538758 -0.035970 -0.841692 -2.470346 0.056791 0.998366 -0.006314 83.123756 0.840544 -0.044399 0.539921 5.331556 0.000000 0.000000 0.000000 1.000000
0.537739 -0.037303 -0.842286 -2.278224 0.057148 0.998336 -0.007730 82.974655 0.841172 -0.043978 0.538976 4.676457 0.000000 0.000000 0.000000 1.000000
0.537466 -0.039423 -0.842364 -2.149804 0.058948 0.998220 -0.009106 82.901512 0.841223 -0.044761 0.538833 4.054084 0.000000 0.000000 0.000000 1.000000
0.537218 -0.041973 -0.842399 -1.971838 0.060777 0.998091 -0.010972 83.003418 0.841251 -0.045304 0.538743 3.515941 0.000000 0.000000 0.000000 1.000000
0.536245 -0.044654 -0.842881 -1.762145 0.062424 0.997963 -0.013156 83.161278 0.841751 -0.045561 0.537940 2.990504 0.000000 0.000000 0.000000 1.000000
0.534561 -0.047414 -0.843799 -1.538709 0.063973 0.997831 -0.015541 83.343910 0.842705 -0.045673 0.536434 2.476133 0.000000 0.000000 0.000000 1.000000
0.532438 -0.050140 -0.844982 -1.311332 0.065407 0.997697 -0.017988 83.540459 0.843938 -0.045690 0.534491 1.986383 0.000000 0.000000 0.000000 1.000000
0.530073 -0.052736 -0.846310 -1.090190 0.066698 0.997565 -0.020386 83.739433 0.845325 -0.045641 0.532300 1.534066 0.000000 0.000000 0.000000 1.000000
0.527665 -0.055101 -0.847664 -0.885368 0.067818 0.997441 -0.022621 83.929237 0.846741 -0.045551 0.530051 1.132333 0.000000 0.000000 0.000000 1.000000
0.525412 -0.057137 -0.848927 -0.706984 0.068742 0.997332 -0.024579 84.098618 0.848066 -0.045443 0.527938 0.794367 0.000000 0.000000 0.000000 1.000000
0.523518 -0.058743 -0.849987 -0.565118 0.069444 0.997243 -0.026148 84.235802 0.849180 -0.045338 0.526154 0.533287 0.000000 0.000000 0.000000 1.000000
0.522183 -0.059851 -0.850731 -0.469934 0.069901 0.997182 -0.027248 84.329742 0.849964 -0.045239 0.524895 0.362129 0.000000 0.000000 0.000000 1.000000
0.522529 -0.060320 -0.850485 -0.432812 0.070088 0.997157 -0.027661 84.358025 0.849736 -0.045155 0.525272 0.297044 0.000000 0.000000 0.000000 1.000000
0.522602 -0.060354 -0.850438 -0.431316 0.070102 0.997155 -0.027689 84.358940 0.849690 -0.045147 0.525346 0.294514 0.000000 0.000000 0.000000 1.000000</float_array><technique_common><accessor source="#Hips-Matrix-animation-output-transform-array" count="118" stride="16"><param type="float4x4"/></accessor></technique_common></source><source id="Hips-Interpolations"><Name_array id="Hips-Interpolations-array" count="118">
 LINEAR LINEAR LINEAR LINEAR LINEAR LINEAR LINEAR LINEAR LINEAR LINEAR LINEAR
LINEAR LINEAR LINEAR LINEAR LINEAR LINEAR LINEAR LINEAR LINEAR LINEAR LINEAR LINEAR
LINEAR LINEAR LINEAR LINEAR LINEAR LINEAR LINEAR LINEAR LINEAR LINEAR LINEAR LINEAR
LINEAR LINEAR LINEAR LINEAR LINEAR LINEAR LINEAR LINEAR LINEAR LINEAR LINEAR LINEAR
LINEAR LINEAR LINEAR LINEAR LINEAR LINEAR LINEAR LINEAR LINEAR LINEAR LINEAR LINEAR
LINEAR LINEAR LINEAR LINEAR LINEAR LINEAR LINEAR LINEAR LINEAR LINEAR LINEAR LINEAR
LINEAR LINEAR LINEAR LINEAR LINEAR LINEAR LINEAR LINEAR LINEAR LINEAR LINEAR LINEAR
LINEAR LINEAR LINEAR LINEAR LINEAR LINEAR LINEAR LINEAR LINEAR LINEAR LINEAR LINEAR
LINEAR LINEAR LINEAR LINEAR LINEAR LINEAR LINEAR LINEAR LINEAR LINEAR LINEAR LINEAR
LINEAR LINEAR LINEAR LINEAR LINEAR LINEAR LINEAR LINEAR LINEAR LINEAR LINEAR</Name_array><technique_common><accessor source="#Hips-Interpolations-array" count="118"><param type="name"/></accessor></technique_common></source><sampler id="Hips-Matrix-animation-transform"><input semantic="INPUT" source="#Hips-Matrix-animation-input"/><input semantic="OUTPUT" source="#Hips-Matrix-animation-output-transform"/><input semantic="INTERPOLATION" source="#Hips-Interpolations"/></sampler><channel source="#Hips-Matrix-animation-transform" target="Hips/matrix"/></animation>
    <animation id="Spine-anim" name="Spine"><source id="Spine-Matrix-animation-input"><float_array id="Spine-Matrix-animation-input-array" count="118">

0.000000 0.033333 0.066667 0.100000 0.133333 0.166667 0.200000 0.233333 0.266667 0.300000 0.333333 0.366667 0.400000 0.433333 0.466667 0.500000
0.533333 0.566667 0.600000 0.633333 0.666667 0.700000 0.733333 0.766667 0.800000 0.833333 0.866667 0.900000 0.933333 0.966667 1.000000 1.033333
1.066667 1.100000 1.133333 1.166667 1.200000 1.233333 1.266667 1.300000 1.333333 1.366667 1.400000 1.433333 1.466667 1.500000 1.533333 1.566667
1.600000 1.633333 1.666667 1.700000 1.733333 1.766667 1.800000 1.833333 1.866667 1.900000 1.933333 1.966667 2.000000 2.033333 2.066667 2.100000
2.133333 2.166667 2.200000 2.233333 2.266667 2.300000 2.333333 2.366667 2.400000 2.433333 2.466667 2.500000 2.533333 2.566667 2.600000 2.633333
2.666667 2.700000 2.733333 2.766667 2.800000 2.833333 2.866667 2.900000 2.933333 2.966667 3.000000 3.033333 3.066667 3.100000 3.133333 3.166667
3.200000 3.233333 3.266667 3.300000 3.333333 3.366667 3.400000 3.433333 3.466667 3.500000 3.533333 3.566667 3.600000 3.633333 3.666667 3.700000
3.733333 3.766667 3.800000 3.833333 3.866667 3.900000</float_array><technique_common><accessor source="#Spine-Matrix-animation-input-array" count="118"><param name="TIME" type="float"/></accessor></technique_common></source><source id="Spine-Matrix-animation-output-transform"><float_array id="Spine-Matrix-animation-output-transform-array" count="1888">

0.998800 0.048937 0.001923 0.017300 -0.047633 0.979827 -0.194090 10.574800 -0.011382 0.193765 0.980982 -1.117200 0.000000 0.000000 0.000000 1.000000
0.998944 0.045932 0.000657 0.017300 -0.044957 0.980485 -0.191385 10.574800 -0.009435 0.191154 0.981515 -1.117200 0.000000 0.000000 0.000000 1.000000
0.999110 0.042170 -0.000729 0.017300 -0.041532 0.980686 -0.191126 10.574800 -0.007345 0.190986 0.981565 -1.117200 0.000000 0.000000 0.000000 1.000000
0.999210 0.039537 -0.004064 0.017300 -0.039588 0.980952 -0.190172 10.574800 -0.003532 0.190182 0.981742 -1.117200 0.000000 0.000000 0.000000 1.000000
0.999288 0.037121 -0.006747 0.017300 -0.037727 0.981251 -0.189006 10.574800 -0.000395 0.189126 0.981953 -1.117200 0.000000 0.000000 0.000000 1.000000
0.999366 0.034759 -0.007721 0.017300 -0.035589 0.981751 -0.186810 10.574800 0.001087 0.186967 0.982366 -1.117200 0.000000 0.000000 0.000000 1.000000
0.999432 0.032782 -0.007792 0.017300 -0.033656 0.982374 -0.183871 10.574800 0.001627 0.184029 0.982919 -1.117200 0.000000 0.000000 0.000000 1.000000
0.999486 0.031260 -0.007106 0.017300 -0.032030 0.982980 -0.180900 10.574800 0.001330 0.181034 0.983476 -1.117200 0.000000 0.000000 0.000000 1.000000
0.999534 0.029917 -0.006095 0.017300 -0.030524 0.983592 -0.177807 10.574800 0.000676 0.177910 0.984047 -1.117200 0.000000 0.000000 0.000000 1.000000
0.999581 0.028487 -0.005137 0.017300 -0.028946 0.984158 -0.174912 10.574800 0.000073 0.174988 0.984571 -1.117200 0.000000 0.000000 0.000000 1.000000
0.999635 0.026698 -0.004215 0.017300 -0.027025 0.984731 -0.171972 10.574800 -0.000441 0.172023 0.985093 -1.117200 0.000000 0.000000 0.000000 1.000000
0.999689 0.024703 -0.003426 0.017300 -0.024927 0.985244 -0.169329 10.574800 -0.000807 0.169362 0.985554 -1.117200 0.000000 0.000000 0.000000 1.000000
0.999733 0.022957 -0.002502 0.017300 -0.023053 0.985707 -0.166887 10.574800 -0.001365 0.166900 0.985973 -1.117200 0.000000 0.000000 0.000000 1.000000
0.999778 0.021041 -0.001427 0.017300 -0.020988 0.986135 -0.164611 10.574800 -0.002056 0.164604 0.986358 -1.117200 0.000000 0.000000 0.000000 1.000000
0.999817 0.019108 -0.000013 0.017300 -0.018856 0.986521 -0.162544 10.574800 -0.003093 0.162514 0.986701 -1.117200 0.000000 0.000000 0.000000 1.000000
0.999851 0.017130 0.002284 0.017300 -0.016538 0.986789 -0.161165 10.574800 -0.005015 0.161103 0.986925 -1.117200 0.000000 0.000000 0.000000 1.000000
0.999873 0.014807 0.005890 0.017300 -0.013668 0.986912 -0.160681 10.574800 -0.008192 0.160580 0.986989 -1.117200 0.000000 0.000000 0.000000 1.000000
0.999860 0.013467 0.009908 0.017300 -0.011682 0.986690 -0.162194 10.574800 -0.011961 0.162056 0.986709 -1.117200 0.000000 0.000000 0.000000 1.000000
0.999802 0.015304 0.012735 0.017300 -0.013012 0.986398 -0.163856 10.574800 -0.015069 0.163658 0.986402 -1.117200 0.000000 0.000000 0.000000 1.000000
0.999723 0.018055 0.015087 0.017300 -0.015362 0.986557 -0.162696 10.574800 -0.017821 0.162419 0.986561 -1.117200 0.000000 0.000000 0.000000 1.000000
0.999671 0.018975 0.017230 0.017300 -0.015905 0.986409 -0.163537 10.574800 -0.020099 0.163209 0.986387 -1.117200 0.000000 0.000000 0.000000 1.000000
0.999615 0.019735 0.019517 0.017300 -0.016221 0.985962 -0.166183 10.574800 -0.022523 0.165802 0.985902 -1.117200 0.000000 0.000000 0.000000 1.000000
0.999534 0.020627 0.022490 0.017300 -0.016548 0.985562 -0.168503 10.574800 -0.025641 0.168052 0.985445 -1.117200 0.000000 0.000000 0.000000 1.000000
0.999432 0.022092 0.025467 0.017300 -0.017435 0.985218 -0.170416 10.574800 -0.028855 0.169875 0.985043 -1.117200 0.000000 0.000000 0.000000 1.000000
0.999317 0.024444 0.027728 0.017300 -0.019319 0.984907 -0.172004 10.574800 -0.031514 0.171350 0.984706 -1.117200 0.000000 0.000000 0.000000 1.000000
0.999219 0.027524 0.028358 0.017300 -0.022208 0.984639 -0.173186 10.574800 -0.032689 0.172421 0.984481 -1.117200 0.000000 0.000000 0.000000 1.000000
0.999184 0.029126 0.027990 0.017300 -0.023850 0.984602 -0.173174 10.574800 -0.032603 0.172365 0.984493 -1.117200 0.000000 0.000000 0.000000 1.000000
0.999161 0.031682 0.025957 0.017300 -0.026736 0.984625 -0.172622 10.574800 -0.031027 0.171783 0.984646 -1.117200 0.000000 0.000000 0.000000 1.000000
0.999207 0.032153 0.023482 0.017300 -0.027688 0.984971 -0.170488 10.574800 -0.028611 0.169703 0.985080 -1.117200 0.000000 0.000000 0.000000 1.000000
0.999220 0.033433 0.021005 0.017300 -0.029436 0.985336 -0.168067 10.574800 -0.026316 0.167317 0.985552 -1.117200 0.000000 0.000000 0.000000 1.000000
0.999171 0.036022 0.018949 0.017300 -0.032401 0.985700 -0.165366 10.574800 -0.024635 0.164615 0.986050 -1.117200 0.000000 0.000000 0.000000 1.000000
0.999084 0.039146 0.017257 0.017300 -0.035813 0.985951 -0.163149 10.574800 -0.023401 0.162381 0.986451 -1.117200 0.000000 0.000000 0.000000 1.000000
0.999035 0.040837 0.016168 0.017300 -0.037683 0.986056 -0.162089 10.574800 -0.022562 0.161323 0.986644 -1.117200 0.000000 0.000000 0.000000 1.000000
0.999043 0.040667 0.016120 0.017300 -0.037482 0.985771 -0.163863 10.574800 -0.022555 0.163102 0.986351 -1.117200 0.000000 0.000000 0.000000 1.000000
0.999122 0.038567 0.016378 0.017300 -0.035291 0.985285 -0.167237 10.574800 -0.022587 0.166513 0.985781 -1.117200 0.000000 0.000000 0.000000 1.000000
0.999263 0.035373 0.014894 0.017300 -0.032372 0.985246 -0.168053 10.574800 -0.020619 0.167447 0.985665 -1.117200 0.000000 0.000000 0.000000 1.000000
0.999375 0.033249 0.012021 0.017300 -0.030748 0.985189 -0.168692 10.574800 -0.017452 0.168217 0.985596 -1.117200 0.000000 0.000000 0.000000 1.000000
0.999452 0.031707 0.009463 0.017300 -0.029628 0.984876 -0.170707 10.574800 -0.014732 0.170333 0.985276 -1.117200 0.000000 0.000000 0.000000 1.000000
0.999509 0.030103 0.008702 0.017300 -0.028155 0.984635 -0.172341 10.574800 -0.013756 0.172012 0.984999 -1.117200 0.000000 0.000000 0.000000 1.000000
0.999524 0.028941 0.010676 0.017300 -0.026700 0.985000 -0.170479 10.574800 -0.015449 0.170113 0.985303 -1.117200 0.000000 0.000000 0.000000 1.000000
0.999531 0.027897 0.012630 0.017300 -0.025451 0.986133 -0.163996 10.574800 -0.017030 0.163598 0.986380 -1.117200 0.000000 0.000000 0.000000 1.000000
0.999576 0.026140 0.012806 0.017300 -0.023791 0.987148 -0.158029 10.574800 -0.016772 0.157657 0.987351 -1.117200 0.000000 0.000000 0.000000 1.000000
0.999621 0.025353 0.010753 0.017300 -0.023390 0.987733 -0.154392 10.574800 -0.014535 0.154082 0.987951 -1.117200 0.000000 0.000000 0.000000 1.000000
0.999644 0.025138 0.008929 0.017300 -0.023507 0.988310 -0.150634 10.574800 -0.012611 0.150370 0.988549 -1.117200 0.000000 0.000000 0.000000 1.000000
0.999653 0.024888 0.008577 0.017300 -0.023373 0.989041 -0.145777 10.574800 -0.012111 0.145526 0.989280 -1.117200 0.000000 0.000000 0.000000 1.000000
0.999652 0.024841 0.008933 0.017300 -0.023345 0.989856 -0.140146 10.574800 -0.012323 0.139888 0.990091 -1.117200 0.000000 0.000000 0.000000 1.000000
0.999650 0.024630 0.009693 0.017300 -0.023102 0.990622 -0.134661 10.574800 -0.012919 0.134390 0.990844 -1.117200 0.000000 0.000000 0.000000 1.000000
0.999643 0.024558 0.010520 0.017300 -0.023010 0.991503 -0.128029 10.574800 -0.013574 0.127741 0.991715 -1.117200 0.000000 0.000000 0.000000 1.000000
0.999655 0.023830 0.011006 0.017300 -0.022323 0.992382 -0.121156 10.574800 -0.013809 0.120868 0.992573 -1.117200 0.000000 0.000000 0.000000 1.000000
0.999698 0.021788 0.011346 0.017300 -0.020333 0.993096 -0.115527 10.574800 -0.013785 0.115261 0.993240 -1.117200 0.000000 0.000000 0.000000 1.000000
0.999751 0.018937 0.011790 0.017300 -0.017520 0.993723 -0.110489 10.574800 -0.013809 0.110255 0.993807 -1.117200 0.000000 0.000000 0.000000 1.000000
0.999791 0.017092 0.011251 0.017300 -0.015790 0.994121 -0.107120 10.574800 -0.013016 0.106920 0.994182 -1.117200 0.000000 0.000000 0.000000 1.000000
0.999802 0.017175 0.010036 0.017300 -0.016038 0.994442 -0.104054 10.574800 -0.011767 0.103873 0.994521 -1.117200 0.000000 0.000000 0.000000 1.000000
0.999781 0.017608 0.011334 0.017300 -0.016404 0.994976 -0.098764 10.574800 -0.013016 0.098557 0.995046 -1.117200 0.000000 0.000000 0.000000 1.000000
0.999728 0.018351 0.014406 0.017300 -0.016914 0.995404 -0.094258 10.574800 -0.016069 0.093988 0.995444 -1.117200 0.000000 0.000000 0.000000 1.000000
0.999670 0.019734 0.016431 0.017300 -0.018147 0.995620 -0.091714 10.574800 -0.018169 0.091386 0.995650 -1.117200 0.000000 0.000000 0.000000 1.000000
0.999660 0.020908 0.015594 0.017300 -0.019447 0.995876 -0.088619 10.574800 -0.017383 0.088286 0.995943 -1.117200 0.000000 0.000000 0.000000 1.000000
0.999688 0.020702 0.013971 0.017300 -0.019441 0.996187 -0.085045 10.574800 -0.015678 0.084747 0.996279 -1.117200 0.000000 0.000000 0.000000 1.000000
0.999720 0.019880 0.012819 0.017300 -0.018781 0.996554 -0.080797 10.574800 -0.014381 0.080534 0.996648 -1.117200 0.000000 0.000000 0.000000 1.000000
0.999738 0.019558 0.011927 0.017300 -0.018566 0.996758 -0.078288 10.574800 -0.013419 0.078047 0.996859 -1.117200 0.000000 0.000000 0.000000 1.000000
0.999732 0.020299 0.011150 0.017300 -0.019349 0.996645 -0.079529 10.574800 -0.012727 0.079292 0.996770 -1.117200 0.000000 0.000000 0.000000 1.000000
0.999722 0.021307 0.010073 0.017300 -0.020390 0.996276 -0.083774 10.574800 -0.011820 0.083545 0.996434 -1.117200 0.000000 0.000000 0.000000 1.000000
0.999734 0.021103 0.009281 0.017300 -0.020177 0.995688 -0.090542 10.574800 -0.011152 0.090331 0.995849 -1.117200 0.000000 0.000000 0.000000 1.000000
0.999739 0.020464 0.010121 0.017300 -0.019378 0.995024 -0.097733 10.574800 -0.012070 0.097511 0.995161 -1.117200 0.000000 0.000000 0.000000 1.000000
0.999717 0.020643 0.011785 0.017300 -0.019349 0.994700 -0.100982 10.574800 -0.013807 0.100725 0.994818 -1.117200 0.000000 0.000000 0.000000 1.000000
0.999703 0.020218 0.013636 0.017300 -0.018736 0.994691 -0.101183 10.574800 -0.015609 0.100897 0.994774 -1.117200 0.000000 0.000000 0.000000 1.000000
0.999709 0.018520 0.015436 0.017300 -0.016877 0.994793 -0.100513 10.574800 -0.017217 0.100224 0.994816 -1.117200 0.000000 0.000000 0.000000 1.000000
0.999745 0.015043 0.016861 0.017300 -0.013270 0.994825 -0.100733 10.574800 -0.018289 0.100484 0.994771 -1.117200 0.000000 0.000000 0.000000 1.000000
0.999777 0.010891 0.018066 0.017300 -0.008979 0.994668 -0.102736 10.574800 -0.019089 0.102551 0.994545 -1.117200 0.000000 0.000000 0.000000 1.000000
0.999766 0.006958 0.020505 0.017300 -0.004755 0.994398 -0.105589 10.574800 -0.021124 0.105467 0.994198 -1.117200 0.000000 0.000000 0.000000 1.000000
0.999701 0.003863 0.024129 0.017300 -0.001231 0.994132 -0.108168 10.574800 -0.024405 0.108106 0.993840 -1.117200 0.000000 0.000000 0.000000 1.000000
0.999575 -0.001318 0.029129 0.017300 0.004497 0.993996 -0.109321 10.574800 -0.028811 0.109406 0.993580 -1.117200 0.000000 0.000000 0.000000 1.000000
0.999369 -0.007073 0.034816 0.017300 0.010835 0.993972 -0.109093 10.574800 -0.033834 0.109402 0.993422 -1.117200 0.000000 0.000000 0.000000 1.000000
0.999120 -0.011819 0.040233 0.017300 0.016072 0.994120 -0.107081 10.574800 -0.038731 0.107634 0.993436 -1.117200 0.000000 0.000000 0.000000 1.000000
0.998979 -0.014183 0.042885 0.017300 0.018600 0.994359 -0.104421 10.574800 -0.041163 0.105112 0.993608 -1.117200 0.000000 0.000000 0.000000 1.000000
0.998983 -0.015468 0.042360 0.017300 0.019744 0.994539 -0.102484 10.574800 -0.040544 0.103216 0.993832 -1.117200 0.000000 0.000000 0.000000 1.000000
0.999077 -0.016557 0.039640 0.017300 0.020525 0.994583 -0.101901 10.574800 -0.037738 0.102620 0.994005 -1.117200 0.000000 0.000000 0.000000 1.000000
0.999231 -0.016876 0.035380 0.017300 0.020427 0.994519 -0.102540 10.574800 -0.033455 0.103184 0.994099 -1.117200 0.000000 0.000000 0.000000 1.000000
0.999389 -0.016439 0.030854 0.017300 0.019540 0.994484 -0.103054 10.574800 -0.028990 0.103594 0.994197 -1.117200 0.000000 0.000000 0.000000 1.000000
0.999474 -0.016563 0.027871 0.017300 0.019323 0.994610 -0.101875 10.574800 -0.026034 0.102360 0.994407 -1.117200 0.000000 0.000000 0.000000 1.000000
0.999496 -0.016849 0.026909 0.017300 0.019450 0.994847 -0.099502 10.574800 -0.025094 0.099975 0.994673 -1.117200 0.000000 0.000000 0.000000 1.000000
0.999485 -0.017026 0.027212 0.017300 0.019610 0.995024 -0.097691 10.574800 -0.025413 0.098175 0.994845 -1.117200 0.000000 0.000000 0.000000 1.000000
0.999432 -0.017647 0.028726 0.017300 0.020363 0.995059 -0.097177 10.574800 -0.026870 0.097707 0.994852 -1.117200 0.000000 0.000000 0.000000 1.000000
0.999347 -0.018480 0.031049 0.017300 0.021443 0.994960 -0.097955 10.574800 -0.029082 0.098556 0.994706 -1.117200 0.000000 0.000000 0.000000 1.000000
0.999239 -0.019206 0.033939 0.017300 0.022504 0.994769 -0.099641 10.574800 -0.031848 0.100329 0.994444 -1.117200 0.000000 0.000000 0.000000 1.000000
0.999136 -0.019701 0.036602 0.017300 0.023343 0.994522 -0.101892 10.574800 -0.034394 0.102658 0.994122 -1.117200 0.000000 0.000000 0.000000 1.000000
0.999059 -0.019484 0.038739 0.017300 0.023445 0.994241 -0.104571 10.574800 -0.036478 0.105381 0.993763 -1.117200 0.000000 0.000000 0.000000 1.000000
0.999010 -0.018529 0.040449 0.017300 0.022800 0.993907 -0.107837 10.574800 -0.038204 0.108652 0.993345 -1.117200 0.000000 0.000000 0.000000 1.000000
0.998981 -0.017312 0.041673 0.017300 0.021865 0.993536 -0.111394 10.574800 -0.039476 0.112191 0.992902 -1.117200 0.000000 0.000000 0.000000 1.000000
0.998965 -0.016424 0.042421 0.017300 0.021201 0.993168 -0.114752 10.574800 -0.040247 0.115533 0.992488 -1.117200 0.000000 0.000000 0.000000 1.000000
0.998963 -0.015868 0.042667 0.017300 0.020799 0.992830 -0.117715 10.574800 -0.040494 0.118481 0.992130 -1.117200 0.000000 0.000000 0.000000 1.000000
0.998964 -0.015014 0.042952 0.017300 0.020121 0.992440 -0.121074 10.574800 -0.040810 0.121813 0.991714 -1.117200 0.000000 0.000000 0.000000 1.000000
0.998991 -0.013478 0.042851 0.017300 0.018730 0.992027 -0.124626 10.574800 -0.040830 0.125302 0.991278 -1.117200 0.000000 0.000000 0.000000 1.000000
0.998984 -0.011244 0.043633 0.017300 0.016761 0.991606 -0.128204 10.574800 -0.041825 0.128806 0.990787 -1.117200 0.000000 0.000000 0.000000 1.000000
0.999024 -0.007798 0.043477 0.017300 0.013463 0.991218 -0.131554 10.574800 -0.042069 0.132010 0.990355 -1.117200 0.000000 0.000000 0.000000 1.000000
0.999079 -0.003332 0.042772 0.017300 0.009084 0.990804 -0.134997 10.574800 -0.041928 0.135261 0.989922 -1.117200 0.000000 0.000000 0.000000 1.000000
0.999134 0.001259 0.041593 0.017300 0.004535 0.990296 -0.138900 10.574800 -0.041364 0.138968 0.989433 -1.117200 0.000000 0.000000 0.000000 1.000000
0.999178 0.005487 0.040175 0.017300 0.000347 0.989608 -0.143792 10.574800 -0.040547 0.143687 0.988792 -1.117200 0.000000 0.000000 0.000000 1.000000
0.999213 0.008833 0.038667 0.017300 -0.002966 0.988799 -0.149223 10.574800 -0.039552 0.148991 0.988047 -1.117200 0.000000 0.000000 0.000000 1.000000
0.999254 0.012466 0.036564 0.017300 -0.006650 0.987880 -0.155076 10.574800 -0.038054 0.154717 0.987226 -1.117200 0.000000 0.000000 0.000000 1.000000
0.999293 0.016769 0.033658 0.017300 -0.011164 0.987007 -0.160286 10.574800 -0.035909 0.159797 0.986497 -1.117200 0.000000 0.000000 0.000000 1.000000
0.999326 0.020765 0.030257 0.017300 -0.015508 0.986231 -0.164643 10.574800 -0.033259 0.164063 0.985889 -1.117200 0.000000 0.000000 0.000000 1.000000
0.999351 0.024087 0.026774 0.017300 -0.019274 0.985708 -0.167355 10.574800 -0.030423 0.166731 0.985533 -1.117200 0.000000 0.000000 0.000000 1.000000
0.999369 0.026362 0.023808 0.017300 -0.021953 0.985288 -0.169485 10.574800 -0.027925 0.168855 0.985245 -1.117200 0.000000 0.000000 0.000000 1.000000
0.999369 0.028300 0.021448 0.017300 -0.024194 0.984781 -0.172108 10.574800 -0.025992 0.171480 0.984845 -1.117200 0.000000 0.000000 0.000000 1.000000
0.999334 0.030749 0.019655 0.017300 -0.026832 0.984134 -0.175386 10.574800 -0.024736 0.174742 0.984303 -1.117200 0.000000 0.000000 0.000000 1.000000
0.999256 0.034050 0.018092 0.017300 -0.030294 0.983573 -0.177950 10.574800 -0.023854 0.177269 0.983873 -1.117200 0.000000 0.000000 0.000000 1.000000
0.999186 0.036981 0.016131 0.017300 -0.033466 0.982990 -0.180585 10.574800 -0.022535 0.179898 0.983427 -1.117200 0.000000 0.000000 0.000000 1.000000
0.999153 0.038694 0.014009 0.017300 -0.035495 0.982587 -0.182383 10.574800 -0.020822 0.181731 0.983128 -1.117200 0.000000 0.000000 0.000000 1.000000
0.999135 0.039777 0.012125 0.017300 -0.036866 0.982184 -0.184268 10.574800 -0.019239 0.183661 0.982801 -1.117200 0.000000 0.000000 0.000000 1.000000
0.999088 0.041549 0.009813 0.017300 -0.038991 0.981658 -0.186619 10.574800 -0.017387 0.186066 0.982383 -1.117200 0.000000 0.000000 0.000000 1.000000
0.999019 0.043631 0.007545 0.017300 -0.041431 0.981221 -0.188386 10.574800 -0.015623 0.187889 0.982066 -1.117200 0.000000 0.000000 0.000000 1.000000
0.998938 0.045747 0.005520 0.017300 -0.043870 0.980853 -0.189744 10.574800 -0.014094 0.189300 0.981818 -1.117200 0.000000 0.000000 0.000000 1.000000
0.998865 0.047454 0.004077 0.017300 -0.045803 0.980535 -0.190928 10.574800 -0.013058 0.190525 0.981595 -1.117200 0.000000 0.000000 0.000000 1.000000
0.998819 0.048493 0.003114 0.017300 -0.046995 0.980290 -0.191895 10.574800 -0.012358 0.191522 0.981410 -1.117200 0.000000 0.000000 0.000000 1.000000
0.998806 0.048776 0.002594 0.017300 -0.047366 0.980170 -0.192413 10.574800 -0.011928 0.192060 0.981311 -1.117200 0.000000 0.000000 0.000000 1.000000
