<?xml version="1.0" encoding="utf-8"?>
<COLLADA xmlns="http://www.collada.org/2005/11/COLLADASchema" version="1.4.1">
  <asset><contributor><author>Mixamo</author><authoring_tool>COLLADA Mixamo exporter</authoring_tool><comments></comments></contributor><created>2018-12-25T22:47:29Z</created><modified>2018-12-25T22:47:29Z</modified><revision></revision><title></title><unit meter="0.010000"/><up_axis>Y_UP</up_axis></asset>
  <library_animations>
    <animation id="Hips-anim" name="Hips"><source id="Hips-Matrix-animation-input"><float_array id="Hips-Matrix-animation-input-array" count="245">

0.000000 0.033333 0.066667 0.100000 0.133333 0.166667 0.200000 0.233333 0.266667 0.300000 0.333333 0.366667 0.400000 0.433333 0.466667 0.500000
0.533333 0.566667 0.600000 0.633333 0.666667 0.700000 0.733333 0.766667 0.800000 0.833333 0.866667 0.900000 0.933333 0.966667 1.000000 1.033333
1.066667 1.100000 1.133333 1.166667 1.200000 1.233333 1.266667 1.300000 1.333333 1.366667 1.400000 1.433333 1.466667 1.500000 1.533333 1.566667
1.600000 1.633333 1.666667 1.700000 1.733333 1.766667 1.800000 1.833333 1.866667 1.900000 1.933333 1.966667 2.000000 2.033333 2.066667 2.100000
2.133333 2.166667 2.200000 2.233333 2.266667 2.300000 2.333333 2.366667 2.400000 2.433333 2.466667 2.500000 2.533333 2.566667 2.600000 2.633333
2.666667 2.700000 2.733333 2.766667 2.800000 2.833333 2.866667 2.900000 2.933333 2.966667 3.000000 3.033333 3.066667 3.100000 3.133333 3.166667
3.200000 3.233333 3.266667 3.300000 3.333333 3.366667 3.400000 3.433333 3.466667 3.500000 3.533333 3.566667 3.600000 3.633333 3.666667 3.700000
3.733333 3.766667 3.800000 3.833333 3.866667 3.900000 3.933333 3.966667 4.000000 4.033333 4.066667 4.100000 4.133333 4.166667 4.200000 4.233333
4.266667 4.300000 4.333333 4.366667 4.400000 4.433333 4.466667 4.500000 4.533333 4.566667 4.600000 4.633333 4.666667 4.700000 4.733333 4.766667
4.800000 4.833333 4.866667 4.900000 4.933333 4.966667 5.000000 5.033333 5.066667 5.100000 5.133333 5.166667 5.200000 5.233333 5.266667 5.300000
5.333333 5.366667 5.400000 5.433333 5.466667 5.500000 5.533333 5.566667 5.600000 5.633333 5.666667 5.700000 5.733333 5.766667 5.800000 5.833333
5.866667 5.900000 5.933333 5.966667 6.000000 6.033333 6.066667 6.100000 6.133333 6.166667 6.200000 6.233333 6.266667 6.300000 6.333333 6.366667
6.400000 6.433333 6.466667 6.500000 6.533333 6.566667 6.600000 6.633333 6.666667 6.700000 6.733333 6.766667 6.800000 6.833333 6.866667 6.900000
6.933333 6.966667 7.000000 7.033333 7.066667 7.100000 7.133333 7.166667 7.200000 7.233333 7.266667 7.300000 7.333333 7.366667 7.400000 7.433333
7.466667 7.500000 7.533333 7.566667 7.600000 7.633333 7.666667 7.700000 7.733333 7.766667 7.800000 7.833333 7.866667 7.900000 7.933333 7.966667
8.000000 8.033333 8.066667 8.100000 8.133333</float_array><technique_common><accessor source="#Hips-Matrix-animation-input-array" count="245"><param name="TIME" type="float"/></accessor></technique_common></source><source id="Hips-Matrix-animation-output-transform"><float_array id="Hips-Matrix-animation-output-transform-array" count="3920">

0.522602 -0.060354 -0.850438 -0.431333 0.070102 0.997156 -0.027689 84.358612 0.849690 -0.045147 0.525346 0.294567 0.000000 0.000000 0.000000 1.000000
0.522994 -0.060367 -0.850196 -0.077388 0.069831 0.997170 -0.027846 84.358627 0.849471 -0.044807 0.525730 0.806399 0.000000 0.000000 0.000000 1.000000
0.524129 -0.060374 -0.849496 0.281846 0.069007 0.997215 -0.028296 84.357872 0.848839 -0.043791 0.526835 1.319471 0.000000 0.000000 0.000000 1.000000
0.525800 -0.060390 -0.848461 0.644264 0.067695 0.997284 -0.029031 84.357162 0.847910 -0.042172 0.528460 1.834306 0.000000 0.000000 0.000000 1.000000
0.527780 -0.060418 -0.847229 1.008122 0.065936 0.997371 -0.030050 84.356514 0.846818 -0.040004 0.530377 2.352401 0.000000 0.000000 0.000000 1.000000
0.529732 -0.060459 -0.846008 1.371612 0.063769 0.997472 -0.031354 84.357300 0.845765 -0.037340 0.532248 2.875151 0.000000 0.000000 0.000000 1.000000
0.530807 -0.060516 -0.845329 1.732787 0.061200 0.997580 -0.032986 84.364090 0.845280 -0.034225 0.533226 3.403810 0.000000 0.000000 0.000000 1.000000
0.530698 -0.060591 -0.845393 2.089744 0.058270 0.997690 -0.034927 84.374207 0.845556 -0.030725 0.533002 3.939639 0.000000 0.000000 0.000000 1.000000
0.529495 -0.060686 -0.846139 2.440905 0.055020 0.997795 -0.037133 84.384979 0.846527 -0.026893 0.531667 4.484401 0.000000 0.000000 0.000000 1.000000
0.527206 -0.060804 -0.847560 2.784592 0.051490 0.997890 -0.039560 84.395164 0.848176 -0.022784 0.529224 5.039424 0.000000 0.000000 0.000000 1.000000
0.524346 -0.060946 -0.849321 3.119317 0.047741 0.997970 -0.042139 84.402298 0.850166 -0.018452 0.526191 5.600259 0.000000 0.000000 0.000000 1.000000
0.521534 -0.061117 -0.851039 3.443498 0.043847 0.998033 -0.044803 84.375328 0.852103 -0.013949 0.523188 6.232270 0.000000 0.000000 0.000000 1.000000
0.518902 -0.061320 -0.852632 3.719448 0.039868 0.998074 -0.047517 84.319092 0.853904 -0.009336 0.520347 6.833595 0.000000 0.000000 0.000000 1.000000
0.516997 -0.061557 -0.853771 3.964654 0.035884 0.998093 -0.050233 84.254524 0.855235 -0.004666 0.518219 7.351122 0.000000 0.000000 0.000000 1.000000
0.516501 -0.061836 -0.854051 4.176390 0.032025 0.998086 -0.052896 84.194664 0.855687 -0.000030 0.517493 7.744955 0.000000 0.000000 0.000000 1.000000
0.516678 -0.062207 -0.853917 4.328136 0.028526 0.998054 -0.055447 84.155060 0.855704 0.004290 0.517447 8.008775 0.000000 0.000000 0.000000 1.000000
0.516905 -0.062600 -0.853751 4.407547 0.024966 0.998001 -0.058062 84.141273 0.855679 0.008697 0.517435 8.151638 0.000000 0.000000 0.000000 1.000000
0.517205 -0.063016 -0.853538 4.411755 0.021521 0.997928 -0.060636 84.150871 0.855591 0.012992 0.517490 8.159799 0.000000 0.000000 0.000000 1.000000
0.517606 -0.063455 -0.853263 4.355066 0.018358 0.997840 -0.063071 84.178040 0.855422 0.016982 0.517653 8.052305 0.000000 0.000000 0.000000 1.000000
0.518097 -0.063917 -0.852930 4.264596 0.015640 0.997745 -0.065269 84.213142 0.855179 0.020475 0.517928 7.871280 0.000000 0.000000 0.000000 1.000000
0.518681 -0.064403 -0.852539 4.161005 0.013534 0.997652 -0.067131 84.244759 0.854861 0.023281 0.518335 7.635262 0.000000 0.000000 0.000000 1.000000
0.519452 -0.064939 -0.852028 4.037380 0.012714 0.997585 -0.068282 84.268768 0.854405 0.024637 0.519024 7.334832 0.000000 0.000000 0.000000 1.000000
0.520652 -0.065587 -0.851246 3.894448 0.014569 0.997582 -0.067952 84.282707 0.853645 0.022978 0.520348 6.950990 0.000000 0.000000 0.000000 1.000000
0.522029 -0.066285 -0.850348 3.720719 0.017779 0.997605 -0.066850 84.280830 0.852743 0.019779 0.521957 6.473888 0.000000 0.000000 0.000000 1.000000
0.523826 -0.067026 -0.849184 3.507311 0.021678 0.997626 -0.065370 84.262711 0.851549 0.015834 0.524035 5.916306 0.000000 0.000000 0.000000 1.000000
0.526671 -0.067845 -0.847358 3.243462 0.026665 0.997638 -0.063304 84.231552 0.849651 0.010746 0.527236 5.274384 0.000000 0.000000 0.000000 1.000000
0.530679 -0.068722 -0.844782 2.910103 0.032342 0.997623 -0.060839 84.192436 0.846955 0.004964 0.531641 4.551915 0.000000 0.000000 0.000000 1.000000
0.535477 -0.069651 -0.841673 2.501455 0.038791 0.997570 -0.057873 84.149513 0.843659 -0.001659 0.536878 3.756270 0.000000 0.000000 0.000000 1.000000
0.540832 -0.070627 -0.838160 2.024898 0.046201 0.997459 -0.054239 84.102493 0.839861 -0.009390 0.542720 2.905219 0.000000 0.000000 0.000000 1.000000
0.546433 -0.071648 -0.834432 1.495559 0.054216 0.997270 -0.050127 84.043884 0.835746 -0.017848 0.548826 2.028263 0.000000 0.000000 0.000000 1.000000
0.551565 -0.072713 -0.830957 0.946222 0.062418 0.996998 -0.045811 83.968369 0.831793 -0.026599 0.554448 1.159750 0.000000 0.000000 0.000000 1.000000
0.555342 -0.073818 -0.828340 0.399231 0.070612 0.996641 -0.041476 83.885437 0.828619 -0.035457 0.558689 0.330414 0.000000 0.000000 0.000000 1.000000
0.557172 -0.074960 -0.827007 -0.133172 0.078882 0.996191 -0.037151 83.820625 0.826642 -0.044537 0.560963 -0.427267 0.000000 0.000000 0.000000 1.000000
0.557229 -0.076137 -0.826861 -0.614532 0.087211 0.995646 -0.032906 83.787506 0.825766 -0.053775 0.561443 -1.073949 0.000000 0.000000 0.000000 1.000000
0.556314 -0.077346 -0.827365 -1.021578 0.095252 0.995031 -0.028973 83.773575 0.825495 -0.062690 0.560917 -1.592016 0.000000 0.000000 0.000000 1.000000
0.555261 -0.078585 -0.827955 -1.345112 0.102811 0.994376 -0.025432 83.769722 0.825297 -0.071002 0.560218 -1.967553 0.000000 0.000000 0.000000 1.000000
0.554781 -0.079852 -0.828155 -1.575646 0.109850 0.993700 -0.022226 83.776230 0.824713 -0.078643 0.560058 -2.190628 0.000000 0.000000 0.000000 1.000000
0.555365 -0.081142 -0.827639 -1.717389 0.116705 0.992984 -0.019040 83.787277 0.823377 -0.086015 0.560938 -2.261764 0.000000 0.000000 0.000000 1.000000
0.556977 -0.082499 -0.826421 -1.754748 0.123547 0.992213 -0.015783 83.803055 0.821288 -0.093311 0.562832 -2.169869 0.000000 0.000000 0.000000 1.000000
0.558966 -0.084087 -0.824916 -1.665437 0.129737 0.991461 -0.013154 83.823677 0.818978 -0.099670 0.565103 -1.907371 0.000000 0.000000 0.000000 1.000000
0.560380 -0.085546 -0.823806 -1.453592 0.134148 0.990893 -0.011645 83.850510 0.817299 -0.103987 0.566753 -1.503896 0.000000 0.000000 0.000000 1.000000
0.560653 -0.086147 -0.823558 -1.147054 0.135791 0.990674 -0.011186 83.885315 0.816841 -0.105560 0.567122 -0.985965 0.000000 0.000000 0.000000 1.000000
0.559626 -0.085084 -0.824366 -0.773549 0.134271 0.990882 -0.011120 83.929718 0.817796 -0.104466 0.565948 -0.368636 0.000000 0.000000 0.000000 1.000000
0.557588 -0.082354 -0.826023 -0.358515 0.130300 0.991415 -0.010887 83.982056 0.819828 -0.101560 0.563532 0.330858 0.000000 0.000000 0.000000 1.000000
0.555287 -0.078512 -0.827945 0.081633 0.125017 0.992102 -0.010232 84.039658 0.822209 -0.097826 0.560716 1.088235 0.000000 0.000000 0.000000 1.000000
0.553430 -0.074604 -0.829548 0.532508 0.119246 0.992817 -0.009733 84.099678 0.824315 -0.093533 0.558351 1.888425 0.000000 0.000000 0.000000 1.000000
0.552324 -0.071242 -0.830580 0.996516 0.112836 0.993561 -0.010187 84.159950 0.825958 -0.088092 0.556807 2.714518 0.000000 0.000000 0.000000 1.000000
0.551782 -0.068412 -0.831178 1.464843 0.105348 0.994364 -0.011908 84.219444 0.827308 -0.080992 0.555879 3.556167 0.000000 0.000000 0.000000 1.000000
0.551625 -0.065964 -0.831480 1.924365 0.097417 0.995141 -0.014319 84.287224 0.828384 -0.073102 0.555371 4.423576 0.000000 0.000000 0.000000 1.000000
0.551674 -0.063279 -0.831656 2.379492 0.089414 0.995859 -0.016461 84.366234 0.829253 -0.065281 0.555047 5.313958 0.000000 0.000000 0.000000 1.000000
0.551224 -0.059812 -0.832211 2.820722 0.080862 0.996562 -0.018064 84.455383 0.830430 -0.057337 0.554165 6.206496 0.000000 0.000000 0.000000 1.000000
0.549672 -0.055338 -0.833546 3.259170 0.071303 0.997270 -0.019188 84.546707 0.832332 -0.048887 0.552117 7.064890 0.000000 0.000000 0.000000 1.000000
0.547332 -0.050381 -0.835398 3.699971 0.060732 0.997946 -0.020394 84.632645 0.834709 -0.039573 0.549267 7.879927 0.000000 0.000000 0.000000 1.000000
0.544971 -0.046133 -0.837185 4.139140 0.050038 0.998495 -0.022449 84.712021 0.836960 -0.029657 0.546459 8.633144 0.000000 0.000000 0.000000 1.000000
0.542849 -0.043167 -0.838720 4.573727 0.040206 0.998869 -0.025386 84.792007 0.838868 -0.019940 0.543970 9.324739 0.000000 0.000000 0.000000 1.000000
0.540717 -0.041379 -0.840186 4.991083 0.031702 0.999082 -0.028803 84.879044 0.840607 -0.011061 0.541532 9.961679 0.000000 0.000000 0.000000 1.000000
0.538485 -0.040339 -0.841669 5.374960 0.024477 0.999181 -0.032228 84.971291 0.842280 -0.003248 0.539031 10.532955 0.000000 0.000000 0.000000 1.000000
0.536533 -0.039458 -0.842956 5.701648 0.018311 0.999215 -0.035118 85.059639 0.843681 0.003406 0.536835 11.047102 0.000000 0.000000 0.000000 1.000000
0.535370 -0.038400 -0.843744 5.955594 0.013440 0.999227 -0.036948 85.130707 0.844511 0.008441 0.535472 11.488417 0.000000 0.000000 0.000000 1.000000
0.535183 -0.037107 -0.843921 6.139395 0.009958 0.999242 -0.037622 85.171234 0.844678 0.011731 0.535147 11.834223 0.000000 0.000000 0.000000 1.000000
0.535744 -0.035634 -0.843628 6.251870 0.007666 0.999273 -0.037340 85.172638 0.844346 0.013538 0.535628 12.070964 0.000000 0.000000 0.000000 1.000000
0.536826 -0.034013 -0.843007 6.294531 0.006382 0.999322 -0.036255 85.139893 0.843669 0.014082 0.536679 12.185759 0.000000 0.000000 0.000000 1.000000
0.538401 -0.032290 -0.842070 6.269128 0.006008 0.999387 -0.034481 85.088043 0.842667 0.013505 0.538266 12.172400 0.000000 0.000000 0.000000 1.000000
0.540375 -0.030608 -0.840867 6.169979 0.006554 0.999461 -0.032168 85.032318 0.841398 0.011872 0.540285 12.015086 0.000000 0.000000 0.000000 1.000000
0.542341 -0.029142 -0.839653 5.997623 0.007806 0.999530 -0.029649 84.979843 0.840122 0.009526 0.542314 11.705266 0.000000 0.000000 0.000000 1.000000
0.543890 -0.027906 -0.838692 5.769149 0.009477 0.999587 -0.027113 84.927956 0.839103 0.006798 0.543930 11.230227 0.000000 0.000000 0.000000 1.000000
0.545232 -0.026631 -0.837862 5.485363 0.011415 0.999638 -0.024345 84.875748 0.838207 0.003710 0.545339 10.591399 0.000000 0.000000 0.000000 1.000000
0.546778 -0.024953 -0.836906 5.137450 0.013470 0.999689 -0.021006 84.820625 0.837169 0.000212 0.546944 9.826544 0.000000 0.000000 0.000000 1.000000
0.548340 -0.022820 -0.835944 4.719845 0.016216 0.999730 -0.016654 84.761726 0.836098 -0.004424 0.548562 8.957203 0.000000 0.000000 0.000000 1.000000
0.549119 -0.020591 -0.835491 4.233959 0.019715 0.999737 -0.011682 84.707428 0.835512 -0.010057 0.549380 7.992928 0.000000 0.000000 0.000000 1.000000
0.548489 -0.018510 -0.835953 3.710129 0.023635 0.999699 -0.006629 84.658806 0.835824 -0.016122 0.548761 6.959911 0.000000 0.000000 0.000000 1.000000
0.546691 -0.016433 -0.837173 3.170714 0.027897 0.999610 -0.001405 84.612320 0.836870 -0.022586 0.546936 5.904365 0.000000 0.000000 0.000000 1.000000
0.544519 -0.014222 -0.838628 2.634187 0.032077 0.999478 0.003877 84.570175 0.838135 -0.029012 0.544691 4.867283 0.000000 0.000000 0.000000 1.000000
0.542476 -0.011932 -0.839986 2.141104 0.035890 0.999315 0.008983 84.539734 0.839304 -0.035020 0.542533 3.880797 0.000000 0.000000 0.000000 1.000000
0.540682 -0.009757 -0.841170 1.698295 0.039509 0.999124 0.013806 84.524857 0.840299 -0.040699 0.540594 2.973270 0.000000 0.000000 0.000000 1.000000
0.539573 -0.007833 -0.841902 1.301708 0.043112 0.998902 0.018337 84.522110 0.840834 -0.046191 0.539318 2.165699 0.000000 0.000000 0.000000 1.000000
0.539903 -0.006198 -0.841704 0.980945 0.046573 0.998661 0.022520 84.519890 0.840438 -0.051359 0.539469 1.483342 0.000000 0.000000 0.000000 1.000000
0.542170 -0.005201 -0.840253 0.750500 0.050035 0.998406 0.026105 84.510056 0.838778 -0.056195 0.541566 0.951676 0.000000 0.000000 0.000000 1.000000
0.545963 -0.004928 -0.837795 0.616049 0.053950 0.998114 0.029287 84.496048 0.836071 -0.061189 0.545199 0.604668 0.000000 0.000000 0.000000 1.000000
0.550587 -0.005032 -0.834762 0.603134 0.058205 0.997780 0.032376 84.473213 0.832746 -0.066413 0.549658 0.466345 0.000000 0.000000 0.000000 1.000000
0.555457 -0.005261 -0.831529 0.717820 0.062314 0.997432 0.035314 84.438354 0.829207 -0.071431 0.554358 0.543556 0.000000 0.000000 0.000000 1.000000
0.560144 -0.005450 -0.828378 0.950998 0.065712 0.997120 0.037873 84.400581 0.825785 -0.075649 0.558888 0.821086 0.000000 0.000000 0.000000 1.000000
0.564205 -0.005375 -0.825617 1.289017 0.068117 0.996873 0.040059 84.354774 0.822820 -0.078840 0.562807 1.243868 0.000000 0.000000 0.000000 1.000000
0.566937 -0.004598 -0.823748 1.707058 0.069423 0.996694 0.042216 84.302238 0.820830 -0.081121 0.565382 1.806698 0.000000 0.000000 0.000000 1.000000
0.568142 -0.002757 -0.822926 2.167311 0.068996 0.996633 0.044295 84.255814 0.820033 -0.081944 0.566419 2.507302 0.000000 0.000000 0.000000 1.000000
0.568042 -0.000525 -0.822999 2.638387 0.066299 0.996779 0.045125 84.220024 0.820324 -0.080197 0.566247 3.303233 0.000000 0.000000 0.000000 1.000000
0.567762 0.001783 -0.823191 3.112152 0.062214 0.997045 0.045069 84.208076 0.820839 -0.076802 0.565973 4.140234 0.000000 0.000000 0.000000 1.000000
0.568076 0.003764 -0.822968 3.566357 0.057062 0.997403 0.043951 84.228424 0.820996 -0.071928 0.566385 4.996378 0.000000 0.000000 0.000000 1.000000
0.569014 0.005931 -0.822307 3.992487 0.051616 0.997745 0.042913 84.270172 0.820706 -0.066862 0.567424 5.853187 0.000000 0.000000 0.000000 1.000000
0.569457 0.008473 -0.821977 4.394475 0.045626 0.998080 0.041898 84.328918 0.820754 -0.061362 0.567977 6.670523 0.000000 0.000000 0.000000 1.000000
0.568473 0.011278 -0.822625 4.742294 0.038389 0.998453 0.040217 84.402016 0.821806 -0.054442 0.567160 7.405937 0.000000 0.000000 0.000000 1.000000
0.566031 0.013570 -0.824272 5.011430 0.030772 0.998820 0.037575 84.477898 0.823809 -0.046633 0.564946 8.030256 0.000000 0.000000 0.000000 1.000000
0.562728 0.014796 -0.826510 5.199367 0.023525 0.999148 0.033903 84.546768 0.826307 -0.038522 0.561900 8.539527 0.000000 0.000000 0.000000 1.000000
0.558575 0.015110 -0.829317 5.315348 0.017269 0.999405 0.029841 84.603539 0.829275 -0.030990 0.557982 8.932570 0.000000 0.000000 0.000000 1.000000
0.553559 0.014955 -0.832676 5.366968 0.012153 0.999587 0.026032 84.649818 0.832721 -0.024530 0.553148 9.209270 0.000000 0.000000 0.000000 1.000000
0.548132 0.014521 -0.836266 5.344118 0.008270 0.999706 0.022780 84.690063 0.836351 -0.019402 0.547851 9.379688 0.000000 0.000000 0.000000 1.000000
0.542655 0.013905 -0.839841 5.240880 0.005796 0.999777 0.020299 84.727951 0.839936 -0.015883 0.542453 9.446783 0.000000 0.000000 0.000000 1.000000
0.537312 0.013060 -0.843282 5.065480 0.004665 0.999819 0.018456 84.769455 0.843371 -0.013850 0.537154 9.402109 0.000000 0.000000 0.000000 1.000000
0.532285 0.011818 -0.846483 4.828179 0.004866 0.999843 0.017019 84.813065 0.846551 -0.013178 0.532144 9.240172 0.000000 0.000000 0.000000 1.000000
0.527874 0.010454 -0.849258 4.534320 0.006263 0.999849 0.016200 84.846634 0.849300 -0.013870 0.527729 8.965250 0.000000 0.000000 0.000000 1.000000
0.524351 0.009475 -0.851450 4.180069 0.008569 0.999829 0.016403 84.863884 0.851459 -0.015897 0.524180 8.591228 0.000000 0.000000 0.000000 1.000000
0.521792 0.009084 -0.853024 3.768490 0.011461 0.999778 0.017658 84.862892 0.852996 -0.018990 0.521573 8.125201 0.000000 0.000000 0.000000 1.000000
0.520197 0.008853 -0.854000 3.309280 0.014799 0.999703 0.019378 84.845985 0.853918 -0.022719 0.519912 7.578221 0.000000 0.000000 0.000000 1.000000
0.519095 0.008212 -0.854677 2.823474 0.018826 0.999601 0.021039 84.822144 0.854509 -0.027011 0.518733 6.984832 0.000000 0.000000 0.000000 1.000000
0.517757 0.007530 -0.855495 2.326815 0.023148 0.999472 0.022806 84.800980 0.855215 -0.031611 0.517309 6.369337 0.000000 0.000000 0.000000 1.000000
0.515990 0.007250 -0.856564 1.828505 0.027374 0.999314 0.024949 84.792381 0.856157 -0.036321 0.515437 5.755801 0.000000 0.000000 0.000000 1.000000
0.513852 0.007353 -0.857848 1.355343 0.031533 0.999126 0.027452 84.805206 0.857299 -0.041156 0.513170 5.192382 0.000000 0.000000 0.000000 1.000000
0.510952 0.007644 -0.859575 0.926834 0.035641 0.998912 0.030068 84.838707 0.858870 -0.045999 0.510124 4.705583 0.000000 0.000000 0.000000 1.000000
0.507132 0.007713 -0.861834 0.571019 0.039752 0.998686 0.032330 84.885559 0.860951 -0.050655 0.506160 4.291756 0.000000 0.000000 0.000000 1.000000
0.503035 0.007049 -0.864238 0.294083 0.043857 0.998470 0.033672 84.943810 0.863153 -0.054841 0.501956 3.957198 0.000000 0.000000 0.000000 1.000000
0.499281 0.005496 -0.866423 0.077978 0.048218 0.998254 0.034118 85.013000 0.865098 -0.058812 0.498144 3.700877 0.000000 0.000000 0.000000 1.000000
0.495870 0.003156 -0.868391 -0.078670 0.052922 0.998025 0.033847 85.090271 0.866783 -0.062741 0.494724 3.524519 0.000000 0.000000 0.000000 1.000000
0.492289 0.000351 -0.870432 -0.177790 0.057955 0.997768 0.033180 85.171265 0.868500 -0.066780 0.491170 3.437019 0.000000 0.000000 0.000000 1.000000
0.488612 -0.002645 -0.872497 -0.220223 0.063018 0.997491 0.032267 85.249306 0.870222 -0.070749 0.487553 3.431356 0.000000 0.000000 0.000000 1.000000
0.485328 -0.005877 -0.874313 -0.202190 0.067477 0.997247 0.030753 85.314262 0.871725 -0.073921 0.484388 3.519420 0.000000 0.000000 0.000000 1.000000
0.482405 -0.009144 -0.875901 -0.122318 0.071154 0.997050 0.028780 85.369057 0.873054 -0.076208 0.481633 3.705426 0.000000 0.000000 0.000000 1.000000
0.479555 -0.011986 -0.877430 0.007807 0.073985 0.996899 0.026818 85.424004 0.874387 -0.077778 0.478955 3.999984 0.000000 0.000000 0.000000 1.000000
0.476711 -0.014087 -0.878947 0.184431 0.075818 0.996805 0.025145 85.470879 0.875784 -0.078627 0.476256 4.389156 0.000000 0.000000 0.000000 1.000000
0.474138 -0.015460 -0.880315 0.404877 0.076322 0.996804 0.023601 85.500107 0.877137 -0.078377 0.473802 4.848102 0.000000 0.000000 0.000000 1.000000
0.472109 -0.016163 -0.881392 0.658167 0.075625 0.996889 0.022227 85.512390 0.878290 -0.077149 0.471863 5.354132 0.000000 0.000000 0.000000 1.000000
0.470853 -0.016068 -0.882065 0.929345 0.074193 0.997013 0.021443 85.500702 0.879086 -0.075539 0.470639 5.893934 0.000000 0.000000 0.000000 1.000000
0.470642 -0.015068 -0.882196 1.212576 0.072287 0.997151 0.021533 85.464935 0.879358 -0.073906 0.470391 6.463148 0.000000 0.000000 0.000000 1.000000
0.471139 -0.013686 -0.881953 1.496981 0.070449 0.997269 0.022158 85.419083 0.879241 -0.072572 0.470817 7.037507 0.000000 0.000000 0.000000 1.000000
0.471686 -0.012215 -0.881682 1.781079 0.068513 0.997389 0.022835 85.374649 0.879101 -0.071178 0.471291 7.600509 0.000000 0.000000 0.000000 1.000000
0.472278 -0.010670 -0.881385 2.069876 0.066502 0.997508 0.023558 85.335793 0.878938 -0.069740 0.471811 8.131039 0.000000 0.000000 0.000000 1.000000
0.472911 -0.009064 -0.881064 2.374384 0.064436 0.997625 0.024322 85.304611 0.878751 -0.068274 0.472372 8.593865 0.000000 0.000000 0.000000 1.000000
0.473582 -0.007411 -0.880718 2.686494 0.062332 0.997739 0.025122 85.286003 0.878541 -0.066795 0.472973 8.979250 0.000000 0.000000 0.000000 1.000000
0.474289 -0.005723 -0.880350 2.987168 0.060212 0.997848 0.025953 85.279640 0.878307 -0.065316 0.473613 9.278352 0.000000 0.000000 0.000000 1.000000
0.475029 -0.004014 -0.879961 3.267101 0.058095 0.997951 0.026809 85.278534 0.878050 -0.063857 0.474289 9.484147 0.000000 0.000000 0.000000 1.000000
0.475799 -0.002299 -0.879551 3.507939 0.056004 0.998047 0.027686 85.279518 0.877769 -0.062432 0.474999 9.601923 0.000000 0.000000 0.000000 1.000000
0.476596 -0.000592 -0.879122 3.708284 0.053956 0.998134 0.028579 85.285904 0.877465 -0.061054 0.475739 9.643515 0.000000 0.000000 0.000000 1.000000
0.477417 0.001096 -0.878676 3.898032 0.051970 0.998213 0.029482 85.297112 0.877139 -0.059740 0.476507 9.579760 0.000000 0.000000 0.000000 1.000000
0.478260 0.002749 -0.878214 4.046628 0.050066 0.998283 0.030390 85.317177 0.876790 -0.058503 0.477301 9.413486 0.000000 0.000000 0.000000 1.000000
0.479123 0.004354 -0.877737 4.113709 0.048267 0.998344 0.031299 85.329384 0.876420 -0.057362 0.478119 9.180899 0.000000 0.000000 0.000000 1.000000
0.480003 0.005897 -0.877247 4.127587 0.046590 0.998395 0.032204 85.331177 0.876029 -0.056329 0.478958 8.874636 0.000000 0.000000 0.000000 1.000000
0.480899 0.007367 -0.876745 4.099557 0.045051 0.998436 0.033100 85.331192 0.875618 -0.055416 0.479815 8.513863 0.000000 0.000000 0.000000 1.000000
0.481808 0.008752 -0.876233 4.022450 0.043665 0.998468 0.033983 85.329483 0.875188 -0.054633 0.480688 8.131037 0.000000 0.000000 0.000000 1.000000
0.482729 0.010038 -0.875712 3.875893 0.042451 0.998491 0.034847 85.326187 0.874740 -0.053997 0.481574 7.732552 0.000000 0.000000 0.000000 1.000000
0.483658 0.011211 -0.875185 3.680294 0.041433 0.998504 0.035687 85.321396 0.874276 -0.053522 0.482470 7.295948 0.000000 0.000000 0.000000 1.000000
0.484595 0.012257 -0.874653 3.469412 0.040625 0.998508 0.036501 85.309830 0.873795 -0.053221 0.483374 6.849299 0.000000 0.000000 0.000000 1.000000
0.485536 0.013165 -0.874117 3.232148 0.040046 0.998502 0.037282 85.289772 0.873299 -0.053106 0.484282 6.400703 0.000000 0.000000 0.000000 1.000000
0.486481 0.013921 -0.873580 2.987927 0.039712 0.998487 0.038027 85.268959 0.872788 -0.053191 0.485192 5.946715 0.000000 0.000000 0.000000 1.000000
0.487427 0.014514 -0.873043 2.774618 0.039642 0.998463 0.038731 85.250763 0.872263 -0.053487 0.486103 5.506467 0.000000 0.000000 0.000000 1.000000
0.488524 0.014184 -0.872435 2.580006 0.040973 0.998392 0.039175 85.240227 0.871588 -0.054884 0.487157 5.114675 0.000000 0.000000 0.000000 1.000000
0.490220 0.012619 -0.871507 2.397468 0.043189 0.998315 0.038749 85.239899 0.870528 -0.056635 0.488849 4.790304 0.000000 0.000000 0.000000 1.000000
0.492998 0.010438 -0.869968 2.253215 0.045563 0.998246 0.037797 85.249420 0.868836 -0.058272 0.491658 4.509395 0.000000 0.000000 0.000000 1.000000
0.496976 0.007607 -0.867731 2.148658 0.048142 0.998180 0.036323 85.263779 0.866428 -0.059826 0.495706 4.288412 0.000000 0.000000 0.000000 1.000000
0.501728 0.004384 -0.865015 2.078395 0.050848 0.998109 0.034551 85.275116 0.863530 -0.061319 0.500556 4.139746 0.000000 0.000000 0.000000 1.000000
0.506292 0.001167 -0.862361 2.047992 0.053234 0.998050 0.032604 85.285873 0.860717 -0.062414 0.505242 4.078872 0.000000 0.000000 0.000000 1.000000
0.509707 -0.001813 -0.860346 2.063223 0.055304 0.997999 0.030661 85.301445 0.858568 -0.063209 0.508788 4.115317 0.000000 0.000000 0.000000 1.000000
0.511734 -0.004362 -0.859133 2.111065 0.056826 0.997969 0.028782 85.322800 0.857262 -0.063550 0.510943 4.251228 0.000000 0.000000 0.000000 1.000000
0.512790 -0.006379 -0.858490 2.176340 0.057506 0.997982 0.026934 85.349197 0.856586 -0.063180 0.512122 4.476728 0.000000 0.000000 0.000000 1.000000
0.513489 -0.007785 -0.858061 2.246179 0.057192 0.998046 0.025170 85.378815 0.856188 -0.061999 0.512931 4.762562 0.000000 0.000000 0.000000 1.000000
0.514341 -0.008723 -0.857541 2.313485 0.055813 0.998169 0.023323 85.409241 0.855768 -0.059858 0.513886 5.104052 0.000000 0.000000 0.000000 1.000000
0.515745 -0.009622 -0.856688 2.379224 0.053822 0.998326 0.021189 85.435379 0.855050 -0.057037 0.515399 5.479992 0.000000 0.000000 0.000000 1.000000
0.517847 -0.010624 -0.855407 2.443684 0.051469 0.998498 0.018757 85.450905 0.853924 -0.053740 0.517616 5.846765 0.000000 0.000000 0.000000 1.000000
0.520625 -0.011767 -0.853704 2.501809 0.048281 0.998711 0.015678 85.455605 0.852419 -0.049380 0.520522 6.198201 0.000000 0.000000 0.000000 1.000000
0.523896 -0.012921 -0.851684 2.561749 0.044880 0.998915 0.012452 85.455391 0.850599 -0.044747 0.523907 6.513399 0.000000 0.000000 0.000000 1.000000
0.527175 -0.013719 -0.849646 2.614982 0.041543 0.999090 0.009644 85.456085 0.848741 -0.040381 0.527265 6.790796 0.000000 0.000000 0.000000 1.000000
0.529697 -0.013994 -0.848071 2.637991 0.038040 0.999250 0.007271 85.462875 0.847333 -0.036112 0.529832 7.029125 0.000000 0.000000 0.000000 1.000000
0.530601 -0.013925 -0.847507 2.650816 0.034942 0.999374 0.005457 85.478821 0.846901 -0.032509 0.530756 7.232600 0.000000 0.000000 0.000000 1.000000
0.529645 -0.013883 -0.848106 2.660500 0.032428 0.999466 0.003891 85.501343 0.847599 -0.029564 0.529813 7.396420 0.000000 0.000000 0.000000 1.000000
0.527302 -0.013951 -0.849563 2.666750 0.030035 0.999546 0.002228 85.528854 0.849147 -0.026691 0.527482 7.520020 0.000000 0.000000 0.000000 1.000000
0.524053 -0.014292 -0.851566 2.668808 0.027971 0.999609 0.000436 85.565971 0.851226 -0.024047 0.524247 7.620716 0.000000 0.000000 0.000000 1.000000
0.520081 -0.015446 -0.853977 2.663689 0.026649 0.999643 -0.001851 85.605377 0.853701 -0.021795 0.520307 7.675062 0.000000 0.000000 0.000000 1.000000
0.515501 -0.017843 -0.856703 2.648823 0.026410 0.999639 -0.004928 85.636711 0.856482 -0.020086 0.515786 7.657709 0.000000 0.000000 0.000000 1.000000
0.510992 -0.021102 -0.859327 2.624103 0.027182 0.999595 -0.008383 85.660774 0.859156 -0.019074 0.511359 7.600358 0.000000 0.000000 0.000000 1.000000
0.507658 -0.024055 -0.861223 2.584067 0.028452 0.999533 -0.011146 85.683281 0.861089 -0.018845 0.508106 7.521541 0.000000 0.000000 0.000000 1.000000
0.505898 -0.026459 -0.862187 2.516601 0.029841 0.999468 -0.013162 85.707291 0.862077 -0.019070 0.506419 7.392869 0.000000 0.000000 0.000000 1.000000
0.505193 -0.028740 -0.862528 2.415334 0.031670 0.999390 -0.014751 85.728012 0.862425 -0.019864 0.505795 7.217762 0.000000 0.000000 0.000000 1.000000
0.504747 -0.030905 -0.862714 2.282609 0.034033 0.999294 -0.015886 85.738228 0.862596 -0.021343 0.505443 7.002293 0.000000 0.000000 0.000000 1.000000
0.504008 -0.032927 -0.863071 2.116577 0.036932 0.999181 -0.016552 85.740799 0.862909 -0.023532 0.504811 6.751396 0.000000 0.000000 0.000000 1.000000
0.502823 -0.034809 -0.863688 1.916068 0.040220 0.999049 -0.016849 85.736328 0.863453 -0.026266 0.503745 6.472515 0.000000 0.000000 0.000000 1.000000
0.501284 -0.036537 -0.864511 1.684748 0.043801 0.998899 -0.016819 85.729149 0.864173 -0.029435 0.502333 6.155047 0.000000 0.000000 0.000000 1.000000
0.499567 -0.037926 -0.865445 1.426271 0.047422 0.998740 -0.016394 85.720367 0.864976 -0.032851 0.500736 5.797349 0.000000 0.000000 0.000000 1.000000
0.497544 -0.038634 -0.866578 1.141943 0.051151 0.998576 -0.015150 85.706512 0.865930 -0.036789 0.498811 5.405560 0.000000 0.000000 0.000000 1.000000
0.495150 -0.038873 -0.867937 0.835447 0.055263 0.998385 -0.013188 85.692764 0.867048 -0.041435 0.496499 4.985680 0.000000 0.000000 0.000000 1.000000
0.492714 -0.039389 -0.869299 0.516123 0.059911 0.998140 -0.011270 85.679123 0.868126 -0.046528 0.494157 4.558275 0.000000 0.000000 0.000000 1.000000
0.490375 -0.040479 -0.870571 0.191512 0.065077 0.997833 -0.009740 85.664955 0.869078 -0.051878 0.491947 4.128588 0.000000 0.000000 0.000000 1.000000
0.488195 -0.041912 -0.871728 -0.133669 0.070581 0.997470 -0.008430 85.650894 0.869876 -0.057412 0.489918 3.699384 0.000000 0.000000 0.000000 1.000000
0.486119 -0.043321 -0.872818 -0.458312 0.076061 0.997078 -0.007126 85.637840 0.870576 -0.062923 0.487993 3.284960 0.000000 0.000000 0.000000 1.000000
0.483979 -0.044680 -0.873938 -0.781010 0.081244 0.996676 -0.005963 85.626297 0.871300 -0.068116 0.486000 2.888290 0.000000 0.000000 0.000000 1.000000
0.481853 -0.046154 -0.875036 -1.092377 0.086232 0.996262 -0.005063 85.616592 0.871999 -0.073016 0.484032 2.504987 0.000000 0.000000 0.000000 1.000000
0.479930 -0.047611 -0.876014 -1.373855 0.090957 0.995846 -0.004293 85.609665 0.872579 -0.077619 0.482267 2.137322 0.000000 0.000000 0.000000 1.000000
0.478393 -0.048860 -0.876785 -1.637586 0.095223 0.995450 -0.003517 85.606827 0.872968 -0.081808 0.480869 1.789190 0.000000 0.000000 0.000000 1.000000
0.477164 -0.049871 -0.877398 -1.890814 0.099073 0.995077 -0.002680 85.616180 0.873212 -0.085648 0.479755 1.472458 0.000000 0.000000 0.000000 1.000000
0.476075 -0.050668 -0.877944 -2.098657 0.102576 0.994724 -0.001785 85.629044 0.873402 -0.089206 0.478760 1.194761 0.000000 0.000000 0.000000 1.000000
0.475142 -0.051286 -0.878413 -2.255776 0.105658 0.994402 -0.000906 85.636810 0.873543 -0.092381 0.477901 0.965232 0.000000 0.000000 0.000000 1.000000
0.474652 -0.051693 -0.878654 -2.370720 0.108078 0.994142 -0.000104 85.639046 0.873513 -0.094914 0.477459 0.789804 0.000000 0.000000 0.000000 1.000000
0.475255 -0.051859 -0.878318 -2.432868 0.109630 0.993972 0.000633 85.637520 0.872991 -0.096591 0.478076 0.682140 0.000000 0.000000 0.000000 1.000000
0.477687 -0.051893 -0.876996 -2.438652 0.110278 0.993900 0.001257 85.635315 0.871581 -0.097314 0.480496 0.645315 0.000000 0.000000 0.000000 1.000000
0.482296 -0.051796 -0.874475 -2.383213 0.110195 0.993908 0.001905 85.629333 0.869050 -0.097282 0.485066 0.677370 0.000000 0.000000 0.000000 1.000000
0.488718 -0.051590 -0.870915 -2.252073 0.109344 0.994001 0.002478 85.615082 0.865562 -0.096440 0.491428 0.792959 0.000000 0.000000 0.000000 1.000000
0.496235 -0.051413 -0.866664 -2.039034 0.107624 0.994188 0.002645 85.585480 0.861492 -0.094586 0.498885 0.972823 0.000000 0.000000 0.000000 1.000000
0.504230 -0.051238 -0.862048 -1.754442 0.104778 0.994493 0.002177 85.550812 0.857190 -0.091421 0.506822 1.198598 0.000000 0.000000 0.000000 1.000000
0.512546 -0.050902 -0.857150 -1.401925 0.100791 0.994907 0.001187 85.512924 0.852724 -0.087002 0.515066 1.472427 0.000000 0.000000 0.000000 1.000000
0.521527 -0.050103 -0.851763 -0.996283 0.095757 0.995405 0.000078 85.468002 0.847845 -0.081603 0.523928 1.784778 0.000000 0.000000 0.000000 1.000000
0.531488 -0.048526 -0.845674 -0.570908 0.089482 0.995988 -0.000914 85.406952 0.842326 -0.075187 0.533698 2.121461 0.000000 0.000000 0.000000 1.000000
0.542304 -0.046183 -0.838912 -0.141912 0.082158 0.996618 -0.001755 85.316246 0.836156 -0.067972 0.544264 2.465657 0.000000 0.000000 0.000000 1.000000
0.553227 -0.043209 -0.831909 0.280885 0.074282 0.997234 -0.002398 85.191086 0.829712 -0.060470 0.554907 2.816811 0.000000 0.000000 0.000000 1.000000
0.563557 -0.039645 -0.825125 0.670329 0.066240 0.997800 -0.002699 85.036613 0.823417 -0.053135 0.564944 3.168036 0.000000 0.000000 0.000000 1.000000
0.573434 -0.035453 -0.818484 1.002282 0.058313 0.998296 -0.002388 84.862625 0.817174 -0.046359 0.574524 3.495531 0.000000 0.000000 0.000000 1.000000
0.583538 -0.030378 -0.811517 1.261819 0.050570 0.998720 -0.001022 84.695961 0.810510 -0.040442 0.584327 3.786522 0.000000 0.000000 0.000000 1.000000
0.594184 -0.024477 -0.803956 1.448660 0.043270 0.999062 0.001563 84.562111 0.803164 -0.035716 0.594686 4.029332 0.000000 0.000000 0.000000 1.000000
0.604894 -0.018114 -0.796100 1.555763 0.036100 0.999337 0.004691 84.465950 0.795487 -0.031576 0.605147 4.209132 0.000000 0.000000 0.000000 1.000000
0.614976 -0.011876 -0.788457 1.592104 0.029501 0.999533 0.007955 84.399117 0.787994 -0.028153 0.615039 4.342346 0.000000 0.000000 0.000000 1.000000
0.624189 -0.006318 -0.781248 1.544546 0.024264 0.999642 0.011302 84.349899 0.780896 -0.026011 0.624119 4.434112 0.000000 0.000000 0.000000 1.000000
0.632543 -0.001595 -0.774523 1.442340 0.019927 0.999700 0.014216 84.309990 0.774269 -0.024426 0.632385 4.450852 0.000000 0.000000 0.000000 1.000000
0.639860 0.001749 -0.768490 1.275580 0.017022 0.999720 0.016449 84.284615 0.768303 -0.023606 0.639651 4.379601 0.000000 0.000000 0.000000 1.000000
0.646007 0.003398 -0.763324 1.061634 0.015809 0.999716 0.017830 84.284096 0.763167 -0.023586 0.645770 4.234523 0.000000 0.000000 0.000000 1.000000
0.651200 0.003611 -0.758898 0.827533 0.015844 0.999706 0.018352 84.312538 0.758741 -0.023975 0.650951 4.011283 0.000000 0.000000 0.000000 1.000000
0.655712 0.002933 -0.755005 0.571555 0.016516 0.999697 0.018227 84.370811 0.754830 -0.024421 0.655465 3.715219 0.000000 0.000000 0.000000 1.000000
0.659593 0.001926 -0.751621 0.294833 0.016975 0.999703 0.017459 84.451408 0.751432 -0.024274 0.659364 3.371379 0.000000 0.000000 0.000000 1.000000
0.662755 0.000294 -0.748836 0.020259 0.017775 0.999712 0.016123 84.540588 0.748625 -0.023996 0.662559 2.984776 0.000000 0.000000 0.000000 1.000000
0.665328 -0.002511 -0.746547 -0.238234 0.019072 0.999725 0.013635 84.625076 0.746307 -0.023310 0.665193 2.581201 0.000000 0.000000 0.000000 1.000000
0.667607 -0.006686 -0.744484 -0.480893 0.020605 0.999743 0.009498 84.707741 0.744229 -0.021681 0.667573 2.193036 0.000000 0.000000 0.000000 1.000000
0.669831 -0.012168 -0.742414 -0.700684 0.022777 0.999732 0.004165 84.788612 0.742165 -0.019699 0.669928 1.818046 0.000000 0.000000 0.000000 1.000000
0.672121 -0.018646 -0.740207 -0.895190 0.025549 0.999672 -0.001983 84.867996 0.740000 -0.017579 0.672377 1.475563 0.000000 0.000000 0.000000 1.000000
0.674678 -0.024838 -0.737695 -1.076481 0.028519 0.999565 -0.007572 84.946815 0.737561 -0.015930 0.675092 1.160236 0.000000 0.000000 0.000000 1.000000
0.677485 -0.029133 -0.734960 -1.279155 0.030646 0.999466 -0.011369 85.026031 0.734898 -0.014821 0.678016 0.823496 0.000000 0.000000 0.000000 1.000000
0.679550 -0.031602 -0.732948 -1.491794 0.032201 0.999394 -0.013235 85.106285 0.732922 -0.014608 0.680156 0.496395 0.000000 0.000000 0.000000 1.000000
0.679409 -0.033360 -0.733001 -1.680176 0.034251 0.999319 -0.013733 85.187798 0.732960 -0.015776 0.680089 0.225522 0.000000 0.000000 0.000000 1.000000
0.676132 -0.035259 -0.735936 -1.851918 0.037226 0.999213 -0.013671 85.270004 0.735840 -0.018152 0.676913 0.000240 0.000000 0.000000 0.000000 1.000000
0.670015 -0.037511 -0.741400 -2.000840 0.041208 0.999062 -0.013307 85.352791 0.741203 -0.021636 0.670932 -0.184656 0.000000 0.000000 0.000000 1.000000
0.662242 -0.040088 -0.748217 -2.121325 0.045470 0.998878 -0.013273 85.435867 0.747909 -0.025231 0.663322 -0.347677 0.000000 0.000000 0.000000 1.000000
0.653866 -0.042665 -0.755407 -2.224689 0.049267 0.998691 -0.013760 85.494827 0.755005 -0.028220 0.655112 -0.508029 0.000000 0.000000 0.000000 1.000000
0.644365 -0.044611 -0.763416 -2.327830 0.052691 0.998514 -0.013876 85.518814 0.762901 -0.031284 0.645758 -0.663265 0.000000 0.000000 0.000000 1.000000
0.635362 -0.045763 -0.770857 -2.424143 0.055373 0.998373 -0.013630 85.513077 0.770227 -0.034024 0.636862 -0.801836 0.000000 0.000000 0.000000 1.000000
0.627545 -0.046772 -0.777174 -2.494396 0.057273 0.998263 -0.013832 85.484573 0.776471 -0.035831 0.629133 -0.925053 0.000000 0.000000 0.000000 1.000000
0.620035 -0.047739 -0.783121 -2.540915 0.058930 0.998161 -0.014190 85.434563 0.782358 -0.037351 0.621708 -1.028116 0.000000 0.000000 0.000000 1.000000
0.612809 -0.048671 -0.788731 -2.577329 0.060364 0.998068 -0.014689 85.375740 0.787922 -0.038609 0.614563 -1.110819 0.000000 0.000000 0.000000 1.000000
0.605832 -0.049575 -0.794046 -2.604864 0.061600 0.997984 -0.015309 85.313171 0.793204 -0.039638 0.607665 -1.168403 0.000000 0.000000 0.000000 1.000000
0.599074 -0.050456 -0.799102 -2.627805 0.062661 0.997906 -0.016033 85.247391 0.798238 -0.040468 0.600981 -1.172725 0.000000 0.000000 0.000000 1.000000
0.592504 -0.051314 -0.803931 -2.646724 0.063561 0.997836 -0.016846 85.177963 0.803056 -0.041118 0.594484 -1.125924 0.000000 0.000000 0.000000 1.000000
0.586091 -0.052164 -0.808565 -2.664527 0.064341 0.997770 -0.017733 85.106888 0.807687 -0.041631 0.588140 -1.029517 0.000000 0.000000 0.000000 1.000000
0.579801 -0.053004 -0.813032 -2.682549 0.065014 0.997710 -0.018680 85.033806 0.812160 -0.042028 0.581919 -0.920798 0.000000 0.000000 0.000000 1.000000
0.573598 -0.053835 -0.817366 -2.688570 0.065604 0.997652 -0.019672 84.959160 0.816506 -0.042339 0.575783 -0.800982 0.000000 0.000000 0.000000 1.000000
0.567444 -0.054662 -0.821595 -2.675329 0.066134 0.997596 -0.020695 84.883514 0.820752 -0.042592 0.569695 -0.672343 0.000000 0.000000 0.000000 1.000000
0.561306 -0.055484 -0.825747 -2.619407 0.066627 0.997541 -0.021737 84.807083 0.824922 -0.042816 0.563622 -0.536990 0.000000 0.000000 0.000000 1.000000
0.555144 -0.056303 -0.829847 -2.512516 0.067106 0.997486 -0.022784 84.730392 0.829043 -0.043039 0.557526 -0.397125 0.000000 0.000000 0.000000 1.000000
0.548919 -0.057119 -0.833921 -2.306209 0.067595 0.997428 -0.023825 84.653999 0.833138 -0.043291 0.551369 -0.254949 0.000000 0.000000 0.000000 1.000000
0.542594 -0.057933 -0.837995 -1.902472 0.068115 0.997368 -0.024847 84.578461 0.837229 -0.043598 0.545112 -0.112658 0.000000 0.000000 0.000000 1.000000
0.536127 -0.058745 -0.842091 -1.423744 0.068693 0.997303 -0.025839 84.503937 0.841338 -0.043993 0.538716 0.027636 0.000000 0.000000 0.000000 1.000000
0.529478 -0.059557 -0.846230 -0.917425 0.069355 0.997232 -0.026789 84.430931 0.845484 -0.044506 0.532144 0.163768 0.000000 0.000000 0.000000 1.000000
0.522607 -0.060355 -0.850435 -0.431333 0.070102 0.997155 -0.027688 84.358780 0.849687 -0.045147 0.525351 0.294550 0.000000 0.000000 0.000000 1.000000</float_array><technique_common><accessor source="#Hips-Matrix-animation-output-transform-array" count="245" stride="16"><param type="float4x4"/></accessor></technique_common></source><source id="Hips-Interpolations"><Name_array id="Hips-Interpolations-array" count="245">
 LINEAR LINEAR LINEAR LINEAR LINEAR LINEAR LINEAR LINEAR LINEAR LINEAR LINEAR
LINEAR LINEAR LINEAR LINEAR LINEAR LINEAR LINEAR LINEAR LINEAR LINEAR LINEAR LINEAR
