<?xml version="1.0" encoding="utf-8"?>
<COLLADA xmlns="http://www.collada.org/2005/11/COLLADASchema" version="1.4.1">
  <asset><contributor><author>Mixamo</author><authoring_tool>COLLADA Mixamo exporter</authoring_tool><comments></comments></contributor><created>2018-10-27T22:32:55Z</created><modified>2018-10-27T22:32:55Z</modified><revision></revision><title></title><unit meter="0.010000"/><up_axis>Y_UP</up_axis></asset>
  <library_animations>
    <animation id="Hips-anim" name="Hips"><source id="Hips-Matrix-animation-input"><float_array id="Hips-Matrix-animation-input-array" count="77">

0.000000 0.033333 0.066667 0.100000 0.133333 0.166667 0.200000 0.233333 0.266667 0.300000 0.333333 0.366667 0.400000 0.433333 0.466667 0.500000
0.533333 0.566667 0.600000 0.633333 0.666667 0.700000 0.733333 0.766667 0.800000 0.833333 0.866667 0.900000 0.933333 0.966667 1.000000 1.033333
1.066667 1.100000 1.133333 1.166667 1.200000 1.233333 1.266667 1.300000 1.333333 1.366667 1.400000 1.433333 1.466667 1.500000 1.533333 1.566667
1.600000 1.633333 1.666667 1.700000 1.733333 1.766667 1.800000 1.833333 1.866667 1.900000 1.933333 1.966667 2.000000 2.033333 2.066667 2.100000
2.133333 2.166667 2.200000 2.233333 2.266667 2.300000 2.333333 2.366667 2.400000 2.433333 2.466667 2.500000 2.533333</float_array><technique_common><accessor source="#Hips-Matrix-animation-input-array" count="77"><param name="TIME" type="float"/></accessor></technique_common></source><source id="Hips-Matrix-animation-output-transform"><float_array id="Hips-Matrix-animation-output-transform-array" count="1232">

0.582127 -0.121429 -0.803979 0.000074 -0.014041 0.987137 -0.159259 80.553772 0.812976 0.103998 0.572935 0.000046 0.000000 0.000000 0.000000 1.000000
0.581087 -0.120278 -0.804904 0.003601 -0.014173 0.987373 -0.157776 80.589775 0.813718 0.103089 0.572045 0.024834 0.000000 0.000000 0.000000 1.000000
0.581020 -0.119256 -0.805105 0.024745 -0.014494 0.987534 -0.156738 80.627045 0.813760 0.102737 0.572048 0.041301 0.000000 0.000000 0.000000 1.000000
0.579343 -0.118000 -0.806497 0.027733 -0.014801 0.987779 -0.155156 80.676048 0.814949 0.101826 0.570517 0.066712 0.000000 0.000000 0.000000 1.000000
0.578931 -0.119348 -0.806595 0.022172 -0.014844 0.987523 -0.156774 80.731171 0.815242 0.102734 0.569936 0.086724 0.000000 0.000000 0.000000 1.000000
0.579146 -0.120015 -0.806341 0.039887 -0.015001 0.987368 -0.157734 80.782120 0.815086 0.103447 0.570030 0.101081 0.000000 0.000000 0.000000 1.000000
0.578041 -0.120148 -0.807114 0.053795 -0.015153 0.987350 -0.157830 80.834000 0.815867 0.103463 0.568908 0.122696 0.000000 0.000000 0.000000 1.000000
0.577057 -0.119473 -0.807918 0.070953 -0.015623 0.987446 -0.157180 80.889023 0.816555 0.103324 0.567946 0.142821 0.000000 0.000000 0.000000 1.000000
0.576815 -0.119561 -0.808078 0.090272 -0.016050 0.987381 -0.157547 80.940277 0.816717 0.103845 0.567617 0.164736 0.000000 0.000000 0.000000 1.000000
0.576311 -0.120288 -0.808329 0.110284 -0.016117 0.987243 -0.158403 80.991661 0.817071 0.104317 0.567021 0.186743 0.000000 0.000000 0.000000 1.000000
0.575860 -0.120149 -0.808672 0.132655 -0.016463 0.987237 -0.158403 81.041313 0.817383 0.104531 0.566532 0.207304 0.000000 0.000000 0.000000 1.000000
0.575815 -0.119851 -0.808748 0.155192 -0.017197 0.987203 -0.158541 81.087166 0.817399 0.105199 0.566385 0.220926 0.000000 0.000000 0.000000 1.000000
0.575559 -0.119687 -0.808954 0.175751 -0.017397 0.987215 -0.158439 81.132790 0.817575 0.105265 0.566119 0.236472 0.000000 0.000000 0.000000 1.000000
0.575107 -0.119922 -0.809241 0.193079 -0.017949 0.987110 -0.159036 81.178284 0.817881 0.105988 0.565541 0.243899 0.000000 0.000000 0.000000 1.000000
0.574877 -0.120143 -0.809371 0.208524 -0.018291 0.987028 -0.159506 81.227379 0.818035 0.106501 0.565222 0.251268 0.000000 0.000000 0.000000 1.000000
0.574544 -0.120573 -0.809544 0.220731 -0.018651 0.986904 -0.160226 81.264313 0.818261 0.107156 0.564771 0.251131 0.000000 0.000000 0.000000 1.000000
0.574248 -0.117543 -0.810199 0.252728 -0.019436 0.987403 -0.157027 81.289993 0.818450 0.105920 0.564730 0.247861 0.000000 0.000000 0.000000 1.000000
0.573839 -0.116049 -0.810704 0.276432 -0.019863 0.987646 -0.155438 81.312347 0.818727 0.105300 0.564445 0.239615 0.000000 0.000000 0.000000 1.000000
0.574448 -0.116814 -0.810163 0.290346 -0.019920 0.987476 -0.156504 81.321823 0.818299 0.106042 0.564927 0.231221 0.000000 0.000000 0.000000 1.000000
0.575420 -0.118456 -0.809234 0.299921 -0.019813 0.987146 -0.158587 81.321106 0.817618 0.107288 0.565677 0.223097 0.000000 0.000000 0.000000 1.000000
0.575897 -0.119487 -0.808743 0.308344 -0.019678 0.986949 -0.159829 81.314659 0.817285 0.107959 0.566029 0.216983 0.000000 0.000000 0.000000 1.000000
0.576299 -0.119353 -0.808477 0.323645 -0.019487 0.986990 -0.159597 81.303917 0.817007 0.107730 0.566475 0.212813 0.000000 0.000000 0.000000 1.000000
0.576540 -0.118814 -0.808384 0.336414 -0.019379 0.987104 -0.158903 81.288567 0.816839 0.107279 0.566803 0.207794 0.000000 0.000000 0.000000 1.000000
0.577237 -0.118806 -0.807888 0.351364 -0.019388 0.987086 -0.159012 81.263184 0.816347 0.107451 0.567479 0.198815 0.000000 0.000000 0.000000 1.000000
0.577486 -0.119864 -0.807553 0.371898 -0.018815 0.986946 -0.159946 81.230446 0.816183 0.107561 0.567693 0.185248 0.000000 0.000000 0.000000 1.000000
0.577654 -0.119690 -0.807459 0.387989 -0.018760 0.986984 -0.159722 81.190796 0.816066 0.107412 0.567890 0.164684 0.000000 0.000000 0.000000 1.000000
0.578235 -0.119507 -0.807070 0.408196 -0.018550 0.987033 -0.159445 81.146210 0.815660 0.107167 0.568520 0.140608 0.000000 0.000000 0.000000 1.000000
0.579258 -0.120299 -0.806219 0.434246 -0.018262 0.986887 -0.160378 81.091232 0.814940 0.107624 0.569465 0.103062 0.000000 0.000000 0.000000 1.000000
0.579435 -0.120267 -0.806096 0.452635 -0.017271 0.987018 -0.159675 81.030510 0.814835 0.106444 0.569836 0.066163 0.000000 0.000000 0.000000 1.000000
0.580131 -0.119965 -0.805640 0.465493 -0.016963 0.987100 -0.159201 80.979317 0.814347 0.106024 0.570612 0.021598 0.000000 0.000000 0.000000 1.000000
0.581129 -0.119298 -0.805020 0.473232 -0.016654 0.987246 -0.158326 80.935226 0.813641 0.105415 0.571731 -0.013232 0.000000 0.000000 0.000000 1.000000
0.581958 -0.119092 -0.804452 0.464884 -0.016346 0.987306 -0.157987 80.900864 0.813055 0.105092 0.572624 -0.043312 0.000000 0.000000 0.000000 1.000000
0.582548 -0.119040 -0.804032 0.448113 -0.016165 0.987325 -0.157889 80.872162 0.812635 0.104975 0.573240 -0.071650 0.000000 0.000000 0.000000 1.000000
0.583170 -0.118913 -0.803599 0.433398 -0.015988 0.987356 -0.157707 80.846901 0.812193 0.104818 0.573896 -0.093432 0.000000 0.000000 0.000000 1.000000
0.584138 -0.118400 -0.802972 0.433788 -0.015700 0.987470 -0.157026 80.821838 0.811502 0.104332 0.574960 -0.098055 0.000000 0.000000 0.000000 1.000000
0.583917 -0.117729 -0.803232 0.432345 -0.015497 0.987632 -0.156022 80.802902 0.811665 0.103551 0.574871 -0.087184 0.000000 0.000000 0.000000 1.000000
0.583501 -0.117535 -0.803562 0.431444 -0.015329 0.987701 -0.155600 80.789009 0.811968 0.103111 0.574523 -0.070827 0.000000 0.000000 0.000000 1.000000
0.582470 -0.117440 -0.804324 0.433991 -0.015309 0.987748 -0.155308 80.780716 0.812708 0.102775 0.573535 -0.046900 0.000000 0.000000 0.000000 1.000000
0.582342 -0.116903 -0.804495 0.448209 -0.015297 0.987856 -0.154620 80.781128 0.812800 0.102348 0.573481 -0.026698 0.000000 0.000000 0.000000 1.000000
0.581909 -0.117061 -0.804785 0.457597 -0.015302 0.987835 -0.154751 80.795235 0.813110 0.102366 0.573039 -0.004647 0.000000 0.000000 0.000000 1.000000
0.581432 -0.117439 -0.805074 0.467862 -0.015136 0.987795 -0.155025 80.817741 0.813454 0.102322 0.572558 0.021221 0.000000 0.000000 0.000000 1.000000
0.579937 -0.117540 -0.806138 0.474177 -0.015223 0.987801 -0.154979 80.854301 0.814519 0.102150 0.571073 0.057317 0.000000 0.000000 0.000000 1.000000
0.578112 -0.117538 -0.807448 0.479139 -0.015454 0.987816 -0.154858 80.899780 0.815811 0.102004 0.569251 0.098554 0.000000 0.000000 0.000000 1.000000
0.576702 -0.117740 -0.808426 0.484847 -0.015890 0.987756 -0.155193 80.949448 0.816800 0.102346 0.567770 0.144137 0.000000 0.000000 0.000000 1.000000
0.576119 -0.118078 -0.808792 0.498476 -0.016501 0.987629 -0.155940 80.998413 0.817199 0.103186 0.567043 0.198033 0.000000 0.000000 0.000000 1.000000
0.574752 -0.118467 -0.809707 0.502082 -0.017032 0.987520 -0.156572 81.055115 0.818151 0.103781 0.565561 0.257815 0.000000 0.000000 0.000000 1.000000
0.573191 -0.118270 -0.810842 0.505836 -0.017660 0.987516 -0.156525 81.115105 0.819232 0.104038 0.563946 0.315186 0.000000 0.000000 0.000000 1.000000
0.572029 -0.117321 -0.811799 0.514836 -0.018509 0.987619 -0.155773 81.169289 0.820024 0.104132 0.562776 0.375812 0.000000 0.000000 0.000000 1.000000
0.572208 -0.118147 -0.811553 0.519722 -0.018907 0.987405 -0.157079 81.225876 0.819890 0.105226 0.562768 0.426008 0.000000 0.000000 0.000000 1.000000
0.571381 -0.118443 -0.812093 0.526126 -0.019500 0.987292 -0.157715 81.274590 0.820453 0.105951 0.561810 0.462982 0.000000 0.000000 0.000000 1.000000
0.571178 -0.118718 -0.812196 0.530650 -0.020154 0.987159 -0.158465 81.320480 0.820579 0.106881 0.561451 0.495606 0.000000 0.000000 0.000000 1.000000
0.570944 -0.119241 -0.812284 0.532569 -0.020713 0.986989 -0.159446 81.370148 0.820728 0.107859 0.561046 0.523056 0.000000 0.000000 0.000000 1.000000
0.570583 -0.119376 -0.812517 0.534075 -0.021140 0.986916 -0.159845 81.414070 0.820968 0.108381 0.560594 0.539958 0.000000 0.000000 0.000000 1.000000
0.570462 -0.119998 -0.812511 0.536355 -0.021614 0.986733 -0.160903 81.442154 0.821040 0.109351 0.560300 0.539792 0.000000 0.000000 0.000000 1.000000
0.571030 -0.120178 -0.812085 0.537729 -0.022052 0.986624 -0.161514 81.459229 0.820633 0.110137 0.560741 0.529596 0.000000 0.000000 0.000000 1.000000
0.572256 -0.120619 -0.811156 0.537676 -0.022195 0.986484 -0.162348 81.465981 0.819775 0.110908 0.561844 0.507247 0.000000 0.000000 0.000000 1.000000
0.573226 -0.120780 -0.810447 0.526493 -0.022497 0.986384 -0.162912 81.465332 0.819088 0.111618 0.562704 0.473100 0.000000 0.000000 0.000000 1.000000
0.574209 -0.120358 -0.809813 0.512867 -0.022650 0.986421 -0.162667 81.458740 0.818395 0.111747 0.563686 0.435983 0.000000 0.000000 0.000000 1.000000
0.575161 -0.120557 -0.809108 0.493383 -0.022468 0.986380 -0.162942 81.442558 0.817732 0.111897 0.564618 0.396601 0.000000 0.000000 0.000000 1.000000
0.575944 -0.120823 -0.808511 0.471226 -0.022169 0.986346 -0.163190 81.416183 0.817189 0.111912 0.565401 0.352838 0.000000 0.000000 0.000000 1.000000
0.577268 -0.120851 -0.807563 0.451101 -0.021786 0.986356 -0.163180 81.379776 0.816264 0.111792 0.566758 0.313859 0.000000 0.000000 0.000000 1.000000
0.578620 -0.121488 -0.806498 0.434093 -0.020988 0.986298 -0.163630 81.325325 0.815327 0.111606 0.568143 0.274707 0.000000 0.000000 0.000000 1.000000
0.579651 -0.121744 -0.805719 0.414912 -0.020494 0.986285 -0.163771 81.262558 0.814607 0.111442 0.569206 0.229365 0.000000 0.000000 0.000000 1.000000
0.580555 -0.121911 -0.805043 0.380868 -0.019938 0.986302 -0.163738 81.207253 0.813977 0.111109 0.570172 0.191773 0.000000 0.000000 0.000000 1.000000
0.581180 -0.122447 -0.804510 0.352719 -0.018938 0.986312 -0.163798 81.143173 0.813555 0.110432 0.570906 0.144875 0.000000 0.000000 0.000000 1.000000
0.582010 -0.122412 -0.803915 0.321130 -0.018257 0.986389 -0.163415 81.076935 0.812977 0.109786 0.571853 0.099815 0.000000 0.000000 0.000000 1.000000
0.582532 -0.121527 -0.803671 0.279215 -0.017765 0.986620 -0.162069 81.016479 0.812614 0.108687 0.572578 0.060989 0.000000 0.000000 0.000000 1.000000
0.582940 -0.120936 -0.803465 0.236120 -0.017362 0.986781 -0.161126 80.959656 0.812330 0.107876 0.573134 0.018525 0.000000 0.000000 0.000000 1.000000
0.583503 -0.120988 -0.803048 0.191120 -0.016913 0.986816 -0.160963 80.900574 0.811935 0.107504 0.573764 -0.013714 0.000000 0.000000 0.000000 1.000000
0.584114 -0.121306 -0.802556 0.155810 -0.016312 0.986815 -0.161028 80.840477 0.811508 0.107150 0.574434 -0.042217 0.000000 0.000000 0.000000 1.000000
0.584356 -0.121754 -0.802312 0.124952 -0.015807 0.986785 -0.161262 80.779358 0.811343 0.106916 0.574709 -0.068907 0.000000 0.000000 0.000000 1.000000
0.584580 -0.121025 -0.802259 0.098744 -0.015003 0.987030 -0.159831 80.729416 0.811197 0.105470 0.575182 -0.077416 0.000000 0.000000 0.000000 1.000000
0.584383 -0.120940 -0.802415 0.068750 -0.014600 0.987105 -0.159410 80.692032 0.811346 0.104872 0.575082 -0.078225 0.000000 0.000000 0.000000 1.000000
0.583987 -0.120889 -0.802711 0.049153 -0.014099 0.987189 -0.158929 80.652687 0.811640 0.104130 0.574801 -0.070408 0.000000 0.000000 0.000000 1.000000
0.583545 -0.120979 -0.803019 0.034325 -0.013741 0.987228 -0.158717 80.614532 0.811965 0.103653 0.574430 -0.049997 0.000000 0.000000 0.000000 1.000000
0.583302 -0.120925 -0.803203 0.017336 -0.013527 0.987273 -0.158461 80.581490 0.812143 0.103295 0.574242 -0.020886 0.000000 0.000000 0.000000 1.000000
0.582323 -0.121404 -0.803842 0.000804 -0.014041 0.987137 -0.159259 80.553780 0.812837 0.104027 0.573128 0.003287 0.000000 0.000000 0.000000 1.000000</float_array><technique_common><accessor source="#Hips-Matrix-animation-output-transform-array" count="77" stride="16"><param type="float4x4"/></accessor></technique_common></source><source id="Hips-Interpolations"><Name_array id="Hips-Interpolations-array" count="77">
 LINEAR LINEAR LINEAR LINEAR LINEAR LINEAR LINEAR LINEAR LINEAR LINEAR LINEAR
LINEAR LINEAR LINEAR LINEAR LINEAR LINEAR LINEAR LINEAR LINEAR LINEAR LINEAR LINEAR
LINEAR LINEAR LINEAR LINEAR LINEAR LINEAR LINEAR LINEAR LINEAR LINEAR LINEAR LINEAR
LINEAR LINEAR LINEAR LINEAR LINEAR LINEAR LINEAR LINEAR LINEAR LINEAR LINEAR LINEAR
LINEAR LINEAR LINEAR LINEAR LINEAR LINEAR LINEAR LINEAR LINEAR LINEAR LINEAR LINEAR
LINEAR LINEAR LINEAR LINEAR LINEAR LINEAR LINEAR LINEAR LINEAR LINEAR LINEAR LINEAR
LINEAR LINEAR LINEAR LINEAR LINEAR LINEAR</Name_array><technique_common><accessor source="#Hips-Interpolations-array" count="77"><param type="name"/></accessor></technique_common></source><sampler id="Hips-Matrix-animation-transform"><input semantic="INPUT" source="#Hips-Matrix-animation-input"/><input semantic="OUTPUT" source="#Hips-Matrix-animation-output-transform"/><input semantic="INTERPOLATION" source="#Hips-Interpolations"/></sampler><channel source="#Hips-Matrix-animation-transform" target="Hips/matrix"/></animation>
    <animation id="Spine-anim" name="Spine"><source id="Spine-Matrix-animation-input"><float_array id="Spine-Matrix-animation-input-array" count="77">

0.000000 0.033333 0.066667 0.100000 0.133333 0.166667 0.200000 0.233333 0.266667 0.300000 0.333333 0.366667 0.400000 0.433333 0.466667 0.500000
0.533333 0.566667 0.600000 0.633333 0.666667 0.700000 0.733333 0.766667 0.800000 0.833333 0.866667 0.900000 0.933333 0.966667 1.000000 1.033333
1.066667 1.100000 1.133333 1.166667 1.200000 1.233333 1.266667 1.300000 1.333333 1.366667 1.400000 1.433333 1.466667 1.500000 1.533333 1.566667
1.600000 1.633333 1.666667 1.700000 1.733333 1.766667 1.800000 1.833333 1.866667 1.900000 1.933333 1.966667 2.000000 2.033333 2.066667 2.100000
2.133333 2.166667 2.200000 2.233333 2.266667 2.300000 2.333333 2.366667 2.400000 2.433333 2.466667 2.500000 2.533333</float_array><technique_common><accessor source="#Spine-Matrix-animation-input-array" count="77"><param name="TIME" type="float"/></accessor></technique_common></source><source id="Spine-Matrix-animation-output-transform"><float_array id="Spine-Matrix-animation-output-transform-array" count="1232">

0.996569 0.054883 0.061948 0.017300 -0.046550 0.990584 -0.128751 10.574800 -0.068431 0.125426 0.989740 -1.117200 0.000000 0.000000 0.000000 1.000000
0.996528 0.054842 0.062643 0.017300 -0.046362 0.990481 -0.129604 10.574800 -0.069154 0.126250 0.989585 -1.117200 0.000000 0.000000 0.000000 1.000000
0.996558 0.054554 0.062418 0.017300 -0.045983 0.990270 -0.131342 10.574800 -0.068976 0.128020 0.989370 -1.117200 0.000000 0.000000 0.000000 1.000000
0.996524 0.054883 0.062677 0.017300 -0.046242 0.990192 -0.131839 10.574800 -0.069298 0.128482 0.989288 -1.117200 0.000000 0.000000 0.000000 1.000000
0.996506 0.055652 0.062278 0.017300 -0.047206 0.990428 -0.129704 10.574800 -0.068900 0.126311 0.989595 -1.117200 0.000000 0.000000 0.000000 1.000000
0.996550 0.056073 0.061187 0.017300 -0.047865 0.990589 -0.128230 10.574800 -0.067801 0.124859 0.989855 -1.117200 0.000000 0.000000 0.000000 1.000000
0.996546 0.056450 0.060898 0.017300 -0.048259 0.990539 -0.128470 10.574800 -0.067574 0.125087 0.989842 -1.117200 0.000000 0.000000 0.000000 1.000000
0.996554 0.056607 0.060627 0.017300 -0.048406 0.990449 -0.129106 10.574800 -0.067356 0.125727 0.989776 -1.117200 0.000000 0.000000 0.000000 1.000000
0.996596 0.056680 0.059870 0.017300 -0.048598 0.990485 -0.128753 10.574800 -0.066598 0.125406 0.989868 -1.117200 0.000000 0.000000 0.000000 1.000000
0.996582 0.057054 0.059742 0.017300 -0.049041 0.990570 -0.127933 10.574800 -0.066478 0.124566 0.989982 -1.117200 0.000000 0.000000 0.000000 1.000000
0.996587 0.057044 0.059677 0.017300 -0.049041 0.990574 -0.127900 10.574800 -0.066410 0.124537 0.989990 -1.117200 0.000000 0.000000 0.000000 1.000000
0.996644 0.056696 0.059037 0.017300 -0.048736 0.990512 -0.128496 10.574800 -0.065762 0.125188 0.989951 -1.117200 0.000000 0.000000 0.000000 1.000000
0.996658 0.056705 0.058800 0.017300 -0.048740 0.990443 -0.129025 10.574800 -0.065555 0.125728 0.989897 -1.117200 0.000000 0.000000 0.000000 1.000000
0.996671 0.056480 0.058797 0.017300 -0.048517 0.990454 -0.129025 10.574800 -0.065523 0.125743 0.989897 -1.117200 0.000000 0.000000 0.000000 1.000000
0.996708 0.056242 0.058397 0.017300 -0.048357 0.990513 -0.128629 10.574800 -0.065077 0.125382 0.989972 -1.117200 0.000000 0.000000 0.000000 1.000000
0.996712 0.056250 0.058327 0.017300 -0.048376 0.990518 -0.128582 10.574800 -0.065007 0.125337 0.989982 -1.117200 0.000000 0.000000 0.000000 1.000000
0.996742 0.055529 0.058503 0.017300 -0.047382 0.990056 -0.132457 10.574800 -0.065277 0.129253 0.989461 -1.117200 0.000000 0.000000 0.000000 1.000000
0.996767 0.054899 0.058661 0.017300 -0.046510 0.989634 -0.135872 10.574800 -0.065512 0.132704 0.988988 -1.117200 0.000000 0.000000 0.000000 1.000000
0.996780 0.054844 0.058489 0.017300 -0.046555 0.989790 -0.134714 10.574800 -0.065280 0.131557 0.989157 -1.117200 0.000000 0.000000 0.000000 1.000000
0.996814 0.054807 0.057950 0.017300 -0.046747 0.990108 -0.132294 10.574800 -0.064627 0.129163 0.989515 -1.117200 0.000000 0.000000 0.000000 1.000000
0.996801 0.054807 0.058164 0.017300 -0.046791 0.990250 -0.131209 10.574800 -0.064788 0.128068 0.989647 -1.117200 0.000000 0.000000 0.000000 1.000000
0.996793 0.054611 0.058489 0.017300 -0.046528 0.990209 -0.131607 10.574800 -0.065104 0.128463 0.989575 -1.117200 0.000000 0.000000 0.000000 1.000000
0.996849 0.054019 0.058092 0.017300 -0.045941 0.990134 -0.132381 10.574800 -0.064670 0.129295 0.989495 -1.117200 0.000000 0.000000 0.000000 1.000000
0.996874 0.053628 0.058014 0.017300 -0.045549 0.990126 -0.132572 10.574800 -0.064550 0.129515 0.989474 -1.117200 0.000000 0.000000 0.000000 1.000000
0.996861 0.053545 0.058326 0.017300 -0.045450 0.990179 -0.132209 10.574800 -0.064832 0.129143 0.989504 -1.117200 0.000000 0.000000 0.000000 1.000000
0.996883 0.053168 0.058296 0.017300 -0.045054 0.990144 -0.132608 10.574800 -0.064772 0.129568 0.989453 -1.117200 0.000000 0.000000 0.000000 1.000000
0.996915 0.052705 0.058163 0.017300 -0.044575 0.990091 -0.133162 10.574800 -0.064604 0.130158 0.989386 -1.117200 0.000000 0.000000 0.000000 1.000000
0.996923 0.052583 0.058140 0.017300 -0.044467 0.990116 -0.133016 10.574800 -0.064560 0.130021 0.989407 -1.117200 0.000000 0.000000 0.000000 1.000000
0.996898 0.052814 0.058355 0.017300 -0.044637 0.990045 -0.133489 10.574800 -0.064824 0.130470 0.989331 -1.117200 0.000000 0.000000 0.000000 1.000000
0.996894 0.052666 0.058563 0.017300 -0.044413 0.989951 -0.134253 10.574800 -0.065045 0.131235 0.989215 -1.117200 0.000000 0.000000 0.000000 1.000000
0.996908 0.052283 0.058655 0.017300 -0.043982 0.989892 -0.134828 10.574800 -0.065112 0.131831 0.989131 -1.117200 0.000000 0.000000 0.000000 1.000000
0.996919 0.052081 0.058652 0.017300 -0.043789 0.989914 -0.134732 10.574800 -0.065078 0.131749 0.989145 -1.117200 0.000000 0.000000 0.000000 1.000000
0.996927 0.051966 0.058625 0.017300 -0.043722 0.990010 -0.134050 10.574800 -0.065005 0.131075 0.989239 -1.117200 0.000000 0.000000 0.000000 1.000000
0.996947 0.051724 0.058498 0.017300 -0.043536 0.990095 -0.133476 10.574800 -0.064823 0.130522 0.989324 -1.117200 0.000000 0.000000 0.000000 1.000000
0.996995 0.051164 0.058169 0.017300 -0.043012 0.990093 -0.133661 10.574800 -0.064432 0.130757 0.989319 -1.117200 0.000000 0.000000 0.000000 1.000000
0.997026 0.050643 0.058081 0.017300 -0.042483 0.990068 -0.134020 10.574800 -0.064292 0.131154 0.989275 -1.117200 0.000000 0.000000 0.000000 1.000000
0.997015 0.050359 0.058515 0.017300 -0.042156 0.990107 -0.133836 10.574800 -0.064676 0.130969 0.989274 -1.117200 0.000000 0.000000 0.000000 1.000000
0.996999 0.050052 0.059050 0.017300 -0.041767 0.990097 -0.134025 10.574800 -0.065173 0.131156 0.989217 -1.117200 0.000000 0.000000 0.000000 1.000000
0.997007 0.049802 0.059127 0.017300 -0.041475 0.990039 -0.134547 10.574800 -0.065239 0.131692 0.989142 -1.117200 0.000000 0.000000 0.000000 1.000000
0.997010 0.049860 0.059040 0.017300 -0.041545 0.990038 -0.134529 10.574800 -0.065159 0.131674 0.989149 -1.117200 0.000000 0.000000 0.000000 1.000000
0.996992 0.050267 0.058998 0.017300 -0.041966 0.990044 -0.134360 10.574800 -0.065165 0.131480 0.989175 -1.117200 0.000000 0.000000 0.000000 1.000000
0.996922 0.050816 0.059700 0.017300 -0.042405 0.989996 -0.134570 10.574800 -0.065941 0.131625 0.989104 -1.117200 0.000000 0.000000 0.000000 1.000000
0.996833 0.051379 0.060692 0.017300 -0.042816 0.989945 -0.134820 10.574800 -0.067009 0.131795 0.989010 -1.117200 0.000000 0.000000 0.000000 1.000000
0.996799 0.051775 0.060919 0.017300 -0.043197 0.989964 -0.134553 10.574800 -0.067274 0.131491 0.989032 -1.117200 0.000000 0.000000 0.000000 1.000000
0.996821 0.051991 0.060365 0.017300 -0.043525 0.990031 -0.133955 10.574800 -0.066727 0.130902 0.989147 -1.117200 0.000000 0.000000 0.000000 1.000000
0.996783 0.052654 0.060433 0.017300 -0.044209 0.990070 -0.133440 10.574800 -0.066859 0.130339 0.989213 -1.117200 0.000000 0.000000 0.000000 1.000000
0.996728 0.053302 0.060768 0.017300 -0.044787 0.990000 -0.133771 10.574800 -0.067290 0.130611 0.989147 -1.117200 0.000000 0.000000 0.000000 1.000000
0.996710 0.053630 0.060776 0.017300 -0.045035 0.989836 -0.134894 10.574800 -0.067392 0.131713 0.988994 -1.117200 0.000000 0.000000 0.000000 1.000000
0.996710 0.054333 0.060141 0.017300 -0.045841 0.989849 -0.134526 10.574800 -0.066840 0.131327 0.989083 -1.117200 0.000000 0.000000 0.000000 1.000000
0.996670 0.055262 0.059960 0.017300 -0.046818 0.989863 -0.134091 10.574800 -0.066762 0.130837 0.989153 -1.117200 0.000000 0.000000 0.000000 1.000000
0.996623 0.056051 0.060008 0.017300 -0.047608 0.989851 -0.133900 10.574800 -0.066905 0.130591 0.989176 -1.117200 0.000000 0.000000 0.000000 1.000000
0.996585 0.056599 0.060126 0.017300 -0.048174 0.989898 -0.133345 10.574800 -0.067066 0.129993 0.989244 -1.117200 0.000000 0.000000 0.000000 1.000000
0.996511 0.057191 0.060788 0.017300 -0.048680 0.989880 -0.133297 10.574800 -0.067796 0.129872 0.989210 -1.117200 0.000000 0.000000 0.000000 1.000000
0.996454 0.057734 0.061200 0.017300 -0.049169 0.989863 -0.133243 10.574800 -0.068272 0.129762 0.989192 -1.117200 0.000000 0.000000 0.000000 1.000000
0.996433 0.057904 0.061383 0.017300 -0.049320 0.989868 -0.133149 10.574800 -0.068471 0.129647 0.989193 -1.117200 0.000000 0.000000 0.000000 1.000000
0.996408 0.057996 0.061707 0.017300 -0.049392 0.989908 -0.132824 10.574800 -0.068788 0.129299 0.989217 -1.117200 0.000000 0.000000 0.000000 1.000000
0.996380 0.058080 0.062085 0.017300 -0.049425 0.989904 -0.132845 10.574800 -0.069173 0.129296 0.989190 -1.117200 0.000000 0.000000 0.000000 1.000000
0.996361 0.058133 0.062340 0.017300 -0.049406 0.989831 -0.133391 10.574800 -0.069460 0.129825 0.989101 -1.117200 0.000000 0.000000 0.000000 1.000000
0.996340 0.058090 0.062701 0.017300 -0.049319 0.989841 -0.133352 10.574800 -0.069811 0.129771 0.989083 -1.117200 0.000000 0.000000 0.000000 1.000000
0.996363 0.057643 0.062751 0.017300 -0.048887 0.989898 -0.133089 10.574800 -0.069789 0.129538 0.989116 -1.117200 0.000000 0.000000 0.000000 1.000000
0.996394 0.057283 0.062587 0.017300 -0.048558 0.989928 -0.132986 10.574800 -0.069574 0.129468 0.989140 -1.117200 0.000000 0.000000 0.000000 1.000000
0.996419 0.057121 0.062344 0.017300 -0.048447 0.989969 -0.132721 10.574800 -0.069300 0.129225 0.989191 -1.117200 0.000000 0.000000 0.000000 1.000000
0.996473 0.056568 0.061976 0.017300 -0.047967 0.990035 -0.132403 10.574800 -0.068848 0.128963 0.989257 -1.117200 0.000000 0.000000 0.000000 1.000000
0.996488 0.056252 0.062029 0.017300 -0.047672 0.990098 -0.132037 10.574800 -0.068842 0.128616 0.989302 -1.117200 0.000000 0.000000 0.000000 1.000000
0.996456 0.056436 0.062369 0.017300 -0.047811 0.990091 -0.132040 10.574800 -0.069203 0.128590 0.989280 -1.117200 0.000000 0.000000 0.000000 1.000000
0.996481 0.056164 0.062226 0.017300 -0.047554 0.990093 -0.132118 10.574800 -0.069030 0.128694 0.989279 -1.117200 0.000000 0.000000 0.000000 1.000000
0.996494 0.055877 0.062271 0.017300 -0.047256 0.990094 -0.132212 10.574800 -0.069042 0.128805 0.989264 -1.117200 0.000000 0.000000 0.000000 1.000000
0.996473 0.055910 0.062567 0.017300 -0.047261 0.990114 -0.132065 10.574800 -0.069332 0.128643 0.989264 -1.117200 0.000000 0.000000 0.000000 1.000000
0.996470 0.055881 0.062654 0.017300 -0.047297 0.990256 -0.130978 10.574800 -0.069362 0.127552 0.989404 -1.117200 0.000000 0.000000 0.000000 1.000000
0.996458 0.055857 0.062867 0.017300 -0.047348 0.990445 -0.129527 10.574800 -0.069501 0.126091 0.989581 -1.117200 0.000000 0.000000 0.000000 1.000000
0.996432 0.055939 0.063205 0.017300 -0.047422 0.990508 -0.129017 10.574800 -0.069822 0.125559 0.989626 -1.117200 0.000000 0.000000 0.000000 1.000000
0.996437 0.055927 0.063129 0.017300 -0.047384 0.990441 -0.129543 10.574800 -0.069771 0.126090 0.989562 -1.117200 0.000000 0.000000 0.000000 1.000000
0.996469 0.055639 0.062884 0.017300 -0.047119 0.990437 -0.129672 10.574800 -0.069497 0.126251 0.989561 -1.117200 0.000000 0.000000 0.000000 1.000000
0.996473 0.055465 0.062977 0.017300 -0.046927 0.990431 -0.129788 10.574800 -0.069573 0.126375 0.989540 -1.117200 0.000000 0.000000 0.000000 1.000000
0.996496 0.055376 0.062690 0.017300 -0.046868 0.990422 -0.129874 10.574800 -0.069281 0.126481 0.989547 -1.117200 0.000000 0.000000 0.000000 1.000000
0.996526 0.055282 0.062286 0.017300 -0.046829 0.990430 -0.129825 10.574800 -0.068867 0.126457 0.989579 -1.117200 0.000000 0.000000 0.000000 1.000000
0.996569 0.054883 0.061948 0.017300 -0.046550 0.990584 -0.128751 10.574800 -0.068431 0.125426 0.989740 -1.117200 0.000000 0.000000 0.000000 1.000000</float_array><technique_common><accessor source="#Spine-Matrix-animation-output-transform-array" count="77" stride="16"><param type="float4x4"/></accessor></technique_common></source><source id="Spine-Interpolations"><Name_array id="Spine-Interpolations-array" count="77">
 LINEAR LINEAR LINEAR LINEAR LINEAR LINEAR LINEAR LINEAR LINEAR LINEAR LINEAR
LINEAR LINEAR LINEAR LINEAR LINEAR LINEAR LINEAR LINEAR LINEAR LINEAR LINEAR LINEAR
LINEAR LINEAR LINEAR LINEAR LINEAR LINEAR LINEAR LINEAR LINEAR LINEAR LINEAR LINEAR
LINEAR LINEAR LINEAR LINEAR LINEAR LINEAR LINEAR LINEAR LINEAR LINEAR LINEAR LINEAR
LINEAR LINEAR LINEAR LINEAR LINEAR LINEAR LINEAR LINEAR LINEAR LINEAR LINEAR LINEAR
LINEAR LINEAR LINEAR LINEAR LINEAR LINEAR LINEAR LINEAR LINEAR LINEAR LINEAR LINEAR
LINEAR LINEAR LINEAR LINEAR LINEAR LINEAR</Name_array><technique_common><accessor source="#Spine-Interpolations-array" count="77"><param type="name"/></accessor></technique_common></source><sampler id="Spine-Matrix-animation-transform"><input semantic="INPUT" source="#Spine-Matrix-animation-input"/><input semantic="OUTPUT" source="#Spine-Matrix-animation-output-transform"/><input semantic="INTERPOLATION" source="#Spine-Interpolations"/></sampler><channel source="#Spine-Matrix-animation-transform" target="Spine/matrix"/></animation>
    <animation id="Spine1-anim" name="Spine1"><source id="Spine1-Matrix-animation-input"><float_array id="Spine1-Matrix-animation-input-array" count="77">

0.000000 0.033333 0.066667 0.100000 0.133333 0.166667 0.200000 0.233333 0.266667 0.300000 0.333333 0.366667 0.400000 0.433333 0.466667 0.500000
0.533333 0.566667 0.600000 0.633333 0.666667 0.700000 0.733333 0.766667 0.800000 0.833333 0.866667 0.900000 0.933333 0.966667 1.000000 1.033333
1.066667 1.100000 1.133333 1.166667 1.200000 1.233333 1.266667 1.300000 1.333333 1.366667 1.400000 1.433333 1.466667 1.500000 1.533333 1.566667
1.600000 1.633333 1.666667 1.700000 1.733333 1.766667 1.800000 1.833333 1.866667 1.900000 1.933333 1.966667 2.000000 2.033333 2.066667 2.100000
2.133333 2.166667 2.200000 2.233333 2.266667 2.300000 2.333333 2.366667 2.400000 2.433333 2.466667 2.500000 2.533333</float_array><technique_common><accessor source="#Spine1-Matrix-animation-input-array" count="77"><param name="TIME" type="float"/></accessor></technique_common></source><source id="Spine1-Matrix-animation-output-transform"><float_array id="Spine1-Matrix-animation-output-transform-array" count="1232">

0.998869 -0.040583 0.024755 0.019000 0.041109 0.998932 -0.021097 12.337300 -0.023873 0.022091 0.999471 -1.303400 0.000000 0.000000 0.000000 1.000000
0.998870 -0.040538 0.024789 0.019000 0.041114 0.998886 -0.023174 12.337300 -0.023822 0.024167 0.999424 -1.303400 0.000000 0.000000 0.000000 1.000000
0.998873 -0.040493 0.024778 0.019000 0.041125 0.998827 -0.025554 12.337300 -0.023715 0.026544 0.999366 -1.303400 0.000000 0.000000 0.000000 1.000000
0.998873 -0.040491 0.024776 0.019000 0.041184 0.998756 -0.028124 12.337300 -0.023606 0.029113 0.999297 -1.303400 0.000000 0.000000 0.000000 1.000000
0.998873 -0.040488 0.024772 0.019000 0.041238 0.998682 -0.030562 12.337300 -0.023502 0.031549 0.999226 -1.303400 0.000000 0.000000 0.000000 1.000000
0.998873 -0.040489 0.024767 0.019000 0.041290 0.998612 -0.032712 12.337300 -0.023408 0.033697 0.999158 -1.303400 0.000000 0.000000 0.000000 1.000000
0.998873 -0.040498 0.024766 0.019000 0.041340 0.998549 -0.034503 12.337300 -0.023333 0.035488 0.999098 -1.303400 0.000000 0.000000 0.000000 1.000000
0.998872 -0.040504 0.024799 0.019000 0.041377 0.998502 -0.035796 12.337300 -0.023312 0.036782 0.999051 -1.303400 0.000000 0.000000 0.000000 1.000000
0.998871 -0.040508 0.024829 0.019000 0.041398 0.998478 -0.036447 12.337300 -0.023315 0.037434 0.999027 -1.303400 0.000000 0.000000 0.000000 1.000000
0.998870 -0.040527 0.024810 0.019000 0.041415 0.998479 -0.036403 12.337300 -0.023297 0.037390 0.999029 -1.303400 0.000000 0.000000 0.000000 1.000000
0.998872 -0.040569 0.024679 0.019000 0.041438 0.998499 -0.035802 12.337300 -0.023190 0.036785 0.999054 -1.303400 0.000000 0.000000 0.000000 1.000000
0.998874 -0.040629 0.024477 0.019000 0.041467 0.998535 -0.034753 12.337300 -0.023030 0.035728 0.999096 -1.303400 0.000000 0.000000 0.000000 1.000000
0.998875 -0.040687 0.024368 0.019000 0.041485 0.998588 -0.033193 12.337300 -0.022983 0.034167 0.999152 -1.303400 0.000000 0.000000 0.000000 1.000000
0.998875 -0.040758 0.024259 0.019000 0.041508 0.998649 -0.031252 12.337300 -0.022952 0.032223 0.999217 -1.303400 0.000000 0.000000 0.000000 1.000000
0.998874 -0.040845 0.024138 0.019000 0.041539 0.998715 -0.029019 12.337300 -0.022921 0.029989 0.999287 -1.303400 0.000000 0.000000 0.000000 1.000000
0.998872 -0.040956 0.024008 0.019000 0.041590 0.998783 -0.026502 12.337300 -0.022893 0.027470 0.999360 -1.303400 0.000000 0.000000 0.000000 1.000000
0.998870 -0.041091 0.023889 0.019000 0.041668 0.998838 -0.024198 12.337300 -0.022867 0.025166 0.999422 -1.303400 0.000000 0.000000 0.000000 1.000000
0.998867 -0.041230 0.023769 0.019000 0.041750 0.998890 -0.021824 12.337300 -0.022842 0.022792 0.999479 -1.303400 0.000000 0.000000 0.000000 1.000000
0.998864 -0.041380 0.023629 0.019000 0.041832 0.998944 -0.018986 12.337300 -0.022818 0.019953 0.999540 -1.303400 0.000000 0.000000 0.000000 1.000000
0.998862 -0.041504 0.023483 0.019000 0.041886 0.998993 -0.016049 12.337300 -0.022793 0.017014 0.999595 -1.303400 0.000000 0.000000 0.000000 1.000000
0.998861 -0.041614 0.023349 0.019000 0.041934 0.999030 -0.013401 12.337300 -0.022768 0.014365 0.999638 -1.303400 0.000000 0.000000 0.000000 1.000000
0.998860 -0.041713 0.023228 0.019000 0.041978 0.999057 -0.011052 12.337300 -0.022745 0.012015 0.999669 -1.303400 0.000000 0.000000 0.000000 1.000000
0.998859 -0.041798 0.023114 0.019000 0.042013 0.999078 -0.008883 12.337300 -0.022721 0.009844 0.999693 -1.303400 0.000000 0.000000 0.000000 1.000000
0.998858 -0.041858 0.023015 0.019000 0.042031 0.999091 -0.007067 12.337300 -0.022699 0.008026 0.999710 -1.303400 0.000000 0.000000 0.000000 1.000000
0.998859 -0.041886 0.022935 0.019000 0.042027 0.999100 -0.005706 12.337300 -0.022676 0.006664 0.999721 -1.303400 0.000000 0.000000 0.000000 1.000000
0.998861 -0.041873 0.022874 0.019000 0.041994 0.999106 -0.004811 12.337300 -0.022653 0.005766 0.999727 -1.303400 0.000000 0.000000 0.000000 1.000000
0.998866 -0.041779 0.022828 0.019000 0.041890 0.999113 -0.004380 12.337300 -0.022625 0.005331 0.999730 -1.303400 0.000000 0.000000 0.000000 1.000000
0.998877 -0.041531 0.022791 0.019000 0.041643 0.999123 -0.004458 12.337300 -0.022586 0.005403 0.999730 -1.303400 0.000000 0.000000 0.000000 1.000000
0.998891 -0.041207 0.022773 0.019000 0.041333 0.999132 -0.005089 12.337300 -0.022544 0.006024 0.999728 -1.303400 0.000000 0.000000 0.000000 1.000000
0.998904 -0.040883 0.022776 0.019000 0.041032 0.999139 -0.006090 12.337300 -0.022507 0.007018 0.999722 -1.303400 0.000000 0.000000 0.000000 1.000000
0.998918 -0.040533 0.022792 0.019000 0.040711 0.999144 -0.007398 12.337300 -0.022473 0.008318 0.999713 -1.303400 0.000000 0.000000 0.000000 1.000000
0.998931 -0.040205 0.022826 0.019000 0.040418 0.999143 -0.008937 12.337300 -0.022447 0.009850 0.999700 -1.303400 0.000000 0.000000 0.000000 1.000000
0.998939 -0.039958 0.022881 0.019000 0.040210 0.999135 -0.010644 12.337300 -0.022436 0.011553 0.999682 -1.303400 0.000000 0.000000 0.000000 1.000000
0.998944 -0.039797 0.022959 0.019000 0.040091 0.999118 -0.012493 12.337300 -0.022441 0.013401 0.999658 -1.303400 0.000000 0.000000 0.000000 1.000000
0.998945 -0.039715 0.023057 0.019000 0.040055 0.999093 -0.014470 12.337300 -0.022462 0.015378 0.999629 -1.303400 0.000000 0.000000 0.000000 1.000000
0.998944 -0.039667 0.023170 0.019000 0.040055 0.999061 -0.016530 12.337300 -0.022493 0.017441 0.999595 -1.303400 0.000000 0.000000 0.000000 1.000000
0.998943 -0.039638 0.023295 0.019000 0.040075 0.999023 -0.018608 12.337300 -0.022534 0.019521 0.999555 -1.303400 0.000000 0.000000 0.000000 1.000000
0.998940 -0.039615 0.023428 0.019000 0.040102 0.998981 -0.020707 12.337300 -0.022584 0.021625 0.999511 -1.303400 0.000000 0.000000 0.000000 1.000000
0.998936 -0.039626 0.023576 0.019000 0.040165 0.998932 -0.022826 12.337300 -0.022646 0.023749 0.999461 -1.303400 0.000000 0.000000 0.000000 1.000000
0.998932 -0.039644 0.023733 0.019000 0.040234 0.998879 -0.024932 12.337300 -0.022718 0.025860 0.999407 -1.303400 0.000000 0.000000 0.000000 1.000000
0.998927 -0.039664 0.023898 0.019000 0.040305 0.998823 -0.026980 12.337300 -0.022799 0.027914 0.999350 -1.303400 0.000000 0.000000 0.000000 1.000000
0.998920 -0.039671 0.024191 0.019000 0.040366 0.998766 -0.028948 12.337300 -0.023013 0.029894 0.999288 -1.303400 0.000000 0.000000 0.000000 1.000000
0.998911 -0.039678 0.024531 0.019000 0.040426 0.998708 -0.030782 12.337300 -0.023278 0.031740 0.999225 -1.303400 0.000000 0.000000 0.000000 1.000000
0.998905 -0.039723 0.024708 0.019000 0.040515 0.998653 -0.032425 12.337300 -0.023386 0.033391 0.999169 -1.303400 0.000000 0.000000 0.000000 1.000000
0.998901 -0.039764 0.024816 0.019000 0.040592 0.998603 -0.033825 12.337300 -0.023436 0.034795 0.999120 -1.303400 0.000000 0.000000 0.000000 1.000000
0.998898 -0.039798 0.024887 0.019000 0.040655 0.998562 -0.034936 12.337300 -0.023461 0.035909 0.999080 -1.303400 0.000000 0.000000 0.000000 1.000000
0.998895 -0.039834 0.024928 0.019000 0.040711 0.998532 -0.035732 12.337300 -0.023468 0.036707 0.999050 -1.303400 0.000000 0.000000 0.000000 1.000000
0.998894 -0.039860 0.024941 0.019000 0.040747 0.998517 -0.036117 12.337300 -0.023464 0.037094 0.999036 -1.303400 0.000000 0.000000 0.000000 1.000000
0.998893 -0.039893 0.024931 0.019000 0.040777 0.998520 -0.035986 12.337300 -0.023458 0.036963 0.999041 -1.303400 0.000000 0.000000 0.000000 1.000000
0.998892 -0.039928 0.024915 0.019000 0.040802 0.998533 -0.035590 12.337300 -0.023457 0.036567 0.999056 -1.303400 0.000000 0.000000 0.000000 1.000000
0.998891 -0.039965 0.024898 0.019000 0.040821 0.998558 -0.034858 12.337300 -0.023469 0.035836 0.999082 -1.303400 0.000000 0.000000 0.000000 1.000000
0.998890 -0.040009 0.024879 0.019000 0.040834 0.998601 -0.033603 12.337300 -0.023500 0.034582 0.999126 -1.303400 0.000000 0.000000 0.000000 1.000000
0.998888 -0.040050 0.024888 0.019000 0.040837 0.998654 -0.031964 12.337300 -0.023575 0.032945 0.999179 -1.303400 0.000000 0.000000 0.000000 1.000000
0.998886 -0.040093 0.024895 0.019000 0.040834 0.998715 -0.030029 12.337300 -0.023659 0.031013 0.999239 -1.303400 0.000000 0.000000 0.000000 1.000000
0.998884 -0.040134 0.024900 0.019000 0.040825 0.998778 -0.027865 12.337300 -0.023751 0.028850 0.999302 -1.303400 0.000000 0.000000 0.000000 1.000000
0.998882 -0.040176 0.024897 0.019000 0.040809 0.998842 -0.025496 12.337300 -0.023844 0.026484 0.999365 -1.303400 0.000000 0.000000 0.000000 1.000000
0.998881 -0.040215 0.024877 0.019000 0.040789 0.998902 -0.023047 12.337300 -0.023922 0.024036 0.999425 -1.303400 0.000000 0.000000 0.000000 1.000000
0.998881 -0.040250 0.024842 0.019000 0.040764 0.998958 -0.020535 12.337300 -0.023989 0.021525 0.999480 -1.303400 0.000000 0.000000 0.000000 1.000000
0.998882 -0.040255 0.024798 0.019000 0.040706 0.999010 -0.017966 12.337300 -0.024050 0.018956 0.999531 -1.303400 0.000000 0.000000 0.000000 1.000000
0.998883 -0.040255 0.024761 0.019000 0.040647 0.999053 -0.015551 12.337300 -0.024112 0.016540 0.999572 -1.303400 0.000000 0.000000 0.000000 1.000000
0.998883 -0.040256 0.024742 0.019000 0.040592 0.999088 -0.013218 12.337300 -0.024187 0.014208 0.999606 -1.303400 0.000000 0.000000 0.000000 1.000000
0.998883 -0.040267 0.024739 0.019000 0.040548 0.999117 -0.010994 12.337300 -0.024275 0.011985 0.999633 -1.303400 0.000000 0.000000 0.000000 1.000000
0.998882 -0.040276 0.024748 0.019000 0.040510 0.999138 -0.009023 12.337300 -0.024364 0.010016 0.999653 -1.303400 0.000000 0.000000 0.000000 1.000000
0.998882 -0.040285 0.024736 0.019000 0.040479 0.999153 -0.007414 12.337300 -0.024417 0.008407 0.999667 -1.303400 0.000000 0.000000 0.000000 1.000000
0.998882 -0.040289 0.024723 0.019000 0.040456 0.999161 -0.006303 12.337300 -0.024448 0.007296 0.999674 -1.303400 0.000000 0.000000 0.000000 1.000000
0.998882 -0.040286 0.024718 0.019000 0.040439 0.999166 -0.005743 12.337300 -0.024466 0.006736 0.999678 -1.303400 0.000000 0.000000 0.000000 1.000000
0.998883 -0.040276 0.024722 0.019000 0.040429 0.999166 -0.005717 12.337300 -0.024471 0.006711 0.999678 -1.303400 0.000000 0.000000 0.000000 1.000000
0.998883 -0.040261 0.024735 0.019000 0.040426 0.999163 -0.006202 12.337300 -0.024464 0.007195 0.999675 -1.303400 0.000000 0.000000 0.000000 1.000000
0.998883 -0.040263 0.024745 0.019000 0.040451 0.999156 -0.007174 12.337300 -0.024435 0.008167 0.999668 -1.303400 0.000000 0.000000 0.000000 1.000000
0.998883 -0.040267 0.024740 0.019000 0.040488 0.999144 -0.008475 12.337300 -0.024377 0.009467 0.999658 -1.303400 0.000000 0.000000 0.000000 1.000000
