<?xml version="1.0" encoding="utf-8"?>
<COLLADA xmlns="http://www.collada.org/2005/11/COLLADASchema" version="1.4.1">
  <asset><contributor><author>Mixamo</author><authoring_tool>COLLADA Mixamo exporter</authoring_tool><comments></comments></contributor><created>2018-10-31T00:52:34Z</created><modified>2018-10-31T00:52:34Z</modified><revision></revision><title></title><unit meter="0.010000"/><up_axis>Y_UP</up_axis></asset>
  <library_animations>
    <animation id="Hips-anim" name="Hips"><source id="Hips-Matrix-animation-input"><float_array id="Hips-Matrix-animation-input-array" count="70">

0.000000 0.033333 0.066667 0.100000 0.133333 0.166667 0.200000 0.233333 0.266667 0.300000 0.333333 0.366667 0.400000 0.433333 0.466667 0.500000
0.533333 0.566667 0.600000 0.633333 0.666667 0.700000 0.733333 0.766667 0.800000 0.833333 0.866667 0.900000 0.933333 0.966667 1.000000 1.033333
1.066667 1.100000 1.133333 1.166667 1.200000 1.233333 1.266667 1.300000 1.333333 1.366667 1.400000 1.433333 1.466667 1.500000 1.533333 1.566667
1.600000 1.633333 1.666667 1.700000 1.733333 1.766667 1.800000 1.833333 1.866667 1.900000 1.933333 1.966667 2.000000 2.033333 2.066667 2.100000
2.133333 2.166667 2.200000 2.233333 2.266667 2.300000</float_array><technique_common><accessor source="#Hips-Matrix-animation-input-array" count="70"><param name="TIME" type="float"/></accessor></technique_common></source><source id="Hips-Matrix-animation-output-transform"><float_array id="Hips-Matrix-animation-output-transform-array" count="1120">

0.582127 -0.121429 -0.803979 0.000073 -0.014041 0.987137 -0.159259 80.553772 0.812976 0.103998 0.572935 0.000047 0.000000 0.000000 0.000000 1.000000
0.614929 -0.115315 -0.780106 0.277107 -0.003499 0.988842 -0.148929 79.729401 0.788575 0.094311 0.607664 -3.835770 0.000000 0.000000 0.000000 1.000000
0.674009 -0.064268 -0.735922 -0.256637 0.015228 0.997205 -0.073140 79.190231 0.738566 0.038090 0.673104 -7.537250 0.000000 0.000000 0.000000 1.000000
0.753413 0.040499 -0.656300 -1.431876 0.027149 0.995334 0.092586 79.164276 0.656987 -0.087573 0.748798 -10.764129 0.000000 0.000000 0.000000 1.000000
0.812858 0.099051 -0.573978 -2.404132 0.028954 0.977345 0.209664 79.843788 0.581742 -0.187046 0.791575 -13.590575 0.000000 0.000000 0.000000 1.000000
0.819130 0.118870 -0.561156 -3.396336 0.045068 0.961930 0.269553 81.090607 0.571835 -0.246089 0.782589 -15.845753 0.000000 0.000000 0.000000 1.000000
0.812396 0.119020 -0.570830 -3.983862 0.056968 0.958064 0.280834 82.148056 0.580317 -0.260667 0.771547 -17.326731 0.000000 0.000000 0.000000 1.000000
0.807646 0.113332 -0.578674 -4.457718 0.064010 0.958707 0.277099 83.167068 0.586183 -0.260839 0.767042 -18.578508 0.000000 0.000000 0.000000 1.000000
0.803323 0.105191 -0.586181 -4.836812 0.067008 0.962062 0.264474 84.025650 0.591763 -0.251736 0.765798 -19.641825 0.000000 0.000000 0.000000 1.000000
0.797462 0.098021 -0.595353 -5.159010 0.067659 0.965965 0.249667 84.675125 0.599563 -0.239380 0.763689 -20.619707 0.000000 0.000000 0.000000 1.000000
0.790759 0.090967 -0.605331 -5.454098 0.067266 0.969994 0.233639 85.253517 0.608421 -0.225471 0.760912 -21.568287 0.000000 0.000000 0.000000 1.000000
0.783681 0.084226 -0.615427 -5.714867 0.066068 0.973842 0.217408 85.760712 0.617641 -0.211039 0.757617 -22.490623 0.000000 0.000000 0.000000 1.000000
0.776718 0.078041 -0.624995 -5.942389 0.064351 0.977269 0.202001 86.197830 0.626553 -0.197117 0.754040 -23.389965 0.000000 0.000000 0.000000 1.000000
0.770378 0.072706 -0.633428 -6.149126 0.062451 0.980095 0.188451 86.566254 0.634521 -0.184737 0.750503 -24.269535 0.000000 0.000000 0.000000 1.000000
0.765184 0.068551 -0.640151 -6.347570 0.060744 0.982192 0.177787 86.867676 0.640939 -0.174925 0.747394 -25.132458 0.000000 0.000000 0.000000 1.000000
0.761666 0.065926 -0.644607 -6.550385 0.059624 0.983460 0.171033 87.104813 0.645221 -0.168704 0.745137 -25.982157 0.000000 0.000000 0.000000 1.000000
0.760154 0.065479 -0.646435 -6.752289 0.058941 0.983858 0.168968 87.243034 0.647064 -0.166543 0.744024 -26.807762 0.000000 0.000000 0.000000 1.000000
0.760358 0.067352 -0.646003 -6.936664 0.058236 0.983533 0.171087 87.255402 0.646888 -0.167708 0.743915 -27.596960 0.000000 0.000000 0.000000 1.000000
0.761180 0.069883 -0.644765 -7.092029 0.058134 0.982823 0.175154 87.179749 0.645930 -0.170806 0.744043 -28.343971 0.000000 0.000000 0.000000 1.000000
0.760938 0.070795 -0.644951 -7.200480 0.058382 0.982526 0.176731 87.091293 0.646193 -0.172135 0.743508 -29.027214 0.000000 0.000000 0.000000 1.000000
0.760220 0.070977 -0.645777 -7.294481 0.058884 0.982395 0.177295 86.998177 0.646992 -0.172809 0.742656 -29.687027 0.000000 0.000000 0.000000 1.000000
0.759151 0.070393 -0.647097 -7.384519 0.061246 0.982000 0.178676 86.883896 0.648026 -0.175274 0.741175 -30.351765 0.000000 0.000000 0.000000 1.000000
0.757849 0.069010 -0.648770 -7.481493 0.067078 0.980879 0.182692 86.731964 0.648972 -0.181971 0.738730 -31.050034 0.000000 0.000000 0.000000 1.000000
0.756277 0.066841 -0.650828 -7.597213 0.077360 0.978653 0.190403 86.533257 0.649662 -0.194346 0.734962 -31.799767 0.000000 0.000000 0.000000 1.000000
0.753457 0.064160 -0.654359 -7.740505 0.088287 0.976342 0.197388 86.340141 0.651543 -0.206495 0.729967 -32.519268 0.000000 0.000000 0.000000 1.000000
0.749186 0.061125 -0.659533 -7.890356 0.098425 0.974404 0.202111 86.105873 0.655006 -0.216334 0.723994 -33.234245 0.000000 0.000000 0.000000 1.000000
0.743689 0.057791 -0.666023 -8.019564 0.108072 0.972760 0.205082 85.748062 0.659733 -0.224496 0.717185 -34.015331 0.000000 0.000000 0.000000 1.000000
0.737191 0.054207 -0.673506 -8.103624 0.117524 0.971297 0.206811 85.206177 0.665385 -0.231613 0.709661 -34.917908 0.000000 0.000000 0.000000 1.000000
0.729924 0.050419 -0.681666 -8.159319 0.127079 0.969879 0.207812 84.672920 0.671612 -0.238312 0.701530 -35.821648 0.000000 0.000000 0.000000 1.000000
0.722121 0.046481 -0.690204 -8.200077 0.137042 0.968353 0.208593 84.155609 0.678057 -0.245216 0.692898 -36.719986 0.000000 0.000000 0.000000 1.000000
0.714023 0.042454 -0.698834 -8.228930 0.147730 0.966550 0.209658 83.553741 0.684359 -0.252939 0.683867 -37.677151 0.000000 0.000000 0.000000 1.000000
0.705875 0.038405 -0.707295 -8.238186 0.159465 0.964280 0.211505 82.769310 0.690153 -0.262085 0.674537 -38.755722 0.000000 0.000000 0.000000 1.000000
0.697929 0.034411 -0.715340 -8.221582 0.172581 0.961328 0.214625 81.703880 0.695062 -0.273247 0.665000 -40.018234 0.000000 0.000000 0.000000 1.000000
0.690441 0.030548 -0.722743 -8.202084 0.187413 0.957441 0.219505 80.259117 0.698690 -0.287007 0.655332 -41.527134 0.000000 0.000000 0.000000 1.000000
0.683672 0.026890 -0.729294 -8.204971 0.204295 0.952314 0.226629 78.354675 0.700611 -0.303931 0.645577 -43.332497 0.000000 0.000000 0.000000 1.000000
0.677888 0.023502 -0.734790 -8.267778 0.223546 0.945571 0.236479 76.211090 0.700354 -0.324565 0.635737 -45.287598 0.000000 0.000000 0.000000 1.000000
0.673360 0.020425 -0.739032 -8.406372 0.245457 0.936741 0.249535 73.907585 0.697378 -0.349428 0.625750 -47.345863 0.000000 0.000000 0.000000 1.000000
0.670363 0.017671 -0.741823 -8.602923 0.270271 0.925230 0.266276 71.384949 0.691063 -0.378995 0.615464 -49.552910 0.000000 0.000000 0.000000 1.000000
0.669171 0.015202 -0.742953 -8.834726 0.298150 0.910297 0.287168 68.586571 0.680673 -0.413676 0.604612 -51.951748 0.000000 0.000000 0.000000 1.000000
0.670058 0.012917 -0.742197 -9.079828 0.329135 0.891021 0.312652 65.454788 0.665351 -0.453778 0.592784 -54.584805 0.000000 0.000000 0.000000 1.000000
0.673278 0.010628 -0.739313 -9.316753 0.363092 0.866277 0.343115 61.930672 0.644096 -0.499451 0.579387 -57.493748 0.000000 0.000000 0.000000 1.000000
0.679058 0.008041 -0.734041 -9.524663 0.399637 0.834725 0.378846 57.954033 0.615768 -0.550608 0.563614 -60.718956 0.000000 0.000000 0.000000 1.000000
0.687564 0.004725 -0.726108 -9.683496 0.438046 0.794823 0.419966 53.463341 0.579112 -0.606823 0.544422 -64.298950 0.000000 0.000000 0.000000 1.000000
0.701704 -0.000534 -0.712469 -9.751328 0.480960 0.738116 0.473141 48.103054 0.525632 -0.674674 0.518195 -68.482025 0.000000 0.000000 0.000000 1.000000
0.729232 -0.010442 -0.684187 -9.622583 0.533286 0.635184 0.558702 40.620140 0.428751 -0.772290 0.468765 -74.201035 0.000000 0.000000 0.000000 1.000000
0.754409 -0.017976 -0.656158 -9.450037 0.570361 0.512724 0.641718 33.239227 0.324893 -0.858365 0.397057 -79.934959 0.000000 0.000000 0.000000 1.000000
0.774801 -0.016405 -0.631992 -9.219267 0.590206 0.377050 0.713786 26.321833 0.226583 -0.926047 0.301821 -85.533943 0.000000 0.000000 0.000000 1.000000
0.789694 0.002340 -0.613497 -8.912788 0.595787 0.235644 0.767796 20.309801 0.146364 -0.971837 0.184692 -90.814117 0.000000 0.000000 0.000000 1.000000
0.800757 0.039110 -0.597712 -8.488499 0.591938 0.100998 0.799630 15.827618 0.091641 -0.994118 0.057724 -95.538895 0.000000 0.000000 0.000000 1.000000
0.833876 0.045559 -0.550068 -7.554209 0.550308 0.008218 0.834921 14.533804 0.042559 -0.998928 -0.018219 -98.941200 0.000000 0.000000 0.000000 1.000000
0.875170 0.038875 -0.482251 -6.316666 0.483802 -0.062786 0.872923 14.219000 0.003656 -0.997270 -0.073756 -101.850067 0.000000 0.000000 0.000000 1.000000
0.893700 0.018434 -0.448287 -4.775163 0.447978 -0.091978 0.889301 15.274050 -0.024839 -0.995590 -0.090459 -104.302147 0.000000 0.000000 0.000000 1.000000
0.904566 -0.005026 -0.426304 -3.154591 0.423315 -0.108187 0.899500 16.681641 -0.050641 -0.994118 -0.095734 -106.608955 0.000000 0.000000 0.000000 1.000000
0.912695 -0.026406 -0.407787 -1.541534 0.401954 -0.121779 0.907526 18.077791 -0.073624 -0.992206 -0.100533 -108.764374 0.000000 0.000000 0.000000 1.000000
0.919773 -0.035816 -0.390814 -0.067569 0.382674 -0.139056 0.913359 18.937878 -0.087058 -0.989637 -0.114193 -110.372414 0.000000 0.000000 0.000000 1.000000
0.929113 -0.046756 -0.366829 1.189869 0.356582 -0.149548 0.922218 19.033958 -0.097977 -0.987648 -0.122274 -111.498970 0.000000 0.000000 0.000000 1.000000
0.939048 -0.064553 -0.337670 2.055467 0.324766 -0.155592 0.932908 18.312231 -0.112760 -0.985710 -0.125144 -112.294479 0.000000 0.000000 0.000000 1.000000
0.950793 -0.083317 -0.298414 2.634106 0.281987 -0.166318 0.944892 17.075771 -0.128357 -0.982546 -0.134639 -112.873886 0.000000 0.000000 0.000000 1.000000
0.961235 -0.102244 -0.256071 3.082580 0.235596 -0.177939 0.955423 15.665716 -0.143251 -0.978715 -0.146953 -113.354507 0.000000 0.000000 0.000000 1.000000
0.968810 -0.119329 -0.217183 3.426936 0.192735 -0.188039 0.963065 14.321106 -0.155760 -0.974886 -0.159176 -113.773735 0.000000 0.000000 0.000000 1.000000
0.973148 -0.132271 -0.188383 3.695053 0.160852 -0.194644 0.967595 13.279247 -0.164652 -0.971915 -0.168141 -114.170128 0.000000 0.000000 0.000000 1.000000
0.974599 -0.138932 -0.175654 3.889385 0.146644 -0.196917 0.969391 12.745709 -0.169268 -0.970527 -0.171541 -114.546265 0.000000 0.000000 0.000000 1.000000
0.974021 -0.139636 -0.178280 3.933013 0.149067 -0.197292 0.968945 12.652342 -0.170473 -0.970349 -0.171351 -114.778831 0.000000 0.000000 0.000000 1.000000
0.972240 -0.136155 -0.190292 3.875462 0.161919 -0.195595 0.967225 12.816965 -0.168913 -0.971187 -0.168119 -114.899132 0.000000 0.000000 0.000000 1.000000
0.969929 -0.130311 -0.205563 3.782805 0.178883 -0.191039 0.965145 13.063282 -0.165040 -0.972894 -0.161983 -114.960434 0.000000 0.000000 0.000000 1.000000
0.968044 -0.123932 -0.218019 3.721163 0.193662 -0.182903 0.963868 13.214808 -0.159330 -0.975288 -0.153057 -115.015907 0.000000 0.000000 0.000000 1.000000
0.968134 -0.117217 -0.221308 3.702852 0.200486 -0.166801 0.965393 13.059788 -0.150074 -0.978998 -0.137986 -115.075256 0.000000 0.000000 0.000000 1.000000
0.970039 -0.112307 -0.215431 3.734012 0.197970 -0.148599 0.968879 12.668289 -0.140825 -0.982500 -0.121913 -115.085541 0.000000 0.000000 0.000000 1.000000
0.971152 -0.103401 -0.214877 3.753216 0.199713 -0.139702 0.969844 12.433037 -0.130301 -0.984780 -0.115021 -115.146370 0.000000 0.000000 0.000000 1.000000
0.968872 -0.091505 -0.230030 3.747522 0.216421 -0.138091 0.966485 12.594755 -0.120203 -0.986183 -0.113989 -115.218170 0.000000 0.000000 0.000000 1.000000</float_array><technique_common><accessor source="#Hips-Matrix-animation-output-transform-array" count="70" stride="16"><param type="float4x4"/></accessor></technique_common></source><source id="Hips-Interpolations"><Name_array id="Hips-Interpolations-array" count="70">
 LINEAR LINEAR LINEAR LINEAR LINEAR LINEAR LINEAR LINEAR LINEAR LINEAR LINEAR
LINEAR LINEAR LINEAR LINEAR LINEAR LINEAR LINEAR LINEAR LINEAR LINEAR LINEAR LINEAR
LINEAR LINEAR LINEAR LINEAR LINEAR LINEAR LINEAR LINEAR LINEAR LINEAR LINEAR LINEAR
LINEAR LINEAR LINEAR LINEAR LINEAR LINEAR LINEAR LINEAR LINEAR LINEAR LINEAR LINEAR
LINEAR LINEAR LINEAR LINEAR LINEAR LINEAR LINEAR LINEAR LINEAR LINEAR LINEAR LINEAR
LINEAR LINEAR LINEAR LINEAR LINEAR LINEAR LINEAR LINEAR LINEAR LINEAR LINEAR</Name_array><technique_common><accessor source="#Hips-Interpolations-array" count="70"><param type="name"/></accessor></technique_common></source><sampler id="Hips-Matrix-animation-transform"><input semantic="INPUT" source="#Hips-Matrix-animation-input"/><input semantic="OUTPUT" source="#Hips-Matrix-animation-output-transform"/><input semantic="INTERPOLATION" source="#Hips-Interpolations"/></sampler><channel source="#Hips-Matrix-animation-transform" target="Hips/matrix"/></animation>
    <animation id="Spine-anim" name="Spine"><source id="Spine-Matrix-animation-input"><float_array id="Spine-Matrix-animation-input-array" count="70">

0.000000 0.033333 0.066667 0.100000 0.133333 0.166667 0.200000 0.233333 0.266667 0.300000 0.333333 0.366667 0.400000 0.433333 0.466667 0.500000
0.533333 0.566667 0.600000 0.633333 0.666667 0.700000 0.733333 0.766667 0.800000 0.833333 0.866667 0.900000 0.933333 0.966667 1.000000 1.033333
1.066667 1.100000 1.133333 1.166667 1.200000 1.233333 1.266667 1.300000 1.333333 1.366667 1.400000 1.433333 1.466667 1.500000 1.533333 1.566667
1.600000 1.633333 1.666667 1.700000 1.733333 1.766667 1.800000 1.833333 1.866667 1.900000 1.933333 1.966667 2.000000 2.033333 2.066667 2.100000
2.133333 2.166667 2.200000 2.233333 2.266667 2.300000</float_array><technique_common><accessor source="#Spine-Matrix-animation-input-array" count="70"><param name="TIME" type="float"/></accessor></technique_common></source><source id="Spine-Matrix-animation-output-transform"><float_array id="Spine-Matrix-animation-output-transform-array" count="1120">

0.996569 0.054883 0.061948 0.017300 -0.046550 0.990584 -0.128751 10.574800 -0.068431 0.125426 0.989740 -1.117200 0.000000 0.000000 0.000000 1.000000
0.995961 0.065671 0.061231 0.017300 -0.056914 0.989188 -0.135162 10.574800 -0.069445 0.131131 0.988930 -1.117200 0.000000 0.000000 0.000000 1.000000
0.995121 0.082554 0.054035 0.017300 -0.072426 0.983098 -0.168148 10.574800 -0.067003 0.163414 0.984280 -1.117200 0.000000 0.000000 0.000000 1.000000
0.994335 0.094875 0.047933 0.017300 -0.080391 0.966227 -0.244833 10.574800 -0.069542 0.239593 0.968380 -1.117200 0.000000 0.000000 0.000000 1.000000
0.994737 0.098217 0.029187 0.017300 -0.087270 0.961406 -0.260927 10.574800 -0.053688 0.257007 0.964917 -1.117200 0.000000 0.000000 0.000000 1.000000
0.994671 0.095196 0.039595 0.017300 -0.084542 0.972889 -0.215267 10.574800 -0.059014 0.210773 0.975752 -1.117200 0.000000 0.000000 0.000000 1.000000
0.995335 0.082749 0.049602 0.017300 -0.073259 0.982800 -0.169522 10.574800 -0.062777 0.165097 0.984277 -1.117200 0.000000 0.000000 0.000000 1.000000
0.996321 0.065695 0.055032 0.017300 -0.058331 0.990297 -0.126136 10.574800 -0.062784 0.122462 0.990485 -1.117200 0.000000 0.000000 0.000000 1.000000
0.997232 0.047260 0.057396 0.017300 -0.041928 0.994988 -0.090785 10.574800 -0.061399 0.088127 0.994215 -1.117200 0.000000 0.000000 0.000000 1.000000
0.997844 0.029596 0.058586 0.017300 -0.025731 0.997510 -0.065661 10.574800 -0.060384 0.064012 0.996121 -1.117200 0.000000 0.000000 0.000000 1.000000
0.998162 0.011939 0.059420 0.017300 -0.009331 0.998989 -0.043977 10.574800 -0.059885 0.043341 0.997264 -1.117200 0.000000 0.000000 0.000000 1.000000
0.998195 -0.005176 0.059831 0.017300 0.006733 0.999643 -0.025856 10.574800 -0.059676 0.026212 0.997874 -1.117200 0.000000 0.000000 0.000000 1.000000
0.997988 -0.021217 0.059756 0.017300 0.021936 0.999694 -0.011412 10.574800 -0.059495 0.012699 0.998148 -1.117200 0.000000 0.000000 0.000000 1.000000
0.997613 -0.035652 0.059130 0.017300 0.035759 0.999360 -0.000750 10.574800 -0.059065 0.002863 0.998250 -1.117200 0.000000 0.000000 0.000000 1.000000
0.997170 -0.047954 0.057895 0.017300 0.047685 0.998844 0.006031 10.574800 -0.058117 -0.003253 0.998304 -1.117200 0.000000 0.000000 0.000000 1.000000
0.996769 -0.057597 0.055989 0.017300 0.057191 0.998324 0.008843 10.574800 -0.056404 -0.005612 0.998392 -1.117200 0.000000 0.000000 0.000000 1.000000
0.996659 -0.061346 0.053914 0.017300 0.061184 0.998116 0.004640 10.574800 -0.054097 -0.001326 0.998535 -1.117200 0.000000 0.000000 0.000000 1.000000
0.996638 -0.063579 0.051667 0.017300 0.063750 0.997964 -0.001672 10.574800 -0.051456 0.004960 0.998663 -1.117200 0.000000 0.000000 0.000000 1.000000
0.996675 -0.064893 0.049274 0.017300 0.065429 0.997814 -0.009338 10.574800 -0.048560 0.012531 0.998742 -1.117200 0.000000 0.000000 0.000000 1.000000
0.996763 -0.065374 0.046788 0.017300 0.066283 0.997636 -0.018154 10.574800 -0.045490 0.021196 0.998740 -1.117200 0.000000 0.000000 0.000000 1.000000
0.996896 -0.065103 0.044264 0.017300 0.066376 0.997404 -0.027915 10.574800 -0.042331 0.030766 0.998630 -1.117200 0.000000 0.000000 0.000000 1.000000
0.997065 -0.064166 0.041760 0.017300 0.065777 0.997095 -0.038416 10.574800 -0.039174 0.041050 0.998389 -1.117200 0.000000 0.000000 0.000000 1.000000
0.997261 -0.062647 0.039328 0.017300 0.064561 0.996688 -0.049453 10.574800 -0.036100 0.051857 0.998002 -1.117200 0.000000 0.000000 0.000000 1.000000
0.997475 -0.060528 0.037161 0.017300 0.062710 0.996186 -0.060671 10.574800 -0.033347 0.062848 0.997466 -1.117200 0.000000 0.000000 0.000000 1.000000
0.997700 -0.057950 0.035166 0.017300 0.060362 0.995582 -0.071926 10.574800 -0.030843 0.073884 0.996790 -1.117200 0.000000 0.000000 0.000000 1.000000
0.997926 -0.055246 0.033045 0.017300 0.057837 0.994837 -0.083395 10.574800 -0.028267 0.085134 0.995968 -1.117200 0.000000 0.000000 0.000000 1.000000
0.998143 -0.052412 0.031038 0.017300 0.055140 0.993971 -0.094768 10.574800 -0.025884 0.096303 0.995015 -1.117200 0.000000 0.000000 0.000000 1.000000
0.998345 -0.049443 0.029384 0.017300 0.052292 0.993018 -0.105738 10.574800 -0.023950 0.107100 0.993960 -1.117200 0.000000 0.000000 0.000000 1.000000
0.998524 -0.046336 0.028318 0.017300 0.049325 0.992023 -0.116005 10.574800 -0.022717 0.117230 0.992845 -1.117200 0.000000 0.000000 0.000000 1.000000
0.998677 -0.043086 0.028079 0.017300 0.046279 0.991043 -0.125271 10.574800 -0.022431 0.126404 0.991725 -1.117200 0.000000 0.000000 0.000000 1.000000
0.998794 -0.039688 0.028909 0.017300 0.043201 0.990141 -0.133245 10.574800 -0.023336 0.134333 0.990661 -1.117200 0.000000 0.000000 0.000000 1.000000
0.998853 -0.036268 0.031271 0.017300 0.040282 0.989455 -0.139123 10.574800 -0.025895 0.140223 0.989781 -1.117200 0.000000 0.000000 0.000000 1.000000
0.998829 -0.032973 0.035395 0.017300 0.037697 0.989094 -0.142376 10.574800 -0.030314 0.143544 0.989180 -1.117200 0.000000 0.000000 0.000000 1.000000
0.998730 -0.029660 0.040726 0.017300 0.035241 0.988953 -0.143976 10.574800 -0.036006 0.145229 0.988743 -1.117200 0.000000 0.000000 0.000000 1.000000
0.998569 -0.026161 0.046653 0.017300 0.032682 0.988890 -0.145010 10.574800 -0.042341 0.146327 0.988330 -1.117200 0.000000 0.000000 0.000000 1.000000
0.998368 -0.022306 0.052563 0.017300 0.029808 0.988753 -0.146560 10.574800 -0.048703 0.147888 0.987804 -1.117200 0.000000 0.000000 0.000000 1.000000
0.998165 -0.017928 0.057846 0.017300 0.026429 0.988377 -0.149709 10.574800 -0.054489 0.150963 0.987037 -1.117200 0.000000 0.000000 0.000000 1.000000
0.998000 -0.012858 0.061889 0.017300 0.022369 0.987578 -0.155527 10.574800 -0.059120 0.156600 0.985891 -1.117200 0.000000 0.000000 0.000000 1.000000
0.997912 -0.007073 0.064200 0.017300 0.017598 0.986156 -0.164884 10.574800 -0.062145 0.165670 0.984221 -1.117200 0.000000 0.000000 0.000000 1.000000
0.997853 -0.001688 0.065476 0.017300 0.013264 0.984161 -0.176778 10.574800 -0.064141 0.177267 0.982070 -1.117200 0.000000 0.000000 0.000000 1.000000
0.997823 0.003821 0.065837 0.017300 0.008843 0.981551 -0.190994 10.574800 -0.065352 0.191161 0.979381 -1.117200 0.000000 0.000000 0.000000 1.000000
0.997843 0.011058 0.064704 0.017300 0.002672 0.978051 -0.208350 10.574800 -0.065588 0.208073 0.975912 -1.117200 0.000000 0.000000 0.000000 1.000000
0.997873 0.021628 0.061498 0.017300 -0.006944 0.973257 -0.229614 10.574800 -0.064819 0.228699 0.971337 -1.117200 0.000000 0.000000 0.000000 1.000000
0.997756 0.038521 0.054771 0.017300 -0.023186 0.966105 -0.257106 10.574800 -0.062818 0.255259 0.964830 -1.117200 0.000000 0.000000 0.000000 1.000000
0.997080 0.063216 0.042836 0.017300 -0.047841 0.954357 -0.294812 10.574800 -0.059518 0.291902 0.954595 -1.117200 0.000000 0.000000 0.000000 1.000000
0.996235 0.080085 0.033212 0.017300 -0.064611 0.941234 -0.331518 10.574800 -0.057810 0.328124 0.942864 -1.117200 0.000000 0.000000 0.000000 1.000000
0.996316 0.080699 0.029003 0.017300 -0.064702 0.929399 -0.363362 10.574800 -0.056278 0.360147 0.931197 -1.117200 0.000000 0.000000 0.000000 1.000000
0.997906 0.055160 0.033789 0.017300 -0.037932 0.922106 -0.385074 10.574800 -0.052397 0.382986 0.922267 -1.117200 0.000000 0.000000 0.000000 1.000000
0.998657 -0.002745 0.051734 0.017300 0.022124 0.925556 -0.377963 10.574800 -0.046846 0.378600 0.924374 -1.117200 0.000000 0.000000 0.000000 1.000000
0.995449 -0.053098 0.079138 0.017300 0.074928 0.949197 -0.305630 10.574800 -0.058889 0.310169 0.948856 -1.117200 0.000000 0.000000 0.000000 1.000000
0.991242 -0.080864 0.104404 0.017300 0.105585 0.960144 -0.258794 10.574800 -0.079316 0.267551 0.960274 -1.117200 0.000000 0.000000 0.000000 1.000000
0.986616 -0.095427 0.132224 0.017300 0.123366 0.967079 -0.222573 10.574800 -0.106631 0.235906 0.965908 -1.117200 0.000000 0.000000 0.000000 1.000000
0.981287 -0.106237 0.160588 0.017300 0.136330 0.972306 -0.189828 10.574800 -0.135974 0.208168 0.968595 -1.117200 0.000000 0.000000 0.000000 1.000000
0.975175 -0.116817 0.188118 0.017300 0.148214 0.975505 -0.162550 10.574800 -0.164521 0.186396 0.968602 -1.117200 0.000000 0.000000 0.000000 1.000000
0.968418 -0.130376 0.212531 0.017300 0.165365 0.973795 -0.156133 10.574800 -0.186606 0.186347 0.964600 -1.117200 0.000000 0.000000 0.000000 1.000000
0.961950 -0.141865 0.233509 0.017300 0.180391 0.971652 -0.152814 10.574800 -0.205210 0.189122 0.960272 -1.117200 0.000000 0.000000 0.000000 1.000000
0.962251 -0.142529 0.231858 0.017300 0.183194 0.969218 -0.164486 10.574800 -0.201277 0.200751 0.958742 -1.117200 0.000000 0.000000 0.000000 1.000000
0.969290 -0.135878 0.204976 0.017300 0.178010 0.962740 -0.203579 10.574800 -0.169677 0.233814 0.957361 -1.117200 0.000000 0.000000 0.000000 1.000000
0.977666 -0.126426 0.167887 0.017300 0.166554 0.953274 -0.252048 10.574800 -0.128177 0.274381 0.953040 -1.117200 0.000000 0.000000 0.000000 1.000000
0.984702 -0.116768 0.129331 0.017300 0.150979 0.942313 -0.298751 10.574800 -0.086986 0.313707 0.945527 -1.117200 0.000000 0.000000 0.000000 1.000000
0.989106 -0.109478 0.098411 0.017300 0.136441 0.932755 -0.333693 10.574800 -0.055262 0.343485 0.937531 -1.117200 0.000000 0.000000 0.000000 1.000000
0.990937 -0.106452 0.081922 0.017300 0.128638 0.927649 -0.350600 10.574800 -0.038673 0.357961 0.932935 -1.117200 0.000000 0.000000 0.000000 1.000000
0.991546 -0.106235 0.074501 0.017300 0.125948 0.926050 -0.355764 10.574800 -0.031197 0.362140 0.931601 -1.117200 0.000000 0.000000 0.000000 1.000000
0.991475 -0.107837 0.073131 0.017300 0.126855 0.927038 -0.352858 10.574800 -0.029744 0.359127 0.932814 -1.117200 0.000000 0.000000 0.000000 1.000000
0.990968 -0.110557 0.075892 0.017300 0.130099 0.929822 -0.344245 10.574800 -0.032508 0.351009 0.935808 -1.117200 0.000000 0.000000 0.000000 1.000000
0.990220 -0.113693 0.080859 0.017300 0.134320 0.933580 -0.332243 10.574800 -0.037715 0.339855 0.939721 -1.117200 0.000000 0.000000 0.000000 1.000000
0.989044 -0.117357 0.089555 0.017300 0.139861 0.939047 -0.314054 10.574800 -0.047240 0.323138 0.945172 -1.117200 0.000000 0.000000 0.000000 1.000000
0.988343 -0.120493 0.093059 0.017300 0.143051 0.944173 -0.296772 10.574800 -0.052105 0.306624 0.950403 -1.117200 0.000000 0.000000 0.000000 1.000000
0.987831 -0.124200 0.093619 0.017300 0.146267 0.946489 -0.287689 10.574800 -0.052878 0.297881 0.953137 -1.117200 0.000000 0.000000 0.000000 1.000000
0.987624 -0.122458 0.097998 0.017300 0.145497 0.948648 -0.280889 10.574800 -0.058568 0.291671 0.954724 -1.117200 0.000000 0.000000 0.000000 1.000000</float_array><technique_common><accessor source="#Spine-Matrix-animation-output-transform-array" count="70" stride="16"><param type="float4x4"/></accessor></technique_common></source><source id="Spine-Interpolations"><Name_array id="Spine-Interpolations-array" count="70">
 LINEAR LINEAR LINEAR LINEAR LINEAR LINEAR LINEAR LINEAR LINEAR LINEAR LINEAR
LINEAR LINEAR LINEAR LINEAR LINEAR LINEAR LINEAR LINEAR LINEAR LINEAR LINEAR LINEAR
LINEAR LINEAR LINEAR LINEAR LINEAR LINEAR LINEAR LINEAR LINEAR LINEAR LINEAR LINEAR
LINEAR LINEAR LINEAR LINEAR LINEAR LINEAR LINEAR LINEAR LINEAR LINEAR LINEAR LINEAR
LINEAR LINEAR LINEAR LINEAR LINEAR LINEAR LINEAR LINEAR LINEAR LINEAR LINEAR LINEAR
LINEAR LINEAR LINEAR LINEAR LINEAR LINEAR LINEAR LINEAR LINEAR LINEAR LINEAR</Name_array><technique_common><accessor source="#Spine-Interpolations-array" count="70"><param type="name"/></accessor></technique_common></source><sampler id="Spine-Matrix-animation-transform"><input semantic="INPUT" source="#Spine-Matrix-animation-input"/><input semantic="OUTPUT" source="#Spine-Matrix-animation-output-transform"/><input semantic="INTERPOLATION" source="#Spine-Interpolations"/></sampler><channel source="#Spine-Matrix-animation-transform" target="Spine/matrix"/></animation>
    <animation id="Spine1-anim" name="Spine1"><source id="Spine1-Matrix-animation-input"><float_array id="Spine1-Matrix-animation-input-array" count="70">

0.000000 0.033333 0.066667 0.100000 0.133333 0.166667 0.200000 0.233333 0.266667 0.300000 0.333333 0.366667 0.400000 0.433333 0.466667 0.500000
0.533333 0.566667 0.600000 0.633333 0.666667 0.700000 0.733333 0.766667 0.800000 0.833333 0.866667 0.900000 0.933333 0.966667 1.000000 1.033333
1.066667 1.100000 1.133333 1.166667 1.200000 1.233333 1.266667 1.300000 1.333333 1.366667 1.400000 1.433333 1.466667 1.500000 1.533333 1.566667
1.600000 1.633333 1.666667 1.700000 1.733333 1.766667 1.800000 1.833333 1.866667 1.900000 1.933333 1.966667 2.000000 2.033333 2.066667 2.100000
2.133333 2.166667 2.200000 2.233333 2.266667 2.300000</float_array><technique_common><accessor source="#Spine1-Matrix-animation-input-array" count="70"><param name="TIME" type="float"/></accessor></technique_common></source><source id="Spine1-Matrix-animation-output-transform"><float_array id="Spine1-Matrix-animation-output-transform-array" count="1120">

0.998870 -0.040556 0.024793 0.019000 0.041082 0.998933 -0.021096 12.337300 -0.023911 0.022091 0.999470 -1.303400 0.000000 0.000000 0.000000 1.000000
0.999187 -0.032390 0.023988 0.019000 0.032977 0.999156 -0.024489 12.337300 -0.023175 0.025260 0.999412 -1.303400 0.000000 0.000000 0.000000 1.000000
0.999441 -0.025785 0.021262 0.019000 0.026587 0.998910 -0.038355 12.337300 -0.020250 0.038899 0.999038 -1.303400 0.000000 0.000000 0.000000 1.000000
0.999583 -0.021370 0.019401 0.019000 0.022302 0.998540 -0.049189 12.337300 -0.018321 0.049601 0.998601 -1.303400 0.000000 0.000000 0.000000 1.000000
0.999850 -0.009569 0.014419 0.019000 0.010134 0.999162 -0.039647 12.337300 -0.014027 0.039787 0.999110 -1.303400 0.000000 0.000000 0.000000 1.000000
0.999835 0.006779 0.016827 0.019000 -0.006404 0.999732 -0.022229 12.337300 -0.016973 0.022117 0.999611 -1.303400 0.000000 0.000000 0.000000 1.000000
0.999721 0.014607 0.018570 0.019000 -0.014552 0.999889 -0.003065 12.337300 -0.018612 0.002794 0.999823 -1.303400 0.000000 0.000000 0.000000 1.000000
0.999653 0.018389 0.018878 0.019000 -0.018713 0.999678 0.017154 12.337300 -0.018557 -0.017501 0.999675 -1.303400 0.000000 0.000000 0.000000 1.000000
0.999656 0.018762 0.018347 0.019000 -0.019389 0.999213 0.034618 12.337300 -0.017683 -0.034962 0.999232 -1.303400 0.000000 0.000000 0.000000 1.000000
0.999708 0.016556 0.017594 0.019000 -0.017375 0.998721 0.047480 12.337300 -0.016785 -0.047772 0.998717 -1.303400 0.000000 0.000000 0.000000 1.000000
0.999771 0.013292 0.016770 0.019000 -0.014259 0.998162 0.058904 12.337300 -0.015956 -0.059130 0.998123 -1.303400 0.000000 0.000000 0.000000 1.000000
0.999830 0.009354 0.015880 0.019000 -0.010423 0.997589 0.068612 12.337300 -0.015200 -0.068766 0.997517 -1.303400 0.000000 0.000000 0.000000 1.000000
0.999875 0.005125 0.014931 0.019000 -0.006250 0.997063 0.076331 12.337300 -0.014496 -0.076415 0.996971 -1.303400 0.000000 0.000000 0.000000 1.000000
0.999903 0.000987 0.013927 0.019000 -0.002123 0.996647 0.081789 12.337300 -0.013800 -0.081810 0.996552 -1.303400 0.000000 0.000000 0.000000 1.000000
0.999914 -0.002675 0.012876 0.019000 0.001575 0.996404 0.084717 12.337300 -0.013056 -0.084689 0.996322 -1.303400 0.000000 0.000000 0.000000 1.000000
0.999916 -0.005479 0.011783 0.019000 0.004460 0.996384 0.084847 12.337300 -0.012205 -0.084788 0.996324 -1.303400 0.000000 0.000000 0.000000 1.000000
0.999923 -0.006148 0.010808 0.019000 0.005268 0.996809 0.079651 12.337300 -0.011263 -0.079588 0.996764 -1.303400 0.000000 0.000000 0.000000 1.000000
0.999931 -0.006363 0.009828 0.019000 0.005631 0.997330 0.072803 12.337300 -0.010265 -0.072742 0.997298 -1.303400 0.000000 0.000000 0.000000 1.000000
0.999941 -0.006322 0.008835 0.019000 0.005736 0.997876 0.064885 12.337300 -0.009227 -0.064830 0.997854 -1.303400 0.000000 0.000000 0.000000 1.000000
0.999951 -0.006030 0.007840 0.019000 0.005581 0.998412 0.056059 12.337300 -0.008166 -0.056013 0.998397 -1.303400 0.000000 0.000000 0.000000 1.000000
0.999961 -0.005489 0.006854 0.019000 0.005164 0.998905 0.046489 12.337300 -0.007102 -0.046452 0.998895 -1.303400 0.000000 0.000000 0.000000 1.000000
0.999972 -0.004703 0.005889 0.019000 0.004486 0.999329 0.036339 12.337300 -0.006056 -0.036312 0.999322 -1.303400 0.000000 0.000000 0.000000 1.000000
0.999981 -0.003675 0.004953 0.019000 0.003546 0.999662 0.025773 12.337300 -0.005046 -0.025754 0.999656 -1.303400 0.000000 0.000000 0.000000 1.000000
0.999989 -0.002281 0.004086 0.019000 0.002219 0.999884 0.015059 12.337300 -0.004120 -0.015049 0.999878 -1.303400 0.000000 0.000000 0.000000 1.000000
0.999995 -0.000441 0.003214 0.019000 0.000428 0.999992 0.004044 12.337300 -0.003215 -0.004043 0.999987 -1.303400 0.000000 0.000000 0.000000 1.000000
0.999996 0.001543 0.002272 0.019000 -0.001526 0.999971 -0.007398 12.337300 -0.002283 0.007395 0.999970 -1.303400 0.000000 0.000000 0.000000 1.000000
0.999992 0.003652 0.001353 0.019000 -0.003626 0.999817 -0.018793 12.337300 -0.001421 0.018788 0.999822 -1.303400 0.000000 0.000000 0.000000 1.000000
0.999983 0.005866 0.000549 0.019000 -0.005847 0.999543 -0.029666 12.337300 -0.000723 0.029663 0.999560 -1.303400 0.000000 0.000000 0.000000 1.000000
0.999967 0.008166 -0.000047 0.019000 -0.008161 0.999184 -0.039547 12.337300 -0.000276 0.039546 0.999218 -1.303400 0.000000 0.000000 0.000000 1.000000
0.999944 0.010530 -0.000344 0.019000 -0.010535 0.998793 -0.047965 12.337300 -0.000162 0.047966 0.998849 -1.303400 0.000000 0.000000 0.000000 1.000000
0.999916 0.012941 -0.000247 0.019000 -0.012935 0.998433 -0.054453 12.337300 -0.000458 0.054452 0.998516 -1.303400 0.000000 0.000000 0.000000 1.000000
0.999882 0.015386 0.000462 0.019000 -0.015333 0.998186 -0.058223 12.337300 -0.001357 0.058209 0.998303 -1.303400 0.000000 0.000000 0.000000 1.000000
0.999838 0.017881 0.001915 0.019000 -0.017737 0.998101 -0.058983 12.337300 -0.002966 0.058940 0.998257 -1.303400 0.000000 0.000000 0.000000 1.000000
0.999784 0.020439 0.003854 0.019000 -0.020183 0.998131 -0.057679 12.337300 -0.005025 0.057589 0.998328 -1.303400 0.000000 0.000000 0.000000 1.000000
0.999716 0.023071 0.005989 0.019000 -0.022704 0.998209 -0.055344 12.337300 -0.007255 0.055193 0.998449 -1.303400 0.000000 0.000000 0.000000 1.000000
0.999635 0.025789 0.008031 0.019000 -0.025328 0.998273 -0.053012 12.337300 -0.009384 0.052789 0.998562 -1.303400 0.000000 0.000000 0.000000 1.000000
0.999544 0.028608 0.009689 0.019000 -0.028070 0.998268 -0.051711 12.337300 -0.011151 0.051415 0.998615 -1.303400 0.000000 0.000000 0.000000 1.000000
0.999446 0.031537 0.010675 0.019000 -0.030936 0.998143 -0.052469 12.337300 -0.012310 0.052109 0.998566 -1.303400 0.000000 0.000000 0.000000 1.000000
0.999348 0.034478 0.010761 0.019000 -0.033823 0.997856 -0.056038 12.337300 -0.012670 0.055637 0.998371 -1.303400 0.000000 0.000000 0.000000 1.000000
0.999280 0.036504 0.010306 0.019000 -0.035813 0.997514 -0.060687 12.337300 -0.012496 0.060274 0.998104 -1.303400 0.000000 0.000000 0.000000 1.000000
0.999231 0.038080 0.009326 0.019000 -0.037378 0.997088 -0.066466 12.337300 -0.011830 0.066066 0.997745 -1.303400 0.000000 0.000000 0.000000 1.000000
0.999150 0.040538 0.007469 0.019000 -0.039864 0.996379 -0.075102 12.337300 -0.010487 0.074740 0.997148 -1.303400 0.000000 0.000000 0.000000 1.000000
0.998968 0.045211 0.004385 0.019000 -0.044648 0.995093 -0.088298 12.337300 -0.008355 0.088011 0.996084 -1.303400 0.000000 0.000000 0.000000 1.000000
0.998522 0.054343 -0.000788 0.019000 -0.054102 0.992501 -0.109609 12.337300 -0.005174 0.109489 0.993974 -1.303400 0.000000 0.000000 0.000000 1.000000
0.997476 0.070389 -0.009291 0.019000 -0.070993 0.987047 -0.143871 12.337300 -0.000956 0.144167 0.989553 -1.303400 0.000000 0.000000 0.000000 1.000000
0.996144 0.086012 -0.017289 0.019000 -0.087716 0.980275 -0.177106 12.337300 0.001714 0.177939 0.984040 -1.303400 0.000000 0.000000 0.000000 1.000000
0.994984 0.097291 -0.023262 0.019000 -0.099992 0.973944 -0.203555 12.337300 0.002852 0.204860 0.978787 -1.303400 0.000000 0.000000 0.000000 1.000000
0.994850 0.098245 -0.024913 0.019000 -0.101309 0.971263 -0.215372 12.337300 0.003038 0.216787 0.976214 -1.303400 0.000000 0.000000 0.000000 1.000000
0.996478 0.081693 -0.018903 0.019000 -0.083824 0.976257 -0.199739 12.337300 0.002137 0.200620 0.979667 -1.303400 0.000000 0.000000 0.000000 1.000000
0.999515 0.031121 -0.001037 0.019000 -0.030982 0.990621 -0.133080 12.337300 -0.003114 0.133047 0.991105 -1.303400 0.000000 0.000000 0.000000 1.000000
0.999633 -0.017663 0.020551 0.019000 0.019110 0.997187 -0.072476 12.337300 -0.019213 0.072842 0.997158 -1.303400 0.000000 0.000000 0.000000 1.000000
0.997994 -0.029528 0.056003 0.019000 0.031474 0.998919 -0.034202 12.337300 -0.054932 0.035896 0.997845 -1.303400 0.000000 0.000000 0.000000 1.000000
0.995061 -0.029600 0.094748 0.019000 0.030157 0.999535 -0.004458 12.337300 -0.094572 0.007293 0.995491 -1.303400 0.000000 0.000000 0.000000 1.000000
0.991185 -0.027417 0.129615 0.019000 0.025354 0.999525 0.017545 12.337300 -0.130034 -0.014104 0.991409 -1.303400 0.000000 0.000000 0.000000 1.000000
0.989124 -0.028476 0.144303 0.019000 0.026288 0.999509 0.017046 12.337300 -0.144717 -0.013067 0.989387 -1.303400 0.000000 0.000000 0.000000 1.000000
0.988792 -0.031448 0.145953 0.019000 0.030360 0.999492 0.009673 12.337300 -0.146184 -0.005133 0.989244 -1.303400 0.000000 0.000000 0.000000 1.000000
0.990284 -0.033234 0.135027 0.019000 0.032599 0.999445 0.006912 12.337300 -0.135181 -0.002443 0.990818 -1.303400 0.000000 0.000000 0.000000 1.000000
0.993292 -0.034260 0.110445 0.019000 0.034055 0.999413 0.003746 12.337300 -0.110509 0.000040 0.993875 -1.303400 0.000000 0.000000 0.000000 1.000000
0.996117 -0.034959 0.080796 0.019000 0.035034 0.999386 0.000482 12.337300 -0.080763 0.002351 0.996731 -1.303400 0.000000 0.000000 0.000000 1.000000
0.998032 -0.035492 0.051687 0.019000 0.035677 0.999360 -0.002669 12.337300 -0.051560 0.004508 0.998660 -1.303400 0.000000 0.000000 0.000000 1.000000
0.998937 -0.036019 0.028777 0.019000 0.036193 0.999329 -0.005563 12.337300 -0.028557 0.006598 0.999570 -1.303400 0.000000 0.000000 0.000000 1.000000
0.999192 -0.036645 0.016525 0.019000 0.036784 0.999290 -0.008196 12.337300 -0.016213 0.008798 0.999830 -1.303400 0.000000 0.000000 0.000000 1.000000
0.999229 -0.037249 0.012437 0.019000 0.037385 0.999242 -0.010824 12.337300 -0.012024 0.011280 0.999864 -1.303400 0.000000 0.000000 0.000000 1.000000
0.999193 -0.037805 0.013556 0.019000 0.037986 0.999190 -0.013302 12.337300 -0.013042 0.013807 0.999820 -1.303400 0.000000 0.000000 0.000000 1.000000
0.999115 -0.038313 0.017349 0.019000 0.038582 0.999136 -0.015424 12.337300 -0.016743 0.016080 0.999731 -1.303400 0.000000 0.000000 0.000000 1.000000
0.999021 -0.038775 0.021279 0.019000 0.039139 0.999089 -0.016986 12.337300 -0.020601 0.017802 0.999629 -1.303400 0.000000 0.000000 0.000000 1.000000
0.998941 -0.039118 0.024230 0.019000 0.039542 0.999069 -0.017279 12.337300 -0.023532 0.018219 0.999557 -1.303400 0.000000 0.000000 0.000000 1.000000
0.998939 -0.038338 0.025502 0.019000 0.038829 0.999065 -0.019030 12.337300 -0.024749 0.020000 0.999494 -1.303400 0.000000 0.000000 0.000000 1.000000
0.998957 -0.037764 0.025674 0.019000 0.038338 0.999017 -0.022258 12.337300 -0.024808 0.023219 0.999423 -1.303400 0.000000 0.000000 0.000000 1.000000
0.998949 -0.036797 0.027343 0.019000 0.037504 0.998963 -0.025804 12.337300 -0.026365 0.026802 0.999293 -1.303400 0.000000 0.000000 0.000000 1.000000</float_array><technique_common><accessor source="#Spine1-Matrix-animation-output-transform-array" count="70" stride="16"><param type="float4x4"/></accessor></technique_common></source><source id="Spine1-Interpolations"><Name_array id="Spine1-Interpolations-array" count="70">
 LINEAR LINEAR LINEAR LINEAR LINEAR LINEAR LINEAR LINEAR LINEAR LINEAR LINEAR
LINEAR LINEAR LINEAR LINEAR LINEAR LINEAR LINEAR LINEAR LINEAR LINEAR LINEAR LINEAR
LINEAR LINEAR LINEAR LINEAR LINEAR LINEAR LINEAR LINEAR LINEAR LINEAR LINEAR LINEAR
LINEAR LINEAR LINEAR LINEAR LINEAR LINEAR LINEAR LINEAR LINEAR LINEAR LINEAR LINEAR
LINEAR LINEAR LINEAR LINEAR LINEAR LINEAR LINEAR LINEAR LINEAR LINEAR LINEAR LINEAR
LINEAR LINEAR LINEAR LINEAR LINEAR LINEAR LINEAR LINEAR LINEAR LINEAR LINEAR</Name_array><technique_common><accessor source="#Spine1-Interpolations-array" count="70"><param type="name"/></accessor></technique_common></source><sampler id="Spine1-Matrix-animation-transform"><input semantic="INPUT" source="#Spine1-Matrix-animation-input"/><input semantic="OUTPUT" source="#Spine1-Matrix-animation-output-transform"/><input semantic="INTERPOLATION" source="#Spine1-Interpolations"/></sampler><channel source="#Spine1-Matrix-animation-transform" target="Spine1/matrix"/></animation>
    <animation id="Spine2-anim" name="Spine2"><source id="Spine2-Matrix-animation-input"><float_array id="Spine2-Matrix-animation-input-array" count="70">

0.000000 0.033333 0.066667 0.100000 0.133333 0.166667 0.200000 0.233333 0.266667 0.300000 0.333333 0.366667 0.400000 0.433333 0.466667 0.500000
0.533333 0.566667 0.600000 0.633333 0.666667 0.700000 0.733333 0.766667 0.800000 0.833333 0.866667 0.900000 0.933333 0.966667 1.000000 1.033333
1.066667 1.100000 1.133333 1.166667 1.200000 1.233333 1.266667 1.300000 1.333333 1.366667 1.400000 1.433333 1.466667 1.500000 1.533333 1.566667
1.600000 1.633333 1.666667 1.700000 1.733333 1.766667 1.800000 1.833333 1.866667 1.900000 1.933333 1.966667 2.000000 2.033333 2.066667 2.100000
