<?xml version="1.0" encoding="utf-8"?>
<COLLADA xmlns="http://www.collada.org/2005/11/COLLADASchema" version="1.4.1">
  <asset><contributor><author>Mixamo</author><authoring_tool>COLLADA Mixamo exporter</authoring_tool><comments></comments></contributor><created>2018-10-27T22:41:54Z</created><modified>2018-10-27T22:41:54Z</modified><revision></revision><title></title><unit meter="0.010000"/><up_axis>Y_UP</up_axis></asset>
  <library_animations>
    <animation id="Hips-anim" name="Hips"><source id="Hips-Matrix-animation-input"><float_array id="Hips-Matrix-animation-input-array" count="29">

0.000000 0.033333 0.066667 0.100000 0.133333 0.166667 0.200000 0.233333 0.266667 0.300000 0.333333 0.366667 0.400000 0.433333 0.466667 0.500000
0.533333 0.566667 0.600000 0.633333 0.666667 0.700000 0.733333 0.766667 0.800000 0.833333 0.866667 0.900000 0.933333</float_array><technique_common><accessor source="#Hips-Matrix-animation-input-array" count="29"><param name="TIME" type="float"/></accessor></technique_common></source><source id="Hips-Matrix-animation-output-transform"><float_array id="Hips-Matrix-animation-output-transform-array" count="464">

0.582127 -0.121499 -0.803969 0.000069 -0.014041 0.987123 -0.159345 80.553772 0.812976 0.104047 0.572925 0.000047 0.000000 0.000000 0.000000 1.000000
0.629889 -0.114339 -0.768223 -0.940721 -0.015615 0.987040 -0.159710 80.850853 0.776528 0.112596 0.619941 -2.608689 0.000000 0.000000 0.000000 1.000000
0.676012 -0.106717 -0.729122 -1.924817 -0.017200 0.986903 -0.160394 81.190697 0.736690 0.120969 0.665323 -5.215012 0.000000 0.000000 0.000000 1.000000
0.720191 -0.098550 -0.686741 -2.757635 -0.018769 0.986730 -0.161283 81.553802 0.693522 0.129044 0.708784 -7.691168 0.000000 0.000000 0.000000 1.000000
0.762145 -0.089826 -0.641144 -3.254485 -0.020301 0.986525 -0.162347 81.922173 0.647088 0.136748 0.750051 -9.912345 0.000000 0.000000 0.000000 1.000000
0.801713 -0.080522 -0.592260 -3.373737 -0.021784 0.986289 -0.163580 82.377258 0.597312 0.144046 0.788967 -11.969885 0.000000 0.000000 0.000000 1.000000
0.838537 -0.070647 -0.540246 -3.371036 -0.023198 0.986029 -0.164948 82.843285 0.544351 0.150848 0.825183 -14.335508 0.000000 0.000000 0.000000 1.000000
0.872374 -0.060191 -0.485119 -3.186980 -0.024533 0.985749 -0.166423 83.205269 0.488223 0.157084 0.858465 -16.521761 0.000000 0.000000 0.000000 1.000000
0.902700 -0.049238 -0.427443 -2.893592 -0.025772 0.985459 -0.167945 83.468605 0.429497 0.162620 0.888306 -18.600981 0.000000 0.000000 0.000000 1.000000
0.929387 -0.037797 -0.367167 -2.390552 -0.026914 0.985155 -0.169541 83.464394 0.368124 0.167452 0.914573 -20.706121 0.000000 0.000000 0.000000 1.000000
0.952108 -0.025925 -0.304660 -1.703758 -0.027954 0.984845 -0.171168 83.196198 0.304480 0.171487 0.936955 -22.918541 0.000000 0.000000 0.000000 1.000000
0.970596 -0.013682 -0.240324 -0.632271 -0.028894 0.984542 -0.172746 82.760399 0.238972 0.174611 0.955198 -24.602676 0.000000 0.000000 0.000000 1.000000
0.984642 -0.001159 -0.174583 0.693046 -0.029740 0.984250 -0.174263 82.231522 0.172036 0.176779 0.969099 -25.554224 0.000000 0.000000 0.000000 1.000000
0.994083 0.011545 -0.108010 1.996812 -0.030510 0.983983 -0.175630 81.724609 0.104253 0.177886 0.978513 -25.639830 0.000000 0.000000 0.000000 1.000000
0.998862 0.024315 -0.041037 3.251241 -0.031214 0.983737 -0.176879 81.290085 0.036069 0.177959 0.983377 -25.177128 0.000000 0.000000 0.000000 1.000000
0.998978 0.037050 0.025887 4.524621 -0.031864 0.983512 -0.178015 81.014153 -0.032055 0.177008 0.983687 -24.287704 0.000000 0.000000 0.000000 1.000000
0.994503 0.049640 0.092194 6.000636 -0.032492 0.983320 -0.178959 81.124939 -0.099540 0.174980 0.979527 -22.827045 0.000000 0.000000 0.000000 1.000000
0.985576 0.061987 0.157472 7.506401 -0.033118 0.983158 -0.179732 81.480370 -0.165961 0.171924 0.971030 -21.060799 0.000000 0.000000 0.000000 1.000000
0.972404 0.073996 0.221260 8.971826 -0.033780 0.983032 -0.180296 82.013268 -0.230847 0.167847 0.958404 -18.965092 0.000000 0.000000 0.000000 1.000000
0.955536 0.085392 0.282239 10.477852 -0.034565 0.982989 -0.180384 82.604492 -0.292841 0.162608 0.942233 -16.693848 0.000000 0.000000 0.000000 1.000000
0.935395 0.096366 0.340219 11.679505 -0.035844 0.983033 -0.179890 83.209724 -0.351782 0.156074 0.922979 -14.323859 0.000000 0.000000 0.000000 1.000000
0.912173 0.106679 0.395676 12.266494 -0.037292 0.983125 -0.179091 83.671799 -0.408104 0.148606 0.900759 -11.954741 0.000000 0.000000 0.000000 1.000000
0.886527 0.115545 0.448017 11.954280 -0.038191 0.983285 -0.178020 83.766968 -0.461098 0.140710 0.876122 -9.695265 0.000000 0.000000 0.000000 1.000000
0.860249 0.121291 0.495237 10.821715 -0.037202 0.983636 -0.176285 83.356483 -0.508515 0.133225 0.850684 -7.551129 0.000000 0.000000 0.000000 1.000000
0.834437 0.123439 0.537102 9.126157 -0.033609 0.984177 -0.173972 82.787476 -0.550078 0.127117 0.825382 -5.372670 0.000000 0.000000 0.000000 1.000000
0.806163 0.123969 0.578562 6.934216 -0.028815 0.984871 -0.170878 82.227158 -0.590992 0.121084 0.797538 -3.466641 0.000000 0.000000 0.000000 1.000000
0.775473 0.123797 0.619125 4.645705 -0.023772 0.985619 -0.167305 81.668839 -0.630933 0.115023 0.767264 -2.189863 0.000000 0.000000 0.000000 1.000000
0.742659 0.123183 0.658242 2.320352 -0.018786 0.986382 -0.163396 81.111313 -0.669406 0.108982 0.734860 -1.118209 0.000000 0.000000 0.000000 1.000000
0.707976 0.122289 0.695568 0.000021 -0.014041 0.987137 -0.159259 80.553780 -0.706097 0.102985 0.700587 -0.000080 0.000000 0.000000 0.000000 1.000000</float_array><technique_common><accessor source="#Hips-Matrix-animation-output-transform-array" count="29" stride="16"><param type="float4x4"/></accessor></technique_common></source><source id="Hips-Interpolations"><Name_array id="Hips-Interpolations-array" count="29">
 LINEAR LINEAR LINEAR LINEAR LINEAR LINEAR LINEAR LINEAR LINEAR LINEAR LINEAR
LINEAR LINEAR LINEAR LINEAR LINEAR LINEAR LINEAR LINEAR LINEAR LINEAR LINEAR LINEAR
LINEAR LINEAR LINEAR LINEAR LINEAR LINEAR</Name_array><technique_common><accessor source="#Hips-Interpolations-array" count="29"><param type="name"/></accessor></technique_common></source><sampler id="Hips-Matrix-animation-transform"><input semantic="INPUT" source="#Hips-Matrix-animation-input"/><input semantic="OUTPUT" source="#Hips-Matrix-animation-output-transform"/><input semantic="INTERPOLATION" source="#Hips-Interpolations"/></sampler><channel source="#Hips-Matrix-animation-transform" target="Hips/matrix"/></animation>
    <animation id="Spine-anim" name="Spine"><source id="Spine-Matrix-animation-input"><float_array id="Spine-Matrix-animation-input-array" count="29">

0.000000 0.033333 0.066667 0.100000 0.133333 0.166667 0.200000 0.233333 0.266667 0.300000 0.333333 0.366667 0.400000 0.433333 0.466667 0.500000
0.533333 0.566667 0.600000 0.633333 0.666667 0.700000 0.733333 0.766667 0.800000 0.833333 0.866667 0.900000 0.933333</float_array><technique_common><accessor source="#Spine-Matrix-animation-input-array" count="29"><param name="TIME" type="float"/></accessor></technique_common></source><source id="Spine-Matrix-animation-output-transform"><float_array id="Spine-Matrix-animation-output-transform-array" count="464">

0.996569 0.054883 0.061947 0.017300 -0.046550 0.990584 -0.128751 10.574800 -0.068430 0.125426 0.989740 -1.117200 0.000000 0.000000 0.000000 1.000000
0.996044 0.064568 0.061056 0.017300 -0.056183 0.989884 -0.130283 10.574800 -0.068850 0.126338 0.989595 -1.117200 0.000000 0.000000 0.000000 1.000000
0.995364 0.074735 0.060539 0.017300 -0.066227 0.989026 -0.132065 10.574800 -0.069745 0.127443 0.989391 -1.117200 0.000000 0.000000 0.000000 1.000000
0.994702 0.084348 0.058766 0.017300 -0.075831 0.988003 -0.134536 10.574800 -0.069408 0.129367 0.989165 -1.117200 0.000000 0.000000 0.000000 1.000000
0.994245 0.092410 0.054200 0.017300 -0.084193 0.986834 -0.138095 10.574800 -0.066248 0.132737 0.988935 -1.117200 0.000000 0.000000 0.000000 1.000000
0.994136 0.098287 0.045093 0.017300 -0.090934 0.985497 -0.143272 10.574800 -0.058521 0.138331 0.988656 -1.117200 0.000000 0.000000 0.000000 1.000000
0.994176 0.102689 0.032683 0.017300 -0.096729 0.984032 -0.149416 10.574800 -0.047504 0.145385 0.988234 -1.117200 0.000000 0.000000 0.000000 1.000000
0.994242 0.105525 0.018643 0.017300 -0.101374 0.982610 -0.155564 10.574800 -0.034734 0.152779 0.987650 -1.117200 0.000000 0.000000 0.000000 1.000000
0.994189 0.107549 0.004563 0.017300 -0.105412 0.981272 -0.161222 10.574800 -0.021816 0.159805 0.986908 -1.117200 0.000000 0.000000 0.000000 1.000000
0.994073 0.108426 -0.007883 0.017300 -0.108232 0.980281 -0.165332 10.574800 -0.010199 0.165205 0.986207 -1.117200 0.000000 0.000000 0.000000 1.000000
0.994031 0.107873 -0.016281 0.017300 -0.109076 0.979936 -0.166815 10.574800 -0.002040 0.167596 0.985854 -1.117200 0.000000 0.000000 0.000000 1.000000
0.994230 0.105727 -0.018103 0.017300 -0.107265 0.980315 -0.165762 10.574800 0.000221 0.166747 0.986000 -1.117200 0.000000 0.000000 0.000000 1.000000
0.994592 0.103650 -0.006591 0.017300 -0.103337 0.981238 -0.162767 10.574800 -0.010403 0.162568 0.986643 -1.117200 0.000000 0.000000 0.000000 1.000000
0.994880 0.100723 0.008337 0.017300 -0.098212 0.982943 -0.155494 10.574800 -0.023857 0.153879 0.987802 -1.117200 0.000000 0.000000 0.000000 1.000000
0.995434 0.092548 0.023350 0.017300 -0.088166 0.985270 -0.146528 10.574800 -0.036567 0.143801 0.988931 -1.117200 0.000000 0.000000 0.000000 1.000000
0.996288 0.076096 0.040256 0.017300 -0.069832 0.987824 -0.139020 10.574800 -0.050344 0.135692 0.989471 -1.117200 0.000000 0.000000 0.000000 1.000000
0.996681 0.058679 0.056419 0.017300 -0.050764 0.989853 -0.132720 10.574800 -0.063635 0.129416 0.989546 -1.117200 0.000000 0.000000 0.000000 1.000000
0.996672 0.041911 0.069923 0.017300 -0.032717 0.991260 -0.127798 10.574800 -0.074668 0.125085 0.989332 -1.117200 0.000000 0.000000 0.000000 1.000000
0.996652 0.027767 0.076895 0.017300 -0.018017 0.992032 -0.124695 10.574800 -0.079745 0.122892 0.989211 -1.117200 0.000000 0.000000 0.000000 1.000000
0.996697 0.016799 0.079448 0.017300 -0.006992 0.992489 -0.122135 10.574800 -0.080903 0.121177 0.989329 -1.117200 0.000000 0.000000 0.000000 1.000000
0.996912 0.009372 0.077963 0.017300 0.000029 0.992808 -0.119718 10.574800 -0.078524 0.119351 0.989742 -1.117200 0.000000 0.000000 0.000000 1.000000
0.997257 0.004652 0.073864 0.017300 0.004132 0.992967 -0.118317 10.574800 -0.073895 0.118298 0.990225 -1.117200 0.000000 0.000000 0.000000 1.000000
0.997625 0.001911 0.068848 0.017300 0.006266 0.992951 -0.118358 10.574800 -0.068589 0.118508 0.990581 -1.117200 0.000000 0.000000 0.000000 1.000000
0.997943 0.001571 0.064094 0.017300 0.006200 0.992650 -0.120864 10.574800 -0.063813 0.121013 0.990598 -1.117200 0.000000 0.000000 0.000000 1.000000
0.998172 0.004799 0.060254 0.017300 0.002768 0.992168 -0.124876 10.574800 -0.060381 0.124814 0.990341 -1.117200 0.000000 0.000000 0.000000 1.000000
0.998008 0.012200 0.061895 0.017300 -0.004638 0.992657 -0.120875 10.574800 -0.062915 0.120347 0.990736 -1.117200 0.000000 0.000000 0.000000 1.000000
0.997468 0.025507 0.066381 0.017300 -0.017378 0.992589 -0.120272 10.574800 -0.068956 0.118814 0.990519 -1.117200 0.000000 0.000000 0.000000 1.000000
0.997112 0.040281 0.064389 0.017300 -0.032023 0.991702 -0.124506 10.574800 -0.068870 0.122084 0.990127 -1.117200 0.000000 0.000000 0.000000 1.000000
0.996569 0.054883 0.061947 0.017300 -0.046550 0.990584 -0.128751 10.574800 -0.068430 0.125426 0.989740 -1.117200 0.000000 0.000000 0.000000 1.000000</float_array><technique_common><accessor source="#Spine-Matrix-animation-output-transform-array" count="29" stride="16"><param type="float4x4"/></accessor></technique_common></source><source id="Spine-Interpolations"><Name_array id="Spine-Interpolations-array" count="29">
 LINEAR LINEAR LINEAR LINEAR LINEAR LINEAR LINEAR LINEAR LINEAR LINEAR LINEAR
LINEAR LINEAR LINEAR LINEAR LINEAR LINEAR LINEAR LINEAR LINEAR LINEAR LINEAR LINEAR
LINEAR LINEAR LINEAR LINEAR LINEAR LINEAR</Name_array><technique_common><accessor source="#Spine-Interpolations-array" count="29"><param type="name"/></accessor></technique_common></source><sampler id="Spine-Matrix-animation-transform"><input semantic="INPUT" source="#Spine-Matrix-animation-input"/><input semantic="OUTPUT" source="#Spine-Matrix-animation-output-transform"/><input semantic="INTERPOLATION" source="#Spine-Interpolations"/></sampler><channel source="#Spine-Matrix-animation-transform" target="Spine/matrix"/></animation>
    <animation id="Spine1-anim" name="Spine1"><source id="Spine1-Matrix-animation-input"><float_array id="Spine1-Matrix-animation-input-array" count="29">

0.000000 0.033333 0.066667 0.100000 0.133333 0.166667 0.200000 0.233333 0.266667 0.300000 0.333333 0.366667 0.400000 0.433333 0.466667 0.500000
0.533333 0.566667 0.600000 0.633333 0.666667 0.700000 0.733333 0.766667 0.800000 0.833333 0.866667 0.900000 0.933333</float_array><technique_common><accessor source="#Spine1-Matrix-animation-input-array" count="29"><param name="TIME" type="float"/></accessor></technique_common></source><source id="Spine1-Matrix-animation-output-transform"><float_array id="Spine1-Matrix-animation-output-transform-array" count="464">

0.998870 -0.040556 0.024793 0.019000 0.041082 0.998933 -0.021096 12.337300 -0.023911 0.022091 0.999470 -1.303400 0.000000 0.000000 0.000000 1.000000
0.999013 -0.036780 0.024895 0.019000 0.037392 0.998999 -0.024556 12.337300 -0.023967 0.025462 0.999388 -1.303400 0.000000 0.000000 0.000000 1.000000
0.999149 -0.032707 0.025113 0.019000 0.033423 0.999031 -0.028619 12.337300 -0.024152 0.029434 0.999275 -1.303400 0.000000 0.000000 0.000000 1.000000
0.999274 -0.028769 0.024973 0.019000 0.029585 0.999019 -0.032962 12.337300 -0.024000 0.033677 0.999145 -1.303400 0.000000 0.000000 0.000000 1.000000
0.999389 -0.025371 0.024032 0.019000 0.026257 0.998959 -0.037304 12.337300 -0.023061 0.037912 0.999015 -1.303400 0.000000 0.000000 0.000000 1.000000
0.999503 -0.022785 0.021801 0.019000 0.023670 0.998868 -0.041256 12.337300 -0.020836 0.041752 0.998911 -1.303400 0.000000 0.000000 0.000000 1.000000
0.999610 -0.020791 0.018639 0.019000 0.021611 0.998755 -0.044964 12.337300 -0.017680 0.045350 0.998815 -1.303400 0.000000 0.000000 0.000000 1.000000
0.999698 -0.019480 0.014995 0.019000 0.020181 0.998639 -0.048095 12.337300 -0.014037 0.048383 0.998730 -1.303400 0.000000 0.000000 0.000000 1.000000
0.999764 -0.018552 0.011316 0.019000 0.019103 0.998528 -0.050767 12.337300 -0.010358 0.050971 0.998646 -1.303400 0.000000 0.000000 0.000000 1.000000
0.999801 -0.018231 0.008043 0.019000 0.018628 0.998450 -0.052453 12.337300 -0.007074 0.052592 0.998591 -1.303400 0.000000 0.000000 0.000000 1.000000
0.999809 -0.018659 0.005810 0.019000 0.018941 0.998421 -0.052877 12.337300 -0.004814 0.052977 0.998584 -1.303400 0.000000 0.000000 0.000000 1.000000
0.999786 -0.019998 0.005293 0.019000 0.020246 0.998440 -0.052044 12.337300 -0.004244 0.052140 0.998631 -1.303400 0.000000 0.000000 0.000000 1.000000
0.999722 -0.022011 0.008397 0.019000 0.022407 0.998478 -0.050396 12.337300 -0.007275 0.050570 0.998694 -1.303400 0.000000 0.000000 0.000000 1.000000
0.999614 -0.024862 0.012433 0.019000 0.025421 0.998569 -0.047056 12.337300 -0.011245 0.047354 0.998815 -1.303400 0.000000 0.000000 0.000000 1.000000
0.999449 -0.028918 0.016285 0.019000 0.029588 0.998658 -0.042506 12.337300 -0.015034 0.042964 0.998963 -1.303400 0.000000 0.000000 0.000000 1.000000
0.999198 -0.034497 0.020307 0.019000 0.035238 0.998683 -0.037302 12.337300 -0.018993 0.037988 0.999098 -1.303400 0.000000 0.000000 0.000000 1.000000
0.998904 -0.040148 0.024081 0.019000 0.040908 0.998653 -0.031926 12.337300 -0.022767 0.032876 0.999200 -1.303400 0.000000 0.000000 0.000000 1.000000
0.998604 -0.045322 0.027127 0.019000 0.046045 0.998584 -0.026651 12.337300 -0.025880 0.027863 0.999277 -1.303400 0.000000 0.000000 0.000000 1.000000
0.998379 -0.049296 0.028434 0.019000 0.049922 0.998516 -0.021762 12.337300 -0.027319 0.023146 0.999359 -1.303400 0.000000 0.000000 0.000000 1.000000
0.998196 -0.052730 0.028704 0.019000 0.053258 0.998419 -0.017951 12.337300 -0.027713 0.019448 0.999427 -1.303400 0.000000 0.000000 0.000000 1.000000
0.998041 -0.055898 0.028093 0.019000 0.056355 0.998287 -0.015737 12.337300 -0.027165 0.017290 0.999481 -1.303400 0.000000 0.000000 0.000000 1.000000
0.997937 -0.058298 0.026876 0.019000 0.058716 0.998161 -0.015045 12.337300 -0.025949 0.016592 0.999526 -1.303400 0.000000 0.000000 0.000000 1.000000
0.997901 -0.059562 0.025431 0.019000 0.059964 0.998083 -0.015344 12.337300 -0.024469 0.016836 0.999559 -1.303400 0.000000 0.000000 0.000000 1.000000
0.997965 -0.059061 0.024041 0.019000 0.059462 0.998098 -0.016291 12.337300 -0.023033 0.017688 0.999578 -1.303400 0.000000 0.000000 0.000000 1.000000
0.998133 -0.056596 0.022965 0.019000 0.057011 0.998214 -0.017826 12.337300 -0.021915 0.019102 0.999577 -1.303400 0.000000 0.000000 0.000000 1.000000
0.998269 -0.053843 0.023672 0.019000 0.054284 0.998356 -0.018398 12.337300 -0.022643 0.019651 0.999550 -1.303400 0.000000 0.000000 0.000000 1.000000
0.998424 -0.050092 0.025319 0.019000 0.050587 0.998533 -0.019298 12.337300 -0.024315 0.020548 0.999493 -1.303400 0.000000 0.000000 0.000000 1.000000
0.998661 -0.045237 0.025114 0.019000 0.045755 0.998743 -0.020455 12.337300 -0.024157 0.021577 0.999475 -1.303400 0.000000 0.000000 0.000000 1.000000
0.998874 -0.040580 0.024588 0.019000 0.041107 0.998927 -0.021350 12.337300 -0.023696 0.022337 0.999470 -1.303400 0.000000 0.000000 0.000000 1.000000</float_array><technique_common><accessor source="#Spine1-Matrix-animation-output-transform-array" count="29" stride="16"><param type="float4x4"/></accessor></technique_common></source><source id="Spine1-Interpolations"><Name_array id="Spine1-Interpolations-array" count="29">
 LINEAR LINEAR LINEAR LINEAR LINEAR LINEAR LINEAR LINEAR LINEAR LINEAR LINEAR
LINEAR LINEAR LINEAR LINEAR LINEAR LINEAR LINEAR LINEAR LINEAR LINEAR LINEAR LINEAR
LINEAR LINEAR LINEAR LINEAR LINEAR LINEAR</Name_array><technique_common><accessor source="#Spine1-Interpolations-array" count="29"><param type="name"/></accessor></technique_common></source><sampler id="Spine1-Matrix-animation-transform"><input semantic="INPUT" source="#Spine1-Matrix-animation-input"/><input semantic="OUTPUT" source="#Spine1-Matrix-animation-output-transform"/><input semantic="INTERPOLATION" source="#Spine1-Interpolations"/></sampler><channel source="#Spine1-Matrix-animation-transform" target="Spine1/matrix"/></animation>
    <animation id="Spine2-anim" name="Spine2"><source id="Spine2-Matrix-animation-input"><float_array id="Spine2-Matrix-animation-input-array" count="29">

0.000000 0.033333 0.066667 0.100000 0.133333 0.166667 0.200000 0.233333 0.266667 0.300000 0.333333 0.366667 0.400000 0.433333 0.466667 0.500000
0.533333 0.566667 0.600000 0.633333 0.666667 0.700000 0.733333 0.766667 0.800000 0.833333 0.866667 0.900000 0.933333</float_array><technique_common><accessor source="#Spine2-Matrix-animation-input-array" count="29"><param name="TIME" type="float"/></accessor></technique_common></source><source id="Spine2-Matrix-animation-output-transform"><float_array id="Spine2-Matrix-animation-output-transform-array" count="464">

0.999575 -0.018316 0.022667 0.021700 0.018403 0.999824 -0.003651 14.099800 -0.022596 0.004067 0.999736 -1.489600 0.000000 0.000000 0.000000 1.000000
0.999635 -0.014537 0.022781 0.021700 0.014703 0.999867 -0.007113 14.099800 -0.022675 0.007445 0.999715 -1.489600 0.000000 0.000000 0.000000 1.000000
0.999681 -0.010464 0.023004 0.021700 0.010723 0.999880 -0.011163 14.099800 -0.022884 0.011406 0.999673 -1.489600 0.000000 0.000000 0.000000 1.000000
0.999717 -0.006523 0.022856 0.021700 0.006877 0.999857 -0.015445 14.099800 -0.022752 0.015598 0.999619 -1.489600 0.000000 0.000000 0.000000 1.000000
0.999756 -0.003116 0.021891 0.021700 0.003548 0.999799 -0.019751 14.099800 -0.021825 0.019823 0.999565 -1.489600 0.000000 0.000000 0.000000 1.000000
0.999807 -0.000509 0.019617 0.021700 0.000976 0.999716 -0.023824 14.099800 -0.019599 0.023838 0.999524 -1.489600 0.000000 0.000000 0.000000 1.000000
0.999864 0.001512 0.016406 0.021700 -0.001060 0.999620 -0.027560 14.099800 -0.016442 0.027539 0.999486 -1.489600 0.000000 0.000000 0.000000 1.000000
0.999915 0.002856 0.012715 0.021700 -0.002464 0.999525 -0.030720 14.099800 -0.012796 0.030686 0.999447 -1.489600 0.000000 0.000000 0.000000 1.000000
0.999952 0.003818 0.008991 0.021700 -0.003516 0.999435 -0.033419 14.099800 -0.009113 0.033385 0.999401 -1.489600 0.000000 0.000000 0.000000 1.000000
0.999975 0.004172 0.005679 0.021700 -0.003970 0.999375 -0.035126 14.099800 -0.005822 0.035103 0.999367 -1.489600 0.000000 0.000000 0.000000 1.000000
0.999987 0.003773 0.003412 0.021700 -0.003649 0.999361 -0.035559 14.099800 -0.003544 0.035547 0.999362 -1.489600 0.000000 0.000000 0.000000 1.000000
0.999993 0.002449 0.002866 0.021700 -0.002348 0.999395 -0.034714 14.099800 -0.002949 0.034707 0.999393 -1.489600 0.000000 0.000000 0.000000 1.000000
0.999982 0.000404 0.005963 0.021700 -0.000207 0.999454 -0.033027 14.099800 -0.005973 0.033025 0.999437 -1.489600 0.000000 0.000000 0.000000 1.000000
0.999947 -0.002483 0.010015 0.021700 0.002779 0.999556 -0.029650 14.099800 -0.009937 0.029677 0.999510 -1.489600 0.000000 0.000000 0.000000 1.000000
0.999882 -0.006574 0.013879 0.021700 0.006921 0.999662 -0.025075 14.099800 -0.013709 0.025168 0.999589 -1.489600 0.000000 0.000000 0.000000 1.000000
0.999765 -0.012202 0.017892 0.021700 0.012557 0.999724 -0.019860 14.099800 -0.017645 0.020080 0.999643 -1.489600 0.000000 0.000000 0.000000 1.000000
0.999605 -0.017901 0.021666 0.021700 0.018218 0.999729 -0.014479 14.099800 -0.021400 0.014868 0.999660 -1.489600 0.000000 0.000000 0.000000 1.000000
0.999427 -0.023115 0.024723 0.021700 0.023349 0.999685 -0.009205 14.099800 -0.024502 0.009777 0.999652 -1.489600 0.000000 0.000000 0.000000 1.000000
0.999293 -0.027104 0.026064 0.021700 0.027226 0.999620 -0.004319 14.099800 -0.025937 0.005026 0.999651 -1.489600 0.000000 0.000000 0.000000 1.000000
0.999186 -0.030542 0.026361 0.021700 0.030566 0.999533 -0.000506 14.099800 -0.026333 0.001312 0.999652 -1.489600 0.000000 0.000000 0.000000 1.000000
0.999100 -0.033704 0.025751 0.021700 0.033671 0.999431 0.001719 14.099800 -0.025795 -0.000850 0.999667 -1.489600 0.000000 0.000000 0.000000 1.000000
0.999048 -0.036093 0.024513 0.021700 0.036044 0.999347 0.002429 14.099800 -0.024585 -0.001543 0.999697 -1.489600 0.000000 0.000000 0.000000 1.000000
0.999037 -0.037345 0.023040 0.021700 0.037306 0.999302 0.002150 14.099800 -0.023104 -0.001288 0.999732 -1.489600 0.000000 0.000000 0.000000 1.000000
0.999087 -0.036833 0.021643 0.021700 0.036815 0.999321 0.001220 14.099800 -0.021673 -0.000422 0.999765 -1.489600 0.000000 0.000000 0.000000 1.000000
0.999197 -0.034358 0.020600 0.021700 0.034372 0.999409 -0.000307 14.099800 -0.020577 0.001015 0.999788 -1.489600 0.000000 0.000000 0.000000 1.000000
0.999273 -0.031607 0.021332 0.021700 0.031633 0.999499 -0.000894 14.099800 -0.021293 0.001568 0.999772 -1.489600 0.000000 0.000000 0.000000 1.000000
0.999346 -0.027871 0.023022 0.021700 0.027920 0.999608 -0.001820 14.099800 -0.022963 0.002461 0.999733 -1.489600 0.000000 0.000000 0.000000 1.000000
0.999473 -0.023006 0.022900 0.021700 0.023080 0.999729 -0.002983 14.099800 -0.022826 0.003510 0.999733 -1.489600 0.000000 0.000000 0.000000 1.000000
0.999575 -0.018316 0.022667 0.021700 0.018408 0.999823 -0.003874 14.099800 -0.022592 0.004289 0.999736 -1.489600 0.000000 0.000000 0.000000 1.000000</float_array><technique_common><accessor source="#Spine2-Matrix-animation-output-transform-array" count="29" stride="16"><param type="float4x4"/></accessor></technique_common></source><source id="Spine2-Interpolations"><Name_array id="Spine2-Interpolations-array" count="29">
 LINEAR LINEAR LINEAR LINEAR LINEAR LINEAR LINEAR LINEAR LINEAR LINEAR LINEAR
LINEAR LINEAR LINEAR LINEAR LINEAR LINEAR LINEAR LINEAR LINEAR LINEAR LINEAR LINEAR
LINEAR LINEAR LINEAR LINEAR LINEAR LINEAR</Name_array><technique_common><accessor source="#Spine2-Interpolations-array" count="29"><param type="name"/></accessor></technique_common></source><sampler id="Spine2-Matrix-animation-transform"><input semantic="INPUT" source="#Spine2-Matrix-animation-input"/><input semantic="OUTPUT" source="#Spine2-Matrix-animation-output-transform"/><input semantic="INTERPOLATION" source="#Spine2-Interpolations"/></sampler><channel source="#Spine2-Matrix-animation-transform" target="Spine2/matrix"/></animation>
    <animation id="Neck-anim" name="Neck"><source id="Neck-Matrix-animation-input"><float_array id="Neck-Matrix-animation-input-array" count="29">

0.000000 0.033333 0.066667 0.100000 0.133333 0.166667 0.200000 0.233333 0.266667 0.300000 0.333333 0.366667 0.400000 0.433333 0.466667 0.500000
0.533333 0.566667 0.600000 0.633333 0.666667 0.700000 0.733333 0.766667 0.800000 0.833333 0.866667 0.900000 0.933333</float_array><technique_common><accessor source="#Neck-Matrix-animation-input-array" count="29"><param name="TIME" type="float"/></accessor></technique_common></source><source id="Neck-Matrix-animation-output-transform"><float_array id="Neck-Matrix-animation-output-transform-array" count="464">

0.985070 0.027001 0.170026 0.024400 -0.032878 0.998952 0.031849 15.862300 -0.168988 -0.036964 0.984925 -1.675800 0.000000 0.000000 0.000000 1.000000
0.984895 0.029899 0.170554 0.024400 -0.036843 0.998610 0.037694 15.862300 -0.169190 -0.043408 0.984627 -1.675800 0.000000 0.000000 0.000000 1.000000
0.985374 0.030542 0.167645 0.024400 -0.038174 0.998367 0.042491 15.862300 -0.166074 -0.048269 0.984931 -1.675800 0.000000 0.000000 0.000000 1.000000
0.985597 0.027028 0.166937 0.024400 -0.035384 0.998255 0.047285 15.862300 -0.165368 -0.052511 0.984833 -1.675800 0.000000 0.000000 0.000000 1.000000
0.984481 0.020105 0.174334 0.024400 -0.029733 0.998163 0.052792 15.862300 -0.172952 -0.057156 0.983270 -1.675800 0.000000 0.000000 0.000000 1.000000
0.980836 0.012141 0.194458 0.024400 -0.024243 0.997905 0.059977 15.862300 -0.193323 -0.063541 0.979076 -1.675800 0.000000 0.000000 0.000000 1.000000
0.974247 0.006495 0.225389 0.024400 -0.022718 0.997326 0.069458 15.862300 -0.224336 -0.072790 0.971790 -1.675800 0.000000 0.000000 0.000000 1.000000
0.963391 0.007490 0.267996 0.024400 -0.030432 0.996204 0.081555 15.862300 -0.266368 -0.086725 0.959962 -1.675800 0.000000 0.000000 0.000000 1.000000
0.948982 0.013225 0.315054 0.024400 -0.044880 0.994614 0.093433 15.862300 -0.312121 -0.102806 0.944464 -1.675800 0.000000 0.000000 0.000000 1.000000
0.931040 0.027517 0.363879 0.024400 -0.069524 0.992264 0.102852 15.862300 -0.358234 -0.121058 0.925750 -1.675800 0.000000 0.000000 0.000000 1.000000
0.909522 0.047614 0.412919 0.024400 -0.100040 0.989291 0.106279 15.862300 -0.403437 -0.137972 0.904546 -1.675800 0.000000 0.000000 0.000000 1.000000
0.880070 0.066298 0.470193 0.024400 -0.128972 0.986355 0.102322 15.862300 -0.456993 -0.150693 0.876612 -1.675800 0.000000 0.000000 0.000000 1.000000
0.848308 0.086893 0.522325 0.024400 -0.156995 0.983362 0.091386 15.862300 -0.505693 -0.159526 0.847836 -1.675800 0.000000 0.000000 0.000000 1.000000
0.815478 0.112330 0.567783 0.024400 -0.185734 0.979892 0.072899 15.862300 -0.548177 -0.164904 0.819944 -1.675800 0.000000 0.000000 0.000000 1.000000
0.784554 0.139721 0.604113 0.024400 -0.212088 0.975985 0.049707 15.862300 -0.582661 -0.167124 0.795347 -1.675800 0.000000 0.000000 0.000000 1.000000
0.762385 0.164529 0.625859 0.024400 -0.231697 0.972424 0.026604 15.862300 -0.604223 -0.165292 0.779482 -1.675800 0.000000 0.000000 0.000000 1.000000
0.748100 0.184363 0.637461 0.024400 -0.245000 0.969497 0.007129 15.862300 -0.616702 -0.161511 0.770449 -1.675800 0.000000 0.000000 0.000000 1.000000
0.736047 0.200281 0.646624 0.024400 -0.255009 0.966895 -0.009205 15.862300 -0.627061 -0.158120 0.762753 -1.675800 0.000000 0.000000 0.000000 1.000000
0.727948 0.211463 0.652207 0.024400 -0.261775 0.964907 -0.020674 15.862300 -0.633691 -0.155682 0.757759 -1.675800 0.000000 0.000000 0.000000 1.000000
0.726529 0.216707 0.652068 0.024400 -0.264980 0.963927 -0.025111 15.862300 -0.633988 -0.154541 0.757744 -1.675800 0.000000 0.000000 0.000000 1.000000
0.734435 0.214774 0.643800 0.024400 -0.264008 0.964302 -0.020520 15.862300 -0.625225 -0.154897 0.764919 -1.675800 0.000000 0.000000 0.000000 1.000000
0.753511 0.204590 0.624791 0.024400 -0.257620 0.966229 -0.005699 15.862300 -0.604857 -0.156664 0.780771 -1.675800 0.000000 0.000000 0.000000 1.000000
0.778801 0.187277 0.598662 0.024400 -0.245042 0.969388 0.015525 15.862300 -0.577429 -0.158789 0.800851 -1.675800 0.000000 0.000000 0.000000 1.000000
0.812194 0.162738 0.560230 0.024400 -0.223166 0.973934 0.040623 15.862300 -0.539016 -0.158018 0.827341 -1.675800 0.000000 0.000000 0.000000 1.000000
0.853245 0.132395 0.504425 0.024400 -0.190049 0.979664 0.064343 15.862300 -0.485648 -0.150766 0.861055 -1.675800 0.000000 0.000000 0.000000 1.000000
0.895816 0.100443 0.432926 0.024400 -0.148397 0.985820 0.078346 15.862300 -0.418918 -0.134428 0.898018 -1.675800 0.000000 0.000000 0.000000 1.000000
0.934282 0.070705 0.349455 0.024400 -0.103899 0.991591 0.077151 15.862300 -0.341061 -0.108388 0.933772 -1.675800 0.000000 0.000000 0.000000 1.000000
0.964626 0.045878 0.259598 0.024400 -0.063560 0.996165 0.060129 15.862300 -0.255844 -0.074502 0.963843 -1.675800 0.000000 0.000000 0.000000 1.000000
0.985070 0.027001 0.170026 0.024400 -0.032879 0.998952 0.031849 15.862300 -0.168988 -0.036964 0.984925 -1.675800 0.000000 0.000000 0.000000 1.000000</float_array><technique_common><accessor source="#Neck-Matrix-animation-output-transform-array" count="29" stride="16"><param type="float4x4"/></accessor></technique_common></source><source id="Neck-Interpolations"><Name_array id="Neck-Interpolations-array" count="29">
 LINEAR LINEAR LINEAR LINEAR LINEAR LINEAR LINEAR LINEAR LINEAR LINEAR LINEAR
LINEAR LINEAR LINEAR LINEAR LINEAR LINEAR LINEAR LINEAR LINEAR LINEAR LINEAR LINEAR
LINEAR LINEAR LINEAR LINEAR LINEAR LINEAR</Name_array><technique_common><accessor source="#Neck-Interpolations-array" count="29"><param type="name"/></accessor></technique_common></source><sampler id="Neck-Matrix-animation-transform"><input semantic="INPUT" source="#Neck-Matrix-animation-input"/><input semantic="OUTPUT" source="#Neck-Matrix-animation-output-transform"/><input semantic="INTERPOLATION" source="#Neck-Interpolations"/></sampler><channel source="#Neck-Matrix-animation-transform" target="Neck/matrix"/></animation>
    <animation id="Head-anim" name="Head"><source id="Head-Matrix-animation-input"><float_array id="Head-Matrix-animation-input-array" count="29">

0.000000 0.033333 0.066667 0.100000 0.133333 0.166667 0.200000 0.233333 0.266667 0.300000 0.333333 0.366667 0.400000 0.433333 0.466667 0.500000
0.533333 0.566667 0.600000 0.633333 0.666667 0.700000 0.733333 0.766667 0.800000 0.833333 0.866667 0.900000 0.933333</float_array><technique_common><accessor source="#Head-Matrix-animation-input-array" count="29"><param name="TIME" type="float"/></accessor></technique_common></source><source id="Head-Matrix-animation-output-transform"><float_array id="Head-Matrix-animation-output-transform-array" count="464">

0.912383 0.079625 0.401518 0.000000 -0.112643 0.991866 0.059267 5.564000 -0.393533 -0.099302 0.913932 0.988100 0.000000 0.000000 0.000000 1.000000
0.908700 0.074241 0.410794 0.000000 -0.113253 0.990996 0.071423 5.564000 -0.401793 -0.111426 0.908926 0.988100 0.000000 0.000000 0.000000 1.000000
0.903150 0.069263 0.423701 -0.000000 -0.114768 0.989935 0.082811 5.564000 -0.413700 -0.123418 0.902009 0.988100 0.000000 0.000000 0.000000 1.000000
0.896621 0.063352 0.438243 0.000000 -0.114964 0.989079 0.092228 5.564000 -0.427614 -0.133076 0.894113 0.988100 0.000000 0.000000 0.000000 1.000000
0.889265 0.055674 0.453991 0.000000 -0.112919 0.988564 0.099953 5.564000 -0.443234 -0.140148 0.885382 0.988100 0.000000 0.000000 0.000000 1.000000
0.882228 0.045742 0.468595 0.000000 -0.108034 0.988381 0.106916 5.564000 -0.458260 -0.144948 0.876919 0.988100 0.000000 0.000000 0.000000 1.000000
0.878769 0.034010 0.476035 0.000000 -0.100119 0.988399 0.114205 5.564000 -0.466628 -0.148020 0.871980 0.988100 0.000000 0.000000 0.000000 1.000000
0.884059 0.020478 0.466926 0.000000 -0.087580 0.988601 0.122462 5.564000 -0.459096 -0.149157 0.875776 0.988100 0.000000 0.000000 0.000000 1.000000
0.894805 0.006229 0.446413 0.000000 -0.072179 0.988767 0.130880 5.564000 -0.440584 -0.149333 0.885204 0.988100 0.000000 0.000000 0.000000 1.000000
0.914189 -0.008348 0.405203 0.000000 -0.052583 0.988895 0.139006 5.564000 -0.401863 -0.148384 0.903597 0.988100 0.000000 0.000000 0.000000 1.000000
0.935931 -0.022892 0.351438 0.000000 -0.030347 0.988931 0.145236 5.564000 -0.350873 -0.146596 0.924877 0.988100 0.000000 0.000000 0.000000 1.000000
0.952560 -0.038988 0.301844 0.000000 -0.006291 0.989027 0.147601 5.564000 -0.304287 -0.142498 0.941862 0.988100 0.000000 0.000000 0.000000 1.000000
0.966534 -0.052423 0.251126 0.000000 0.015594 0.989094 0.146457 5.564000 -0.256065 -0.137640 0.956810 0.988100 0.000000 0.000000 0.000000 1.000000
0.976990 -0.058020 0.205240 0.000000 0.028659 0.989274 0.143235 5.564000 -0.211349 -0.134057 0.968174 0.988100 0.000000 0.000000 0.000000 1.000000
0.984676 -0.056987 0.164821 0.000000 0.033977 0.989681 0.139199 5.564000 -0.171053 -0.131466 0.976452 0.988100 0.000000 0.000000 0.000000 1.000000
0.989744 -0.049083 0.134152 0.000000 0.030799 0.990351 0.135116 5.564000 -0.139490 -0.129598 0.981706 0.988100 0.000000 0.000000 0.000000 1.000000
0.992931 -0.036585 0.112912 0.000000 0.021544 0.991060 0.131667 5.564000 -0.116720 -0.128304 0.984842 0.988100 0.000000 0.000000 0.000000 1.000000
0.995348 -0.021849 0.093838 0.000000 0.009623 0.991622 0.128813 5.564000 -0.095867 -0.127311 0.987219 0.988100 0.000000 0.000000 0.000000 1.000000
0.997000 -0.006791 0.077109 0.000000 -0.003042 0.991937 0.126693 5.564000 -0.077348 -0.126547 0.988940 0.988100 0.000000 0.000000 0.000000 1.000000
0.997931 0.006736 0.063935 0.000000 -0.014725 0.992007 0.125318 5.564000 -0.062580 -0.126000 0.990054 0.988100 0.000000 0.000000 0.000000 1.000000
0.998315 0.016879 0.055520 -0.000000 -0.023700 0.991925 0.124589 5.564000 -0.052969 -0.125695 0.990654 0.988100 0.000000 0.000000 0.000000 1.000000
0.998311 0.022124 0.053714 0.000000 -0.028667 0.991834 0.124269 5.564000 -0.050526 -0.125599 0.990794 0.988100 0.000000 0.000000 0.000000 1.000000
0.997199 0.026619 0.069899 0.000000 -0.035039 0.991894 0.122138 5.564000 -0.066081 -0.124245 0.990049 0.988100 0.000000 0.000000 0.000000 1.000000
0.993617 0.033635 0.107675 0.000000 -0.046242 0.992076 0.116824 5.564000 -0.102892 -0.121057 0.987299 0.988100 0.000000 0.000000 0.000000 1.000000
0.986072 0.042416 0.160818 0.000000 -0.060385 0.992256 0.108547 5.564000 -0.154968 -0.116746 0.980997 0.988100 0.000000 0.000000 0.000000 1.000000
0.973428 0.052188 0.222965 0.000000 -0.075577 0.992344 0.097685 5.564000 -0.216160 -0.111940 0.969920 0.988100 0.000000 0.000000 0.000000 1.000000
0.955681 0.062162 0.287766 0.000000 -0.090136 0.992296 0.084993 5.564000 -0.280265 -0.107164 0.953922 0.988100 0.000000 0.000000 0.000000 1.000000
0.934336 0.071557 0.349136 -0.000000 -0.102763 0.992121 0.071669 5.564000 -0.341256 -0.102841 0.934327 0.988100 0.000000 0.000000 0.000000 1.000000
0.912383 0.079626 0.401518 0.000000 -0.112643 0.991867 0.059263 5.564000 -0.393533 -0.099298 0.913932 0.988100 0.000000 0.000000 0.000000 1.000000</float_array><technique_common><accessor source="#Head-Matrix-animation-output-transform-array" count="29" stride="16"><param type="float4x4"/></accessor></technique_common></source><source id="Head-Interpolations"><Name_array id="Head-Interpolations-array" count="29">
 LINEAR LINEAR LINEAR LINEAR LINEAR LINEAR LINEAR LINEAR LINEAR LINEAR LINEAR
LINEAR LINEAR LINEAR LINEAR LINEAR LINEAR LINEAR LINEAR LINEAR LINEAR LINEAR LINEAR
LINEAR LINEAR LINEAR LINEAR LINEAR LINEAR</Name_array><technique_common><accessor source="#Head-Interpolations-array" count="29"><param type="name"/></accessor></technique_common></source><sampler id="Head-Matrix-animation-transform"><input semantic="INPUT" source="#Head-Matrix-animation-input"/><input semantic="OUTPUT" source="#Head-Matrix-animation-output-transform"/><input semantic="INTERPOLATION" source="#Head-Interpolations"/></sampler><channel source="#Head-Matrix-animation-transform" target="Head/matrix"/></animation>
    <animation id="LeftShoulder-anim" name="LeftShoulder"><source id="LeftShoulder-Matrix-animation-input"><float_array id="LeftShoulder-Matrix-animation-input-array" count="29">

0.000000 0.033333 0.066667 0.100000 0.133333 0.166667 0.200000 0.233333 0.266667 0.300000 0.333333 0.366667 0.400000 0.433333 0.466667 0.500000
0.533333 0.566667 0.600000 0.633333 0.666667 0.700000 0.733333 0.766667 0.800000 0.833333 0.866667 0.900000 0.933333</float_array><technique_common><accessor source="#LeftShoulder-Matrix-animation-input-array" count="29"><param name="TIME" type="float"/></accessor></technique_common></source><source id="LeftShoulder-Matrix-animation-output-transform"><float_array id="LeftShoulder-Matrix-animation-output-transform-array" count="464">

0.982539 0.070510 -0.172178 5.935000 -0.064273 0.997067 0.041541 13.670200 0.174602 -0.029749 0.984190 -1.662600 0.000000 0.000000 0.000000 1.000000
0.982258 0.069811 -0.174058 5.935000 -0.063510 0.997117 0.041519 13.670200 0.176455 -0.029728 0.983860 -1.662600 0.000000 0.000000 0.000000 1.000000
0.980459 0.075581 -0.181626 5.935000 -0.069053 0.996728 0.042010 13.670200 0.184207 -0.028647 0.982470 -1.662600 0.000000 0.000000 0.000000 1.000000
0.980738 0.078465 -0.178874 5.935000 -0.072036 0.996510 0.042166 13.670200 0.181558 -0.028468 0.982968 -1.662600 0.000000 0.000000 0.000000 1.000000
0.980701 0.078813 -0.178922 5.935000 -0.072384 0.996484 0.042192 13.670200 0.181619 -0.028426 0.982958 -1.662600 0.000000 0.000000 0.000000 1.000000
0.981401 0.074115 -0.177082 5.935000 -0.067729 0.996826 0.041847 13.670200 0.179622 -0.029075 0.983306 -1.662600 0.000000 0.000000 0.000000 1.000000
0.982038 0.072275 -0.174293 5.935000 -0.065975 0.996950 0.041686 13.670200 0.176774 -0.029438 0.983811 -1.662600 0.000000 0.000000 0.000000 1.000000
0.981015 0.073860 -0.179316 5.935000 -0.067400 0.996847 0.041865 13.670200 0.181843 -0.028985 0.982900 -1.662600 0.000000 0.000000 0.000000 1.000000
0.980031 0.074050 -0.184544 5.935000 -0.067419 0.996842 0.041959 13.670200 0.187069 -0.028679 0.981928 -1.662600 0.000000 0.000000 0.000000 1.000000
0.980325 0.074392 -0.182838 5.935000 -0.067817 0.996815 0.041959 13.670200 0.185377 -0.028734 0.982247 -1.662600 0.000000 0.000000 0.000000 1.000000
0.981557 0.073775 -0.176360 5.935000 -0.067410 0.996849 0.041818 13.670200 0.178889 -0.029158 0.983437 -1.662600 0.000000 0.000000 0.000000 1.000000
0.983140 0.073526 -0.167421 5.935000 -0.067456 0.996852 0.041663 13.670200 0.169957 -0.029667 0.985005 -1.662600 0.000000 0.000000 0.000000 1.000000
0.983357 0.074230 -0.165830 5.935000 -0.068216 0.996800 0.041681 13.670200 0.168394 -0.029675 0.985273 -1.662600 0.000000 0.000000 0.000000 1.000000
0.981212 0.081490 -0.174876 5.935000 -0.075200 0.996271 0.042308 13.670200 0.177672 -0.028362 0.983681 -1.662600 0.000000 0.000000 0.000000 1.000000
0.979559 0.087233 -0.181257 5.935000 -0.080754 0.995813 0.042835 13.670200 0.184235 -0.027323 0.982502 -1.662600 0.000000 0.000000 0.000000 1.000000
0.977966 0.092229 -0.187285 5.935000 -0.085573 0.995389 0.043339 13.670200 0.190418 -0.026358 0.981349 -1.662600 0.000000 0.000000 0.000000 1.000000
0.978559 0.092931 -0.183807 5.935000 -0.086389 0.995320 0.043303 13.670200 0.186971 -0.026495 0.982008 -1.662600 0.000000 0.000000 0.000000 1.000000
0.980093 0.089619 -0.177159 5.935000 -0.083282 0.995602 0.042907 13.670200 0.180225 -0.027298 0.983246 -1.662600 0.000000 0.000000 0.000000 1.000000
