<?xml version="1.0" encoding="utf-8"?>
<COLLADA xmlns="http://www.collada.org/2005/11/COLLADASchema" version="1.4.1">
  <asset><contributor><author>Mixamo</author><authoring_tool>COLLADA Mixamo exporter</authoring_tool><comments></comments></contributor><created>2018-10-27T23:26:07Z</created><modified>2018-10-27T23:26:07Z</modified><revision></revision><title></title><unit meter="0.010000"/><up_axis>Y_UP</up_axis></asset>
  <library_animations>
    <animation id="Hips-anim" name="Hips"><source id="Hips-Matrix-animation-input"><float_array id="Hips-Matrix-animation-input-array" count="111">

0.000000 0.033333 0.066667 0.100000 0.133333 0.166667 0.200000 0.233333 0.266667 0.300000 0.333333 0.366667 0.400000 0.433333 0.466667 0.500000
0.533333 0.566667 0.600000 0.633333 0.666667 0.700000 0.733333 0.766667 0.800000 0.833333 0.866667 0.900000 0.933333 0.966667 1.000000 1.033333
1.066667 1.100000 1.133333 1.166667 1.200000 1.233333 1.266667 1.300000 1.333333 1.366667 1.400000 1.433333 1.466667 1.500000 1.533333 1.566667
1.600000 1.633333 1.666667 1.700000 1.733333 1.766667 1.800000 1.833333 1.866667 1.900000 1.933333 1.966667 2.000000 2.033333 2.066667 2.100000
2.133333 2.166667 2.200000 2.233333 2.266667 2.300000 2.333333 2.366667 2.400000 2.433333 2.466667 2.500000 2.533333 2.566667 2.600000 2.633333
2.666667 2.700000 2.733333 2.766667 2.800000 2.833333 2.866667 2.900000 2.933333 2.966667 3.000000 3.033333 3.066667 3.100000 3.133333 3.166667
3.200000 3.233333 3.266667 3.300000 3.333333 3.366667 3.400000 3.433333 3.466667 3.500000 3.533333 3.566667 3.600000 3.633333 3.666667</float_array><technique_common><accessor source="#Hips-Matrix-animation-input-array" count="111"><param name="TIME" type="float"/></accessor></technique_common></source><source id="Hips-Matrix-animation-output-transform"><float_array id="Hips-Matrix-animation-output-transform-array" count="1776">

0.582127 -0.121429 -0.803979 0.000075 -0.014041 0.987137 -0.159259 80.553772 0.812976 0.103998 0.572935 0.000045 0.000000 0.000000 0.000000 1.000000
0.587327 -0.119766 -0.800439 -0.047617 -0.014575 0.987265 -0.158415 80.502472 0.809219 0.104708 0.578102 -0.159864 0.000000 0.000000 0.000000 1.000000
0.598834 -0.117148 -0.792259 -0.060235 -0.014580 0.987485 -0.157036 80.429390 0.800741 0.105590 0.589631 -0.311737 0.000000 0.000000 0.000000 1.000000
0.619176 -0.113084 -0.777067 -0.030151 -0.013529 0.987893 -0.154545 80.332909 0.785136 0.106203 0.610150 -0.452285 0.000000 0.000000 0.000000 1.000000
0.646065 -0.109245 -0.755424 0.053502 -0.010780 0.988300 -0.152141 80.224800 0.763207 0.106436 0.637328 -0.581314 0.000000 0.000000 0.000000 1.000000
0.677390 -0.107361 -0.727747 0.196234 -0.006089 0.988440 -0.151488 80.115189 0.735598 0.107048 0.668906 -0.687781 0.000000 0.000000 0.000000 1.000000
0.709976 -0.105756 -0.696240 0.323808 -0.001175 0.988480 -0.151345 80.047203 0.704225 0.108269 0.701673 -0.771339 0.000000 0.000000 0.000000 1.000000
0.741305 -0.101180 -0.663498 0.443395 0.001331 0.988791 -0.149298 80.013008 0.671167 0.109792 0.733131 -0.817287 0.000000 0.000000 0.000000 1.000000
0.771722 -0.096466 -0.628601 0.567213 0.002693 0.988915 -0.148455 80.004875 0.635955 0.112874 0.763427 -0.806524 0.000000 0.000000 0.000000 1.000000
0.797421 -0.091593 -0.596432 0.693176 0.003487 0.989096 -0.147231 80.027390 0.603414 0.115325 0.789045 -0.780392 0.000000 0.000000 0.000000 1.000000
0.818026 -0.086521 -0.568637 0.807612 0.003632 0.989379 -0.145315 80.092224 0.575170 0.116806 0.809652 -0.745332 0.000000 0.000000 0.000000 1.000000
0.834732 -0.082499 -0.544442 0.879380 0.004986 0.989805 -0.142340 80.183922 0.550635 0.116101 0.826633 -0.669481 0.000000 0.000000 0.000000 1.000000
0.848470 -0.079364 -0.523260 0.949037 0.005437 0.989947 -0.141331 80.279953 0.529216 0.117070 0.840372 -0.607016 0.000000 0.000000 0.000000 1.000000
0.859038 -0.077156 -0.506063 1.005430 0.006032 0.990033 -0.140703 80.369392 0.511876 0.117817 0.850942 -0.553145 0.000000 0.000000 0.000000 1.000000
0.867571 -0.075723 -0.491515 1.051747 0.006819 0.990058 -0.140493 80.448586 0.497267 0.118536 0.859462 -0.507459 0.000000 0.000000 0.000000 1.000000
0.874281 -0.074288 -0.479703 1.083161 0.007405 0.990146 -0.139841 80.522964 0.485364 0.118708 0.866216 -0.471787 0.000000 0.000000 0.000000 1.000000
0.879023 -0.072888 -0.471175 1.095542 0.007438 0.990221 -0.139306 80.586372 0.476721 0.118949 0.870970 -0.452718 0.000000 0.000000 0.000000 1.000000
0.882776 -0.073129 -0.464068 1.086198 0.008080 0.990028 -0.140640 80.622681 0.469725 0.120404 0.874564 -0.449774 0.000000 0.000000 0.000000 1.000000
0.887357 -0.072194 -0.455397 1.065601 0.008169 0.989973 -0.141022 80.634926 0.461011 0.121416 0.879049 -0.465359 0.000000 0.000000 0.000000 1.000000
0.891210 -0.071519 -0.447917 1.052254 0.008735 0.990014 -0.140696 80.628731 0.453507 0.121477 0.882935 -0.491493 0.000000 0.000000 0.000000 1.000000
0.895022 -0.070745 -0.440375 1.037368 0.009125 0.990038 -0.140502 80.601341 0.445928 0.121734 0.886752 -0.549131 0.000000 0.000000 0.000000 1.000000
0.899458 -0.070157 -0.431338 1.012870 0.010276 0.990152 -0.139621 80.557564 0.436886 0.121151 0.891321 -0.620780 0.000000 0.000000 0.000000 1.000000
0.903982 -0.069416 -0.421898 0.984357 0.010798 0.990125 -0.139771 80.504532 0.427435 0.121794 0.895805 -0.708407 0.000000 0.000000 0.000000 1.000000
0.907804 -0.068466 -0.413769 0.950662 0.010885 0.990099 -0.139950 80.455482 0.419254 0.122544 0.899560 -0.799268 0.000000 0.000000 0.000000 1.000000
0.911235 -0.067210 -0.406366 0.909936 0.010543 0.990080 -0.140109 80.410721 0.411752 0.123388 0.902904 -0.896419 0.000000 0.000000 0.000000 1.000000
0.913802 -0.066482 -0.400681 0.867716 0.010449 0.990034 -0.140439 80.372597 0.406025 0.124146 0.905390 -0.986167 0.000000 0.000000 0.000000 1.000000
0.915486 -0.065957 -0.396906 0.829268 0.011079 0.990230 -0.139000 80.342545 0.402196 0.122855 0.907273 -1.055333 0.000000 0.000000 0.000000 1.000000
0.916829 -0.065519 -0.393867 0.794169 0.011792 0.990458 -0.137312 80.313721 0.399105 0.121247 0.908853 -1.118480 0.000000 0.000000 0.000000 1.000000
0.917817 -0.065180 -0.391616 0.764490 0.012411 0.990659 -0.135797 80.284340 0.396809 0.119776 0.910053 -1.177133 0.000000 0.000000 0.000000 1.000000
0.917695 -0.065269 -0.391887 0.751890 0.012793 0.990756 -0.135052 80.250710 0.397079 0.118923 0.910047 -1.223068 0.000000 0.000000 0.000000 1.000000
0.915901 -0.065990 -0.395942 0.747847 0.013528 0.990908 -0.133856 80.209198 0.401175 0.117242 0.908467 -1.254230 0.000000 0.000000 0.000000 1.000000
0.912595 -0.066684 -0.403391 0.743341 0.014007 0.991130 -0.132154 80.167534 0.408625 0.114952 0.905434 -1.263697 0.000000 0.000000 0.000000 1.000000
0.906818 -0.067208 -0.416130 0.737401 0.013876 0.991432 -0.129886 80.133881 0.421294 0.112008 0.899981 -1.249378 0.000000 0.000000 0.000000 1.000000
0.897722 -0.067550 -0.435354 0.745866 0.012300 0.991633 -0.128500 80.090652 0.440391 0.110003 0.891041 -1.218109 0.000000 0.000000 0.000000 1.000000
0.884704 -0.068029 -0.461163 0.758611 0.009787 0.991787 -0.127528 80.036888 0.466051 0.108311 0.878103 -1.141370 0.000000 0.000000 0.000000 1.000000
0.867922 -0.068698 -0.491928 0.778673 0.006884 0.991958 -0.126380 79.980438 0.496654 0.106302 0.861415 -1.024134 0.000000 0.000000 0.000000 1.000000
0.846524 -0.070430 -0.527671 0.814543 0.004731 0.992166 -0.124839 79.926834 0.532329 0.103183 0.840226 -0.844042 0.000000 0.000000 0.000000 1.000000
0.821706 -0.071620 -0.565393 0.850641 0.001849 0.992402 -0.123023 79.884895 0.569908 0.100043 0.815595 -0.642640 0.000000 0.000000 0.000000 1.000000
0.792606 -0.074023 -0.605224 0.909330 -0.000602 0.992508 -0.122179 79.870132 0.609734 0.097204 0.786623 -0.427758 0.000000 0.000000 0.000000 1.000000
0.759499 -0.078055 -0.645809 1.001389 -0.002448 0.992425 -0.122828 79.886017 0.650504 0.094868 0.753554 -0.219154 0.000000 0.000000 0.000000 1.000000
0.723917 -0.082809 -0.684899 1.117934 -0.004091 0.992237 -0.124293 79.926453 0.689875 0.092780 0.717958 -0.005988 0.000000 0.000000 0.000000 1.000000
0.687482 -0.086497 -0.721032 1.236429 -0.006782 0.992073 -0.125477 80.006874 0.726170 0.091153 0.681446 0.234948 0.000000 0.000000 0.000000 1.000000
0.649878 -0.089499 -0.754751 1.373724 -0.009458 0.992013 -0.125777 80.102821 0.759980 0.088878 0.643841 0.479695 0.000000 0.000000 0.000000 1.000000
0.611259 -0.091981 -0.786067 1.531510 -0.012436 0.991984 -0.125747 80.211098 0.791333 0.086640 0.605216 0.724945 0.000000 0.000000 0.000000 1.000000
0.574754 -0.093506 -0.812967 1.711175 -0.016425 0.991932 -0.125703 80.333351 0.818162 0.085602 0.568581 0.984123 0.000000 0.000000 0.000000 1.000000
0.536466 -0.095062 -0.838551 1.903535 -0.020272 0.991897 -0.125415 80.466530 0.843679 0.084280 0.530192 1.258552 0.000000 0.000000 0.000000 1.000000
0.499606 -0.097451 -0.860754 2.085943 -0.023487 0.991763 -0.125916 80.606789 0.865934 0.083125 0.493202 1.539829 0.000000 0.000000 0.000000 1.000000
0.462576 -0.099473 -0.880982 2.285675 -0.025843 0.991751 -0.125549 80.750534 0.886203 0.080843 0.456189 1.849389 0.000000 0.000000 0.000000 1.000000
0.425865 -0.101058 -0.899125 2.490086 -0.027260 0.991859 -0.124392 80.877975 0.904376 0.077484 0.419643 2.184455 0.000000 0.000000 0.000000 1.000000
0.389709 -0.102689 -0.915195 2.677530 -0.027641 0.992012 -0.123079 80.993401 0.920523 0.073262 0.383758 2.521847 0.000000 0.000000 0.000000 1.000000
0.354205 -0.103916 -0.929376 2.861490 -0.028033 0.992181 -0.121622 81.100189 0.934747 0.069132 0.348523 2.850423 0.000000 0.000000 0.000000 1.000000
0.317848 -0.104162 -0.942403 3.038398 -0.028279 0.992463 -0.119233 81.195068 0.947720 0.064548 0.312507 3.178350 0.000000 0.000000 0.000000 1.000000
0.283742 -0.105566 -0.953072 3.205039 -0.027907 0.992591 -0.118252 81.275810 0.958494 0.060150 0.278694 3.487320 0.000000 0.000000 0.000000 1.000000
0.250513 -0.108015 -0.962069 3.360239 -0.026202 0.992636 -0.118270 81.356445 0.967759 0.054836 0.245838 3.782766 0.000000 0.000000 0.000000 1.000000
0.218324 -0.108879 -0.969783 3.505087 -0.025076 0.992802 -0.117109 81.428139 0.975554 0.049886 0.214023 4.052105 0.000000 0.000000 0.000000 1.000000
0.186539 -0.109026 -0.976379 3.645079 -0.025469 0.992953 -0.115742 81.478081 0.982117 0.046458 0.182448 4.297550 0.000000 0.000000 0.000000 1.000000
0.158206 -0.110568 -0.981196 3.782773 -0.026530 0.992876 -0.116162 81.511223 0.987050 0.044409 0.154146 4.525265 0.000000 0.000000 0.000000 1.000000
0.134358 -0.111910 -0.984593 3.913767 -0.027280 0.992808 -0.116566 81.541534 0.990557 0.042521 0.130339 4.741702 0.000000 0.000000 0.000000 1.000000
0.112669 -0.112805 -0.987209 4.024996 -0.028260 0.992769 -0.116666 81.560684 0.993231 0.041043 0.108666 4.940683 0.000000 0.000000 0.000000 1.000000
0.093685 -0.113741 -0.989083 4.113302 -0.029552 0.992697 -0.116955 81.564049 0.995163 0.040187 0.089640 5.101135 0.000000 0.000000 0.000000 1.000000
0.078228 -0.114103 -0.990384 4.193050 -0.030461 0.992691 -0.116775 81.561226 0.996470 0.039303 0.074180 5.238257 0.000000 0.000000 0.000000 1.000000
0.068080 -0.113552 -0.991197 4.250256 -0.031675 0.992755 -0.115906 81.547234 0.997177 0.039287 0.063990 5.357666 0.000000 0.000000 0.000000 1.000000
0.060086 -0.112818 -0.991797 4.295575 -0.033244 0.992815 -0.114948 81.523445 0.997639 0.039878 0.055903 5.467382 0.000000 0.000000 0.000000 1.000000
0.054899 -0.111396 -0.992259 4.325260 -0.035336 0.992918 -0.113425 81.484856 0.997866 0.041289 0.050574 5.577109 0.000000 0.000000 0.000000 1.000000
0.051834 -0.109772 -0.992604 4.350245 -0.037560 0.993023 -0.111780 81.437225 0.997949 0.043076 0.047349 5.688779 0.000000 0.000000 0.000000 1.000000
0.051182 -0.110710 -0.992534 4.398638 -0.039660 0.992827 -0.112788 81.371666 0.997902 0.045136 0.046424 5.782997 0.000000 0.000000 0.000000 1.000000
0.051454 -0.112391 -0.992331 4.458330 -0.041822 0.992533 -0.114583 81.300262 0.997799 0.047397 0.046370 5.872339 0.000000 0.000000 0.000000 1.000000
0.053241 -0.113887 -0.992066 4.556994 -0.044684 0.992208 -0.116301 81.227135 0.997581 0.050521 0.047737 5.965913 0.000000 0.000000 0.000000 1.000000
0.057474 -0.116879 -0.991482 4.700177 -0.047853 0.991659 -0.119674 81.149437 0.997199 0.054324 0.051401 6.054932 0.000000 0.000000 0.000000 1.000000
0.065659 -0.119988 -0.990602 4.857711 -0.050939 0.991047 -0.123418 81.084641 0.996541 0.058564 0.058959 6.124960 0.000000 0.000000 0.000000 1.000000
0.081695 -0.120690 -0.989323 5.025397 -0.054467 0.990617 -0.125345 81.032448 0.995168 0.064126 0.074355 6.190963 0.000000 0.000000 0.000000 1.000000
0.103088 -0.120388 -0.987360 5.184964 -0.057724 0.990252 -0.126767 80.967346 0.992996 0.070062 0.095134 6.224315 0.000000 0.000000 0.000000 1.000000
0.127739 -0.119095 -0.984631 5.308952 -0.060264 0.989998 -0.127562 80.871658 0.989975 0.075632 0.119285 6.224754 0.000000 0.000000 0.000000 1.000000
0.155981 -0.117002 -0.980806 5.374770 -0.061812 0.989857 -0.127912 80.760513 0.985824 0.080577 0.147167 6.173862 0.000000 0.000000 0.000000 1.000000
0.185897 -0.114673 -0.975855 5.386507 -0.062619 0.989765 -0.128236 80.671860 0.980572 0.084945 0.176813 6.087402 0.000000 0.000000 0.000000 1.000000
0.216060 -0.112185 -0.969914 5.352001 -0.062829 0.989721 -0.128472 80.605331 0.974356 0.088696 0.206791 5.990974 0.000000 0.000000 0.000000 1.000000
0.246950 -0.109340 -0.962840 5.264577 -0.061887 0.989806 -0.128274 80.571106 0.967050 0.091264 0.237665 5.880994 0.000000 0.000000 0.000000 1.000000
0.276151 -0.106901 -0.955151 5.151608 -0.059606 0.989977 -0.128032 80.550537 0.959264 0.092289 0.267012 5.748251 0.000000 0.000000 0.000000 1.000000
0.302910 -0.105713 -0.947138 5.033154 -0.056278 0.990110 -0.128508 80.536209 0.951356 0.092229 0.293965 5.600761 0.000000 0.000000 0.000000 1.000000
0.331609 -0.106043 -0.937438 4.915861 -0.052920 0.990007 -0.130709 80.526505 0.941932 0.092953 0.322684 5.427004 0.000000 0.000000 0.000000 1.000000
0.361401 -0.105351 -0.926440 4.784749 -0.050284 0.989948 -0.132188 80.520523 0.931053 0.094358 0.352471 5.247357 0.000000 0.000000 0.000000 1.000000
0.393235 -0.103561 -0.913587 4.636061 -0.046594 0.990115 -0.132291 80.517441 0.918257 0.094590 0.384522 5.046996 0.000000 0.000000 0.000000 1.000000
0.422370 -0.101727 -0.900697 4.471465 -0.042474 0.990370 -0.131772 80.517288 0.905428 0.093913 0.413982 4.835770 0.000000 0.000000 0.000000 1.000000
0.451144 -0.100787 -0.886742 4.281792 -0.038316 0.990499 -0.132074 80.524719 0.891628 0.093561 0.442996 4.611128 0.000000 0.000000 0.000000 1.000000
0.477100 -0.099818 -0.873162 4.068604 -0.034619 0.990623 -0.132162 80.538887 0.878167 0.093282 0.469171 4.360004 0.000000 0.000000 0.000000 1.000000
0.500469 -0.098028 -0.860187 3.826774 -0.030566 0.990949 -0.130714 80.573219 0.865215 0.091710 0.492943 4.095212 0.000000 0.000000 0.000000 1.000000
0.522569 -0.096846 -0.847079 3.567199 -0.026828 0.991168 -0.129871 80.616249 0.852175 0.090592 0.515355 3.822751 0.000000 0.000000 0.000000 1.000000
0.542062 -0.096070 -0.834829 3.295888 -0.024457 0.991219 -0.129946 80.664291 0.839983 0.090856 0.534952 3.534257 0.000000 0.000000 0.000000 1.000000
0.560554 -0.094623 -0.822694 3.004045 -0.022614 0.991331 -0.129428 80.726532 0.827809 0.091156 0.553555 3.242436 0.000000 0.000000 0.000000 1.000000
0.577973 -0.093170 -0.810720 2.712147 -0.020538 0.991486 -0.128586 80.788788 0.815797 0.090970 0.571138 2.933421 0.000000 0.000000 0.000000 1.000000
0.593672 -0.092040 -0.799426 2.416653 -0.017972 0.991673 -0.127520 80.850029 0.804506 0.090072 0.587075 2.598571 0.000000 0.000000 0.000000 1.000000
0.607197 -0.091448 -0.789271 2.111173 -0.016126 0.991732 -0.127312 80.891304 0.794388 0.090032 0.600702 2.216758 0.000000 0.000000 0.000000 1.000000
0.620532 -0.091536 -0.778821 1.805230 -0.014480 0.991657 -0.128089 80.932892 0.784048 0.090761 0.614029 1.814964 0.000000 0.000000 0.000000 1.000000
0.633681 -0.090860 -0.768240 1.504390 -0.013741 0.991600 -0.128611 80.970680 0.773472 0.092055 0.627110 1.407516 0.000000 0.000000 0.000000 1.000000
0.646666 -0.090517 -0.757383 1.212893 -0.014185 0.991335 -0.130588 80.987846 0.762641 0.095190 0.639779 0.979840 0.000000 0.000000 0.000000 1.000000
0.656771 -0.090967 -0.748583 0.934969 -0.014238 0.991024 -0.132920 80.987732 0.753955 0.097957 0.649581 0.554769 0.000000 0.000000 0.000000 1.000000
0.665439 -0.091592 -0.740812 0.661804 -0.013992 0.990739 -0.135060 80.984573 0.746321 0.100240 0.657995 0.140280 0.000000 0.000000 0.000000 1.000000
0.672786 -0.092543 -0.734027 0.394400 -0.013487 0.990447 -0.137233 80.978752 0.739714 0.102228 0.665110 -0.256985 0.000000 0.000000 0.000000 1.000000
0.676375 -0.094525 -0.730467 0.143849 -0.012343 0.990137 -0.139556 80.976707 0.736454 0.103408 0.668537 -0.590526 0.000000 0.000000 0.000000 1.000000
0.677021 -0.096677 -0.729586 -0.087008 -0.011012 0.989893 -0.141389 80.979073 0.735881 0.103758 0.669114 -0.876477 0.000000 0.000000 0.000000 1.000000
0.675577 -0.099131 -0.730595 -0.291696 -0.009473 0.989671 -0.143044 80.987183 0.737228 0.103559 0.667660 -1.087622 0.000000 0.000000 0.000000 1.000000
0.671903 -0.101411 -0.733663 -0.462316 -0.008247 0.989496 -0.144326 80.990341 0.740593 0.103024 0.664009 -1.242340 0.000000 0.000000 0.000000 1.000000
0.667116 -0.103128 -0.737781 -0.594330 -0.007583 0.989380 -0.145153 80.987511 0.744915 0.102429 0.659249 -1.333457 0.000000 0.000000 0.000000 1.000000
0.660195 -0.104690 -0.743763 -0.671040 -0.007651 0.989250 -0.146035 80.964325 0.751056 0.102102 0.652297 -1.334606 0.000000 0.000000 0.000000 1.000000
0.651325 -0.106230 -0.751326 -0.710383 -0.007688 0.989177 -0.146524 80.935738 0.758760 0.101210 0.643459 -1.266990 0.000000 0.000000 0.000000 1.000000
0.641652 -0.108478 -0.759286 -0.704073 -0.008227 0.988917 -0.148238 80.900269 0.766951 0.101364 0.633649 -1.143103 0.000000 0.000000 0.000000 1.000000
0.631331 -0.111546 -0.767449 -0.641992 -0.009061 0.988473 -0.151125 80.857910 0.775461 0.102363 0.623043 -0.971062 0.000000 0.000000 0.000000 1.000000
0.620220 -0.113799 -0.776129 -0.533481 -0.009632 0.988242 -0.152596 80.818459 0.784369 0.102118 0.611831 -0.767499 0.000000 0.000000 0.000000 1.000000
0.608540 -0.115408 -0.785086 -0.386962 -0.010809 0.988070 -0.153625 80.764786 0.793450 0.101973 0.600033 -0.530001 0.000000 0.000000 0.000000 1.000000
0.595994 -0.118482 -0.794200 -0.205974 -0.012312 0.987590 -0.156572 80.676460 0.802895 0.103094 0.587138 -0.271122 0.000000 0.000000 0.000000 1.000000
0.582127 -0.121429 -0.803979 0.000074 -0.014041 0.987137 -0.159259 80.553772 0.812976 0.103998 0.572935 0.000044 0.000000 0.000000 0.000000 1.000000</float_array><technique_common><accessor source="#Hips-Matrix-animation-output-transform-array" count="111" stride="16"><param type="float4x4"/></accessor></technique_common></source><source id="Hips-Interpolations"><Name_array id="Hips-Interpolations-array" count="111">
 LINEAR LINEAR LINEAR LINEAR LINEAR LINEAR LINEAR LINEAR LINEAR LINEAR LINEAR
LINEAR LINEAR LINEAR LINEAR LINEAR LINEAR LINEAR LINEAR LINEAR LINEAR LINEAR LINEAR
LINEAR LINEAR LINEAR LINEAR LINEAR LINEAR LINEAR LINEAR LINEAR LINEAR LINEAR LINEAR
LINEAR LINEAR LINEAR LINEAR LINEAR LINEAR LINEAR LINEAR LINEAR LINEAR LINEAR LINEAR
LINEAR LINEAR LINEAR LINEAR LINEAR LINEAR LINEAR LINEAR LINEAR LINEAR LINEAR LINEAR
LINEAR LINEAR LINEAR LINEAR LINEAR LINEAR LINEAR LINEAR LINEAR LINEAR LINEAR LINEAR
LINEAR LINEAR LINEAR LINEAR LINEAR LINEAR LINEAR LINEAR LINEAR LINEAR LINEAR LINEAR
LINEAR LINEAR LINEAR LINEAR LINEAR LINEAR LINEAR LINEAR LINEAR LINEAR LINEAR LINEAR
LINEAR LINEAR LINEAR LINEAR LINEAR LINEAR LINEAR LINEAR LINEAR LINEAR LINEAR LINEAR
LINEAR LINEAR LINEAR LINEAR</Name_array><technique_common><accessor source="#Hips-Interpolations-array" count="111"><param type="name"/></accessor></technique_common></source><sampler id="Hips-Matrix-animation-transform"><input semantic="INPUT" source="#Hips-Matrix-animation-input"/><input semantic="OUTPUT" source="#Hips-Matrix-animation-output-transform"/><input semantic="INTERPOLATION" source="#Hips-Interpolations"/></sampler><channel source="#Hips-Matrix-animation-transform" target="Hips/matrix"/></animation>
    <animation id="Spine-anim" name="Spine"><source id="Spine-Matrix-animation-input"><float_array id="Spine-Matrix-animation-input-array" count="111">

0.000000 0.033333 0.066667 0.100000 0.133333 0.166667 0.200000 0.233333 0.266667 0.300000 0.333333 0.366667 0.400000 0.433333 0.466667 0.500000
0.533333 0.566667 0.600000 0.633333 0.666667 0.700000 0.733333 0.766667 0.800000 0.833333 0.866667 0.900000 0.933333 0.966667 1.000000 1.033333
1.066667 1.100000 1.133333 1.166667 1.200000 1.233333 1.266667 1.300000 1.333333 1.366667 1.400000 1.433333 1.466667 1.500000 1.533333 1.566667
1.600000 1.633333 1.666667 1.700000 1.733333 1.766667 1.800000 1.833333 1.866667 1.900000 1.933333 1.966667 2.000000 2.033333 2.066667 2.100000
2.133333 2.166667 2.200000 2.233333 2.266667 2.300000 2.333333 2.366667 2.400000 2.433333 2.466667 2.500000 2.533333 2.566667 2.600000 2.633333
2.666667 2.700000 2.733333 2.766667 2.800000 2.833333 2.866667 2.900000 2.933333 2.966667 3.000000 3.033333 3.066667 3.100000 3.133333 3.166667
3.200000 3.233333 3.266667 3.300000 3.333333 3.366667 3.400000 3.433333 3.466667 3.500000 3.533333 3.566667 3.600000 3.633333 3.666667</float_array><technique_common><accessor source="#Spine-Matrix-animation-input-array" count="111"><param name="TIME" type="float"/></accessor></technique_common></source><source id="Spine-Matrix-animation-output-transform"><float_array id="Spine-Matrix-animation-output-transform-array" count="1776">

0.996569 0.054883 0.061948 0.017300 -0.046550 0.990584 -0.128751 10.574800 -0.068431 0.125426 0.989740 -1.117200 0.000000 0.000000 0.000000 1.000000
0.996882 0.052418 0.058981 0.017300 -0.044396 0.990529 -0.129928 10.574800 -0.065233 0.126905 0.989768 -1.117200 0.000000 0.000000 0.000000 1.000000
0.997208 0.050177 0.055296 0.017300 -0.042531 0.990379 -0.131686 10.574800 -0.061371 0.128966 0.989748 -1.117200 0.000000 0.000000 0.000000 1.000000
0.997589 0.047495 0.050609 0.017300 -0.040285 0.990023 -0.135021 10.574800 -0.056517 0.132657 0.989549 -1.117200 0.000000 0.000000 0.000000 1.000000
0.997816 0.044603 0.048714 0.017300 -0.037400 0.989459 -0.139897 10.574800 -0.054441 0.137770 0.988967 -1.117200 0.000000 0.000000 0.000000 1.000000
0.997669 0.042677 0.053239 0.017300 -0.034622 0.988974 -0.143986 10.574800 -0.058797 0.141808 0.988147 -1.117200 0.000000 0.000000 0.000000 1.000000
0.996916 0.043544 0.065293 0.017300 -0.033561 0.988586 -0.146870 10.574800 -0.070943 0.144226 0.986998 -1.117200 0.000000 0.000000 0.000000 1.000000
0.995704 0.045013 0.080921 0.017300 -0.032597 0.988347 -0.148687 10.574800 -0.086671 0.145410 0.985568 -1.117200 0.000000 0.000000 0.000000 1.000000
0.994695 0.044865 0.092574 0.017300 -0.030779 0.988459 -0.148331 10.574800 -0.098160 0.144695 0.984595 -1.117200 0.000000 0.000000 0.000000 1.000000
0.994221 0.043842 0.097988 0.017300 -0.028964 0.988504 -0.148396 10.574800 -0.103367 0.144700 0.984062 -1.117200 0.000000 0.000000 0.000000 1.000000
0.993971 0.043494 0.100646 0.017300 -0.028098 0.988345 -0.149614 10.574800 -0.105981 0.145884 0.983609 -1.117200 0.000000 0.000000 0.000000 1.000000
0.993625 0.044807 0.103453 0.017300 -0.028884 0.988177 -0.150570 10.574800 -0.108977 0.146622 0.983171 -1.117200 0.000000 0.000000 0.000000 1.000000
0.993055 0.046317 0.108154 0.017300 -0.029755 0.988237 -0.150008 10.574800 -0.113830 0.145748 0.982751 -1.117200 0.000000 0.000000 0.000000 1.000000
0.992295 0.047759 0.114324 0.017300 -0.030413 0.988381 -0.148924 10.574800 -0.120108 0.144300 0.982218 -1.117200 0.000000 0.000000 0.000000 1.000000
0.991508 0.049089 0.120423 0.017300 -0.030975 0.988514 -0.147919 10.574800 -0.126301 0.142932 0.981641 -1.117200 0.000000 0.000000 0.000000 1.000000
0.990713 0.050094 0.126402 0.017300 -0.031143 0.988545 -0.147675 10.574800 -0.132352 0.142367 0.980925 -1.117200 0.000000 0.000000 0.000000 1.000000
0.989711 0.051223 0.133595 0.017300 -0.031278 0.988592 -0.147335 10.574800 -0.139618 0.141640 0.980023 -1.117200 0.000000 0.000000 0.000000 1.000000
0.988663 0.053062 0.140461 0.017300 -0.032372 0.988802 -0.145681 10.574800 -0.146618 0.139483 0.979310 -1.117200 0.000000 0.000000 0.000000 1.000000
0.987845 0.054168 0.145700 0.017300 -0.032935 0.988974 -0.144379 10.574800 -0.151914 0.137825 0.978737 -1.117200 0.000000 0.000000 0.000000 1.000000
0.986951 0.054637 0.151469 0.017300 -0.032658 0.989044 -0.143965 10.574800 -0.157676 0.137140 0.977922 -1.117200 0.000000 0.000000 0.000000 1.000000
0.985874 0.055284 0.158104 0.017300 -0.032361 0.989042 -0.144047 10.574800 -0.164335 0.136896 0.976859 -1.117200 0.000000 0.000000 0.000000 1.000000
0.984985 0.056604 0.163099 0.017300 -0.032872 0.988931 -0.144688 10.574800 -0.169484 0.137154 0.975943 -1.117200 0.000000 0.000000 0.000000 1.000000
0.984490 0.057491 0.165754 0.017300 -0.033458 0.988969 -0.144293 10.574800 -0.172221 0.136509 0.975554 -1.117200 0.000000 0.000000 0.000000 1.000000
0.984161 0.057282 0.167770 0.017300 -0.033094 0.989087 -0.143571 10.574800 -0.174163 0.135745 0.975316 -1.117200 0.000000 0.000000 0.000000 1.000000
0.983884 0.056841 0.169534 0.017300 -0.032561 0.989230 -0.142704 10.574800 -0.175819 0.134884 0.975138 -1.117200 0.000000 0.000000 0.000000 1.000000
0.983688 0.056597 0.170748 0.017300 -0.032348 0.989396 -0.141593 10.574800 -0.176951 0.133761 0.975088 -1.117200 0.000000 0.000000 0.000000 1.000000
0.983521 0.056489 0.171744 0.017300 -0.032048 0.989363 -0.141891 10.574800 -0.177932 0.134049 0.974870 -1.117200 0.000000 0.000000 0.000000 1.000000
0.983369 0.056379 0.172647 0.017300 -0.031677 0.989269 -0.142628 10.574800 -0.178836 0.134787 0.974603 -1.117200 0.000000 0.000000 0.000000 1.000000
0.983296 0.055994 0.173188 0.017300 -0.031187 0.989264 -0.142773 10.574800 -0.179323 0.134987 0.974485 -1.117200 0.000000 0.000000 0.000000 1.000000
0.983327 0.055499 0.173168 0.017300 -0.030775 0.989342 -0.142320 10.574800 -0.179221 0.134618 0.974555 -1.117200 0.000000 0.000000 0.000000 1.000000
0.983399 0.055302 0.172826 0.017300 -0.030651 0.989367 -0.142177 10.574800 -0.178851 0.134520 0.974637 -1.117200 0.000000 0.000000 0.000000 1.000000
0.983469 0.055175 0.172466 0.017300 -0.030559 0.989358 -0.142256 10.574800 -0.178480 0.134634 0.974689 -1.117200 0.000000 0.000000 0.000000 1.000000
0.983547 0.055000 0.172075 0.017300 -0.030475 0.989391 -0.142046 10.574800 -0.178062 0.134465 0.974789 -1.117200 0.000000 0.000000 0.000000 1.000000
0.983716 0.054597 0.171237 0.017300 -0.030391 0.989555 -0.140917 10.574800 -0.177142 0.133419 0.975100 -1.117200 0.000000 0.000000 0.000000 1.000000
0.984068 0.054267 0.169310 0.017300 -0.030701 0.989842 -0.138819 10.574800 -0.175124 0.131409 0.975737 -1.117200 0.000000 0.000000 0.000000 1.000000
0.984626 0.055458 0.165637 0.017300 -0.032864 0.990142 -0.136159 10.574800 -0.171555 0.128622 0.976742 -1.117200 0.000000 0.000000 0.000000 1.000000
0.985266 0.057613 0.161035 0.017300 -0.036073 0.990376 -0.133621 10.574800 -0.167184 0.125843 0.977862 -1.117200 0.000000 0.000000 0.000000 1.000000
0.986082 0.059538 0.155232 0.017300 -0.039056 0.990507 -0.131800 10.574800 -0.161606 0.123903 0.979046 -1.117200 0.000000 0.000000 0.000000 1.000000
0.986990 0.062012 0.148343 0.017300 -0.042576 0.990496 -0.130785 10.574800 -0.155043 0.122768 0.980250 -1.117200 0.000000 0.000000 0.000000 1.000000
0.987865 0.064762 0.141168 0.017300 -0.046387 0.990458 -0.129770 10.574800 -0.148225 0.121647 0.981443 -1.117200 0.000000 0.000000 0.000000 1.000000
0.988852 0.067421 0.132764 0.017300 -0.050343 0.990492 -0.128028 10.574800 -0.140133 0.119917 0.982844 -1.117200 0.000000 0.000000 0.000000 1.000000
0.989940 0.069194 0.123417 0.017300 -0.053539 0.990593 -0.125935 10.574800 -0.130970 0.118060 0.984332 -1.117200 0.000000 0.000000 0.000000 1.000000
0.990837 0.070287 0.115329 0.017300 -0.055749 0.990618 -0.124774 10.574800 -0.123017 0.117201 0.985460 -1.117200 0.000000 0.000000 0.000000 1.000000
0.991702 0.070923 0.107225 0.017300 -0.057444 0.990624 -0.123953 10.574800 -0.115011 0.116765 0.986478 -1.117200 0.000000 0.000000 0.000000 1.000000
0.992764 0.069876 0.097652 0.017300 -0.057650 0.990748 -0.122858 10.574800 -0.105334 0.116340 0.987608 -1.117200 0.000000 0.000000 0.000000 1.000000
0.993773 0.068153 0.088147 0.017300 -0.057205 0.990970 -0.121266 10.574800 -0.095616 0.115468 0.988698 -1.117200 0.000000 0.000000 0.000000 1.000000
0.994745 0.066550 0.077807 0.017300 -0.057049 0.991311 -0.118526 10.574800 -0.085019 0.113464 0.989898 -1.117200 0.000000 0.000000 0.000000 1.000000
0.995679 0.064550 0.066758 0.017300 -0.056496 0.991617 -0.116204 10.574800 -0.073699 0.111930 0.990979 -1.117200 0.000000 0.000000 0.000000 1.000000
0.996425 0.062831 0.056484 0.017300 -0.056032 0.991807 -0.114802 10.574800 -0.063234 0.111227 0.991781 -1.117200 0.000000 0.000000 0.000000 1.000000
0.996985 0.062024 0.046624 0.017300 -0.056404 0.991939 -0.113468 10.574800 -0.053286 0.110496 0.992447 -1.117200 0.000000 0.000000 0.000000 1.000000
0.997431 0.061162 0.037300 0.017300 -0.056623 0.992035 -0.112522 10.574800 -0.043885 0.110121 0.992949 -1.117200 0.000000 0.000000 0.000000 1.000000
0.997738 0.060255 0.029795 0.017300 -0.056560 0.992067 -0.112270 10.574800 -0.036323 0.110331 0.993231 -1.117200 0.000000 0.000000 0.000000 1.000000
0.997924 0.060216 0.022845 0.017300 -0.057319 0.992134 -0.111285 10.574800 -0.029367 0.109744 0.993526 -1.117200 0.000000 0.000000 0.000000 1.000000
0.998038 0.060724 0.015255 0.017300 -0.058704 0.992280 -0.109243 10.574800 -0.021770 0.108133 0.993898 -1.117200 0.000000 0.000000 0.000000 1.000000
0.998151 0.060233 0.008155 0.017300 -0.058994 0.992327 -0.108663 10.574800 -0.014637 0.107981 0.994045 -1.117200 0.000000 0.000000 0.000000 1.000000
0.998287 0.058452 0.002537 0.017300 -0.057833 0.992423 -0.108405 10.574800 -0.008854 0.108073 0.994104 -1.117200 0.000000 0.000000 0.000000 1.000000
0.998402 0.056466 -0.002295 0.017300 -0.056389 0.992695 -0.106660 10.574800 -0.003745 0.106619 0.994293 -1.117200 0.000000 0.000000 0.000000 1.000000
0.998480 0.054628 -0.007368 0.017300 -0.055100 0.992929 -0.105146 10.574800 0.001572 0.105392 0.994430 -1.117200 0.000000 0.000000 0.000000 1.000000
0.998525 0.052957 -0.011995 0.017300 -0.053922 0.993073 -0.104399 10.574800 0.006383 0.104892 0.994463 -1.117200 0.000000 0.000000 0.000000 1.000000
0.998526 0.051990 -0.015592 0.017300 -0.053335 0.993132 -0.104140 10.574800 0.010071 0.104818 0.994440 -1.117200 0.000000 0.000000 0.000000 1.000000
0.998477 0.051847 -0.018879 0.017300 -0.053541 0.993098 -0.104352 10.574800 0.013338 0.105204 0.994361 -1.117200 0.000000 0.000000 0.000000 1.000000
0.998414 0.051938 -0.021718 0.017300 -0.053936 0.993042 -0.104685 10.574800 0.016130 0.105691 0.994268 -1.117200 0.000000 0.000000 0.000000 1.000000
0.998381 0.051403 -0.024343 0.017300 -0.053688 0.993020 -0.105021 10.574800 0.018775 0.106158 0.994172 -1.117200 0.000000 0.000000 0.000000 1.000000
0.998384 0.049294 -0.028257 0.017300 -0.052038 0.992962 -0.106387 10.574800 0.022814 0.107686 0.993923 -1.117200 0.000000 0.000000 0.000000 1.000000
0.998372 0.047491 -0.031606 0.017300 -0.050642 0.992884 -0.107781 10.574800 0.026263 0.109206 0.993672 -1.117200 0.000000 0.000000 0.000000 1.000000
0.998308 0.048219 -0.032503 0.017300 -0.051442 0.992927 -0.107000 10.574800 0.027114 0.108491 0.993728 -1.117200 0.000000 0.000000 0.000000 1.000000
0.998232 0.049822 -0.032413 0.017300 -0.052988 0.993004 -0.105524 10.574800 0.026929 0.107055 0.993888 -1.117200 0.000000 0.000000 0.000000 1.000000
0.998224 0.050791 -0.031134 0.017300 -0.053805 0.992999 -0.105155 10.574800 0.025575 0.106643 0.993968 -1.117200 0.000000 0.000000 0.000000 1.000000
0.998235 0.051954 -0.028754 0.017300 -0.054710 0.992938 -0.105270 10.574800 0.023082 0.106657 0.994028 -1.117200 0.000000 0.000000 0.000000 1.000000
0.998218 0.053281 -0.026864 0.017300 -0.055841 0.992813 -0.105850 10.574800 0.021031 0.107161 0.994019 -1.117200 0.000000 0.000000 0.000000 1.000000
0.998219 0.053788 -0.025799 0.017300 -0.056273 0.992561 -0.107964 10.574800 0.019800 0.109224 0.993820 -1.117200 0.000000 0.000000 0.000000 1.000000
0.998211 0.054485 -0.024601 0.017300 -0.056894 0.992177 -0.111122 10.574800 0.018355 0.112323 0.993502 -1.117200 0.000000 0.000000 0.000000 1.000000
0.998127 0.056637 -0.023105 0.017300 -0.058918 0.991700 -0.114281 10.574800 0.016441 0.115428 0.993180 -1.117200 0.000000 0.000000 0.000000 1.000000
0.997979 0.060008 -0.020900 0.017300 -0.062047 0.991219 -0.116771 10.574800 0.013709 0.117832 0.992939 -1.117200 0.000000 0.000000 0.000000 1.000000
0.997842 0.063366 -0.017215 0.017300 -0.064965 0.990827 -0.118497 10.574800 0.009548 0.119359 0.992805 -1.117200 0.000000 0.000000 0.000000 1.000000
0.997777 0.065369 -0.012974 0.017300 -0.066454 0.990591 -0.119636 10.574800 0.005031 0.120233 0.992733 -1.117200 0.000000 0.000000 0.000000 1.000000
0.997809 0.065595 -0.008641 0.017300 -0.066159 0.990420 -0.121209 10.574800 0.000608 0.121516 0.992589 -1.117200 0.000000 0.000000 0.000000 1.000000
0.997806 0.066192 -0.001448 0.017300 -0.065863 0.990140 -0.123629 10.574800 -0.006749 0.123454 0.992327 -1.117200 0.000000 0.000000 0.000000 1.000000
0.997620 0.068445 0.008396 0.017300 -0.066858 0.989863 -0.125306 10.574800 -0.016888 0.124446 0.992083 -1.117200 0.000000 0.000000 0.000000 1.000000
0.997389 0.070035 0.017623 0.017300 -0.067264 0.989710 -0.126294 10.574800 -0.026286 0.124779 0.991836 -1.117200 0.000000 0.000000 0.000000 1.000000
0.997232 0.070079 0.024849 0.017300 -0.066357 0.989583 -0.127761 10.574800 -0.033544 0.125759 0.991494 -1.117200 0.000000 0.000000 0.000000 1.000000
0.997082 0.070173 0.030064 0.017300 -0.065703 0.989319 -0.130118 10.574800 -0.038873 0.127763 0.991043 -1.117200 0.000000 0.000000 0.000000 1.000000
0.996916 0.070556 0.034348 0.017300 -0.065439 0.989041 -0.132349 10.574800 -0.043310 0.129693 0.990608 -1.117200 0.000000 0.000000 0.000000 1.000000
0.996774 0.070695 0.038008 0.017300 -0.065077 0.988994 -0.132877 10.574800 -0.046984 0.129975 0.990403 -1.117200 0.000000 0.000000 0.000000 1.000000
0.996564 0.071008 0.042648 0.017300 -0.064747 0.988922 -0.133569 10.574800 -0.051660 0.130349 0.990121 -1.117200 0.000000 0.000000 0.000000 1.000000
0.996230 0.072101 0.048250 0.017300 -0.065007 0.988684 -0.135195 10.574800 -0.057451 0.131548 0.989644 -1.117200 0.000000 0.000000 0.000000 1.000000
0.995919 0.072923 0.053182 0.017300 -0.065156 0.988636 -0.135478 10.574800 -0.062457 0.131460 0.989352 -1.117200 0.000000 0.000000 0.000000 1.000000
0.995652 0.072488 0.058500 0.017300 -0.064091 0.988843 -0.134468 10.574800 -0.067595 0.130134 0.989190 -1.117200 0.000000 0.000000 0.000000 1.000000
0.995461 0.070739 0.063658 0.017300 -0.061761 0.989139 -0.133375 10.574800 -0.072402 0.128838 0.989019 -1.117200 0.000000 0.000000 0.000000 1.000000
0.995311 0.069215 0.067566 0.017300 -0.059755 0.989289 -0.133182 10.574800 -0.076060 0.128520 0.988786 -1.117200 0.000000 0.000000 0.000000 1.000000
0.995105 0.068869 0.070870 0.017300 -0.058904 0.989203 -0.134190 10.574800 -0.079346 0.129359 0.988418 -1.117200 0.000000 0.000000 0.000000 1.000000
0.994880 0.068863 0.073977 0.017300 -0.058411 0.989098 -0.135176 10.574800 -0.082479 0.130162 0.988056 -1.117200 0.000000 0.000000 0.000000 1.000000
0.994757 0.068300 0.076115 0.017300 -0.057539 0.989097 -0.135558 10.574800 -0.084544 0.130468 0.987841 -1.117200 0.000000 0.000000 0.000000 1.000000
0.994829 0.066082 0.077130 0.017300 -0.055214 0.989252 -0.135392 10.574800 -0.085247 0.130433 0.987785 -1.117200 0.000000 0.000000 0.000000 1.000000
0.995005 0.062735 0.077646 0.017300 -0.051993 0.989702 -0.133368 10.574800 -0.085213 0.128664 0.988020 -1.117200 0.000000 0.000000 0.000000 1.000000
0.995163 0.059521 0.078152 0.017300 -0.048891 0.990107 -0.131519 10.574800 -0.085207 0.127062 0.988228 -1.117200 0.000000 0.000000 0.000000 1.000000
0.995227 0.056980 0.079220 0.017300 -0.046277 0.990312 -0.130925 10.574800 -0.085913 0.126634 0.988222 -1.117200 0.000000 0.000000 0.000000 1.000000
0.995220 0.055144 0.080596 0.017300 -0.044408 0.990597 -0.129406 10.574800 -0.086974 0.125209 0.988311 -1.117200 0.000000 0.000000 0.000000 1.000000
0.995255 0.053219 0.081455 0.017300 -0.042542 0.990911 -0.127614 10.574800 -0.087506 0.123543 0.988473 -1.117200 0.000000 0.000000 0.000000 1.000000
0.995244 0.051696 0.082559 0.017300 -0.041001 0.991138 -0.126353 10.574800 -0.088359 0.122367 0.988544 -1.117200 0.000000 0.000000 0.000000 1.000000
0.995201 0.051085 0.083454 0.017300 -0.040369 0.991284 -0.125403 10.574800 -0.089133 0.121432 0.988590 -1.117200 0.000000 0.000000 0.000000 1.000000
0.995279 0.050542 0.082860 0.017300 -0.039944 0.991363 -0.124913 10.574800 -0.088457 0.121013 0.988702 -1.117200 0.000000 0.000000 0.000000 1.000000
0.995462 0.049539 0.081251 0.017300 -0.039161 0.991422 -0.124696 10.574800 -0.086731 0.120948 0.988863 -1.117200 0.000000 0.000000 0.000000 1.000000
0.995647 0.048822 0.079399 0.017300 -0.038675 0.991446 -0.124659 10.574800 -0.084806 0.121045 0.989018 -1.117200 0.000000 0.000000 0.000000 1.000000
0.995800 0.048834 0.077439 0.017300 -0.038886 0.991378 -0.125134 10.574800 -0.082882 0.121597 0.989113 -1.117200 0.000000 0.000000 0.000000 1.000000
0.995960 0.049133 0.075168 0.017300 -0.039500 0.991413 -0.124657 10.574800 -0.080647 0.121184 0.989348 -1.117200 0.000000 0.000000 0.000000 1.000000
0.996097 0.049759 0.072909 0.017300 -0.040479 0.991500 -0.123648 10.574800 -0.078441 0.120214 0.989644 -1.117200 0.000000 0.000000 0.000000 1.000000
0.996225 0.050658 0.070493 0.017300 -0.041561 0.991285 -0.125006 10.574800 -0.076211 0.121605 0.989649 -1.117200 0.000000 0.000000 0.000000 1.000000
0.996400 0.051335 0.067470 0.017300 -0.042456 0.990993 -0.127008 10.574800 -0.073382 0.123686 0.989604 -1.117200 0.000000 0.000000 0.000000 1.000000
0.996538 0.052608 0.064377 0.017300 -0.044066 0.990848 -0.127588 10.574800 -0.070500 0.124309 0.989736 -1.117200 0.000000 0.000000 0.000000 1.000000
0.996569 0.054883 0.061948 0.017300 -0.046550 0.990584 -0.128751 10.574800 -0.068431 0.125426 0.989740 -1.117200 0.000000 0.000000 0.000000 1.000000</float_array><technique_common><accessor source="#Spine-Matrix-animation-output-transform-array" count="111" stride="16"><param type="float4x4"/></accessor></technique_common></source><source id="Spine-Interpolations"><Name_array id="Spine-Interpolations-array" count="111">
 LINEAR LINEAR LINEAR LINEAR LINEAR LINEAR LINEAR LINEAR LINEAR LINEAR LINEAR
LINEAR LINEAR LINEAR LINEAR LINEAR LINEAR LINEAR LINEAR LINEAR LINEAR LINEAR LINEAR
LINEAR LINEAR LINEAR LINEAR LINEAR LINEAR LINEAR LINEAR LINEAR LINEAR LINEAR LINEAR
LINEAR LINEAR LINEAR LINEAR LINEAR LINEAR LINEAR LINEAR LINEAR LINEAR LINEAR LINEAR
LINEAR LINEAR LINEAR LINEAR LINEAR LINEAR LINEAR LINEAR LINEAR LINEAR LINEAR LINEAR
LINEAR LINEAR LINEAR LINEAR LINEAR LINEAR LINEAR LINEAR LINEAR LINEAR LINEAR LINEAR
LINEAR LINEAR LINEAR LINEAR LINEAR LINEAR LINEAR LINEAR LINEAR LINEAR LINEAR LINEAR
LINEAR LINEAR LINEAR LINEAR LINEAR LINEAR LINEAR LINEAR LINEAR LINEAR LINEAR LINEAR
LINEAR LINEAR LINEAR LINEAR LINEAR LINEAR LINEAR LINEAR LINEAR LINEAR LINEAR LINEAR
LINEAR LINEAR LINEAR LINEAR</Name_array><technique_common><accessor source="#Spine-Interpolations-array" count="111"><param type="name"/></accessor></technique_common></source><sampler id="Spine-Matrix-animation-transform"><input semantic="INPUT" source="#Spine-Matrix-animation-input"/><input semantic="OUTPUT" source="#Spine-Matrix-animation-output-transform"/><input semantic="INTERPOLATION" source="#Spine-Interpolations"/></sampler><channel source="#Spine-Matrix-animation-transform" target="Spine/matrix"/></animation>
    <animation id="Spine1-anim" name="Spine1"><source id="Spine1-Matrix-animation-input"><float_array id="Spine1-Matrix-animation-input-array" count="111">

0.000000 0.033333 0.066667 0.100000 0.133333 0.166667 0.200000 0.233333 0.266667 0.300000 0.333333 0.366667 0.400000 0.433333 0.466667 0.500000
