<?xml version="1.0" encoding="utf-8"?>
<COLLADA xmlns="http://www.collada.org/2005/11/COLLADASchema" version="1.4.1">
  <asset><contributor><author>Mixamo</author><authoring_tool>COLLADA Mixamo exporter</authoring_tool><comments></comments></contributor><created>2018-10-29T18:46:30Z</created><modified>2018-10-29T18:46:30Z</modified><revision></revision><title></title><unit meter="0.010000"/><up_axis>Y_UP</up_axis></asset>
  <library_animations>
    <animation id="Hips-anim" name="Hips"><source id="Hips-Matrix-animation-input"><float_array id="Hips-Matrix-animation-input-array" count="39">

0.000000 0.033333 0.066667 0.100000 0.133333 0.166667 0.200000 0.233333 0.266667 0.300000 0.333333 0.366667 0.400000 0.433333 0.466667 0.500000
0.533333 0.566667 0.600000 0.633333 0.666667 0.700000 0.733333 0.766667 0.800000 0.833333 0.866667 0.900000 0.933333 0.966667 1.000000 1.033333
1.066667 1.100000 1.133333 1.166667 1.200000 1.233333 1.266667</float_array><technique_common><accessor source="#Hips-Matrix-animation-input-array" count="39"><param name="TIME" type="float"/></accessor></technique_common></source><source id="Hips-Matrix-animation-output-transform"><float_array id="Hips-Matrix-animation-output-transform-array" count="624">

0.999664 -0.025888 0.001264 0.000044 0.025858 0.999461 0.020221 91.746719 -0.001787 -0.020182 0.999795 -0.000052 0.000000 0.000000 0.000000 1.000000
0.999415 -0.022928 0.025388 0.118428 0.022508 0.999607 0.016723 91.745811 -0.025762 -0.016141 0.999538 -2.932109 0.000000 0.000000 0.000000 1.000000
0.998683 -0.020716 0.046940 0.482633 0.020415 0.999768 0.006891 91.459732 -0.047072 -0.005923 0.998874 -5.868869 0.000000 0.000000 0.000000 1.000000
0.997590 -0.018527 0.066872 0.942594 0.018970 0.999802 -0.005992 91.059303 -0.066748 0.007246 0.997744 -8.781651 0.000000 0.000000 0.000000 1.000000
0.996098 -0.016392 0.086713 1.472217 0.018194 0.999634 -0.020023 90.582573 -0.086353 0.021522 0.996032 -11.724465 0.000000 0.000000 0.000000 1.000000
0.994048 -0.014388 0.107991 2.046391 0.018086 0.999280 -0.033346 90.066956 -0.107434 0.035100 0.993592 -14.751689 0.000000 0.000000 0.000000 1.000000
0.991139 -0.012626 0.132227 2.637251 0.018608 0.998854 -0.044104 89.552315 -0.131518 0.046174 0.990238 -17.911665 0.000000 0.000000 0.000000 1.000000
0.986788 -0.012164 0.161560 3.279780 0.020165 0.998645 -0.047973 88.997772 -0.160757 0.050597 0.985696 -21.534447 0.000000 0.000000 0.000000 1.000000
0.984623 -0.012877 0.174216 3.880257 0.022425 0.998345 -0.052949 88.651596 -0.173246 0.056042 0.983283 -25.145834 0.000000 0.000000 0.000000 1.000000
0.984706 -0.015954 0.173495 4.705680 0.025739 0.998193 -0.054295 88.418198 -0.172315 0.057930 0.983337 -28.781113 0.000000 0.000000 0.000000 1.000000
0.986921 -0.019998 0.159961 5.558083 0.029028 0.998102 -0.054315 88.379898 -0.158571 0.058248 0.985628 -32.290550 0.000000 0.000000 0.000000 1.000000
0.990789 -0.023840 0.133297 6.338386 0.031576 0.997919 -0.056226 88.561554 -0.131679 0.059917 0.989480 -36.081406 0.000000 0.000000 0.000000 1.000000
0.994343 -0.027275 0.102654 7.073189 0.033520 0.997659 -0.059613 88.871056 -0.100788 0.062716 0.992929 -39.979500 0.000000 0.000000 0.000000 1.000000
0.996826 -0.029656 0.073886 7.743236 0.034519 0.997260 -0.065426 89.344818 -0.071743 0.067769 0.995118 -43.900955 0.000000 0.000000 0.000000 1.000000
0.998264 -0.029342 0.051077 8.239108 0.033216 0.996498 -0.076735 90.270302 -0.048647 0.078299 0.995742 -47.834282 0.000000 0.000000 0.000000 1.000000
0.999092 -0.030251 0.030006 8.578251 0.032739 0.995739 -0.086208 91.361298 -0.027270 0.087112 0.995825 -51.635860 0.000000 0.000000 0.000000 1.000000
0.999413 -0.032873 0.009617 8.572124 0.033611 0.995310 -0.090714 91.760506 -0.006590 0.090984 0.995831 -55.175285 0.000000 0.000000 0.000000 1.000000
0.999285 -0.036023 -0.011520 8.387480 0.034801 0.995068 -0.092892 91.755447 0.014810 0.092425 0.995610 -58.659519 0.000000 0.000000 0.000000 1.000000
0.998680 -0.039377 -0.032977 8.123671 0.036125 0.994916 -0.094007 91.569717 0.036511 0.092692 0.995025 -62.118744 0.000000 0.000000 0.000000 1.000000
0.997601 -0.042731 -0.054457 7.853216 0.037432 0.994786 -0.094872 91.364784 0.058227 0.092606 0.993999 -65.578835 0.000000 0.000000 0.000000 1.000000
0.996051 -0.045999 -0.075932 7.587605 0.038675 0.994702 -0.095252 91.157539 0.079911 0.091939 0.992553 -69.048744 0.000000 0.000000 0.000000 1.000000
0.994012 -0.049087 -0.097623 7.288819 0.039922 0.994798 -0.093713 90.840401 0.101715 0.089255 0.990801 -72.527603 0.000000 0.000000 0.000000 1.000000
0.991479 -0.051488 -0.119661 6.912584 0.041293 0.995424 -0.086172 90.218910 0.123551 0.080496 0.989068 -76.079704 0.000000 0.000000 0.000000 1.000000
0.988488 -0.053778 -0.141418 6.557061 0.043318 0.996164 -0.076032 89.594421 0.144965 0.069031 0.987026 -79.650261 0.000000 0.000000 0.000000 1.000000
0.984335 -0.059494 -0.165968 6.121933 0.048920 0.996547 -0.067090 88.840034 0.169387 0.057920 0.983846 -83.345398 0.000000 0.000000 0.000000 1.000000
0.979511 -0.059133 -0.192515 5.591112 0.049365 0.997257 -0.055152 88.103569 0.195248 0.044518 0.979743 -87.114189 0.000000 0.000000 0.000000 1.000000
0.976742 -0.061305 -0.205465 5.033735 0.053025 0.997553 -0.045570 87.703445 0.207756 0.033616 0.977603 -91.214058 0.000000 0.000000 0.000000 1.000000
0.975857 -0.062714 -0.209213 4.437165 0.056515 0.997771 -0.035482 87.603424 0.210971 0.022802 0.977226 -95.444550 0.000000 0.000000 0.000000 1.000000
0.976304 -0.064130 -0.206685 3.819462 0.060162 0.997865 -0.025432 87.675705 0.207874 0.012395 0.978077 -99.724632 0.000000 0.000000 0.000000 1.000000
0.978429 -0.066447 -0.195604 3.182922 0.064539 0.997785 -0.016120 87.920029 0.196242 0.003149 0.980550 -103.995705 0.000000 0.000000 0.000000 1.000000
0.982277 -0.070564 -0.173644 2.530236 0.070208 0.997499 -0.008198 88.332703 0.173788 -0.004138 0.984774 -108.199623 0.000000 0.000000 0.000000 1.000000
0.988815 -0.078209 -0.126994 1.845443 0.078443 0.996914 -0.003160 89.145134 0.126849 -0.006837 0.991898 -112.215408 0.000000 0.000000 0.000000 1.000000
0.993146 -0.078527 -0.086573 1.263951 0.079196 0.996850 0.004315 89.920097 0.085961 -0.011142 0.996236 -115.939980 0.000000 0.000000 0.000000 1.000000
0.995007 -0.071432 -0.069708 0.791661 0.072259 0.997341 0.009415 90.471893 0.068850 -0.014405 0.997523 -119.555733 0.000000 0.000000 0.000000 1.000000
0.996255 -0.062064 -0.060192 0.517656 0.062954 0.997932 0.013006 90.798180 0.059260 -0.016746 0.998102 -122.760529 0.000000 0.000000 0.000000 1.000000
0.997409 -0.053031 -0.048609 0.297676 0.053864 0.998420 0.015990 91.084686 0.047685 -0.018567 0.998690 -125.832001 0.000000 0.000000 0.000000 1.000000
0.998420 -0.044284 -0.034585 0.122841 0.044934 0.998823 0.018248 91.344643 0.033736 -0.019774 0.999235 -128.791122 0.000000 0.000000 0.000000 1.000000
0.999237 -0.034837 -0.017650 0.001214 0.035189 0.999180 0.020030 91.591568 0.016938 -0.020636 0.999644 -131.634979 0.000000 0.000000 0.000000 1.000000
0.999664 -0.025889 0.001264 0.001133 0.025858 0.999461 0.020221 91.746719 -0.001787 -0.020182 0.999795 -134.237411 0.000000 0.000000 0.000000 1.000000</float_array><technique_common><accessor source="#Hips-Matrix-animation-output-transform-array" count="39" stride="16"><param type="float4x4"/></accessor></technique_common></source><source id="Hips-Interpolations"><Name_array id="Hips-Interpolations-array" count="39">
 LINEAR LINEAR LINEAR LINEAR LINEAR LINEAR LINEAR LINEAR LINEAR LINEAR LINEAR
LINEAR LINEAR LINEAR LINEAR LINEAR LINEAR LINEAR LINEAR LINEAR LINEAR LINEAR LINEAR
LINEAR LINEAR LINEAR LINEAR LINEAR LINEAR LINEAR LINEAR LINEAR LINEAR LINEAR LINEAR
LINEAR LINEAR LINEAR LINEAR</Name_array><technique_common><accessor source="#Hips-Interpolations-array" count="39"><param type="name"/></accessor></technique_common></source><sampler id="Hips-Matrix-animation-transform"><input semantic="INPUT" source="#Hips-Matrix-animation-input"/><input semantic="OUTPUT" source="#Hips-Matrix-animation-output-transform"/><input semantic="INTERPOLATION" source="#Hips-Interpolations"/></sampler><channel source="#Hips-Matrix-animation-transform" target="Hips/matrix"/></animation>
    <animation id="Spine-anim" name="Spine"><source id="Spine-Matrix-animation-input"><float_array id="Spine-Matrix-animation-input-array" count="39">

0.000000 0.033333 0.066667 0.100000 0.133333 0.166667 0.200000 0.233333 0.266667 0.300000 0.333333 0.366667 0.400000 0.433333 0.466667 0.500000
0.533333 0.566667 0.600000 0.633333 0.666667 0.700000 0.733333 0.766667 0.800000 0.833333 0.866667 0.900000 0.933333 0.966667 1.000000 1.033333
1.066667 1.100000 1.133333 1.166667 1.200000 1.233333 1.266667</float_array><technique_common><accessor source="#Spine-Matrix-animation-input-array" count="39"><param name="TIME" type="float"/></accessor></technique_common></source><source id="Spine-Matrix-animation-output-transform"><float_array id="Spine-Matrix-animation-output-transform-array" count="624">

0.987693 -0.038959 -0.151473 0.017300 -0.016154 0.937889 -0.346560 10.574800 0.155567 0.344742 0.925717 -1.117200 0.000000 0.000000 0.000000 1.000000
0.985509 -0.049449 -0.162257 0.017300 -0.010282 0.937391 -0.348128 10.574800 0.169313 0.344751 0.923298 -1.117200 0.000000 0.000000 0.000000 1.000000
0.983134 -0.058576 -0.173251 0.017300 -0.004826 0.938681 -0.344754 10.574800 0.182821 0.339776 0.922567 -1.117200 0.000000 0.000000 0.000000 1.000000
0.980571 -0.067458 -0.184200 0.017300 0.001056 0.940813 -0.338925 10.574800 0.196161 0.332146 0.922605 -1.117200 0.000000 0.000000 0.000000 1.000000
0.977833 -0.075576 -0.195270 0.017300 0.006441 0.943004 -0.332720 10.574800 0.209286 0.324087 0.922587 -1.117200 0.000000 0.000000 0.000000 1.000000
0.974943 -0.082395 -0.206635 0.017300 0.010273 0.944563 -0.328169 10.574800 0.222219 0.317823 0.921741 -1.117200 0.000000 0.000000 0.000000 1.000000
0.971921 -0.087380 -0.218482 0.017300 0.011383 0.944869 -0.327252 10.574800 0.235032 0.315576 0.919332 -1.117200 0.000000 0.000000 0.000000 1.000000
0.969441 -0.086460 -0.229584 0.017300 0.004694 0.942203 -0.335010 10.574800 0.245280 0.323695 0.913816 -1.117200 0.000000 0.000000 0.000000 1.000000
0.969201 -0.082915 -0.231892 0.017300 0.000433 0.942191 -0.335076 10.574800 0.246270 0.324656 0.913209 -1.117200 0.000000 0.000000 0.000000 1.000000
0.969966 -0.078647 -0.230175 0.017300 -0.002854 0.942541 -0.334077 10.574800 0.243224 0.324701 0.914009 -1.117200 0.000000 0.000000 0.000000 1.000000
0.972037 -0.073631 -0.222986 0.017300 -0.005609 0.942020 -0.335510 10.574800 0.234761 0.327379 0.915265 -1.117200 0.000000 0.000000 0.000000 1.000000
0.974961 -0.068658 -0.211510 0.017300 -0.007157 0.940962 -0.338435 10.574800 0.222259 0.331475 0.916911 -1.117200 0.000000 0.000000 0.000000 1.000000
0.977919 -0.064672 -0.198725 0.017300 -0.007299 0.939763 -0.341749 10.574800 0.208856 0.335654 0.918540 -1.117200 0.000000 0.000000 0.000000 1.000000
0.980405 -0.061781 -0.187054 0.017300 -0.006527 0.938838 -0.344297 10.574800 0.196884 0.338772 0.920038 -1.117200 0.000000 0.000000 0.000000 1.000000
0.982020 -0.059408 -0.179186 0.017300 -0.006058 0.938786 -0.344447 10.574800 0.188681 0.339339 0.921547 -1.117200 0.000000 0.000000 0.000000 1.000000
0.983108 -0.057755 -0.173674 0.017300 -0.005454 0.939241 -0.343215 10.574800 0.182944 0.338365 0.923061 -1.117200 0.000000 0.000000 0.000000 1.000000
0.984710 -0.053170 -0.165890 0.017300 -0.005925 0.941509 -0.336935 10.574800 0.174102 0.332767 0.926798 -1.117200 0.000000 0.000000 0.000000 1.000000
0.986696 -0.046478 -0.155792 0.017300 -0.007131 0.944970 -0.327081 10.574800 0.162421 0.323840 0.932066 -1.117200 0.000000 0.000000 0.000000 1.000000
0.988720 -0.038916 -0.144630 0.017300 -0.008863 0.948760 -0.315874 10.574800 0.149511 0.313593 0.937713 -1.117200 0.000000 0.000000 0.000000 1.000000
0.990585 -0.031240 -0.133289 0.017300 -0.010985 0.952340 -0.304842 10.574800 0.136460 0.303436 0.943030 -1.117200 0.000000 0.000000 0.000000 1.000000
0.992262 -0.023348 -0.121943 0.017300 -0.013719 0.955527 -0.294586 10.574800 0.123398 0.293979 0.947813 -1.117200 0.000000 0.000000 0.000000 1.000000
0.993815 -0.014435 -0.110102 0.017300 -0.017699 0.958248 -0.285392 10.574800 0.109625 0.285575 0.952066 -1.117200 0.000000 0.000000 0.000000 1.000000
0.995260 -0.003544 -0.097183 0.017300 -0.023980 0.959533 -0.280574 10.574800 0.094244 0.281575 0.954900 -1.117200 0.000000 0.000000 0.000000 1.000000
0.996189 0.005842 -0.087021 0.017300 -0.030043 0.959674 -0.279506 10.574800 0.081879 0.281055 0.956192 -1.117200 0.000000 0.000000 0.000000 1.000000
0.996922 0.016243 -0.076702 0.017300 -0.036726 0.961079 -0.273821 10.574800 0.069269 0.275795 0.958717 -1.117200 0.000000 0.000000 0.000000 1.000000
0.997562 0.026915 -0.064393 0.017300 -0.043635 0.960606 -0.274468 10.574800 0.054469 0.276609 0.959438 -1.117200 0.000000 0.000000 0.000000 1.000000
0.997686 0.033260 -0.059293 0.017300 -0.048306 0.960505 -0.274039 10.574800 0.047837 0.276269 0.959889 -1.117200 0.000000 0.000000 0.000000 1.000000
0.997678 0.036400 -0.057562 0.017300 -0.050951 0.959747 -0.276204 10.574800 0.045191 0.278496 0.959374 -1.117200 0.000000 0.000000 0.000000 1.000000
0.997584 0.037623 -0.058402 0.017300 -0.052512 0.958758 -0.279332 10.574800 0.045484 0.281724 0.958417 -1.117200 0.000000 0.000000 0.000000 1.000000
0.997324 0.036723 -0.063218 0.017300 -0.053168 0.957831 -0.282369 10.574800 0.050183 0.284974 0.957221 -1.117200 0.000000 0.000000 0.000000 1.000000
0.996739 0.033492 -0.073409 0.017300 -0.053104 0.957266 -0.284291 10.574800 0.060751 0.287263 0.955923 -1.117200 0.000000 0.000000 0.000000 1.000000
0.995126 0.025162 -0.095349 0.017300 -0.051438 0.957385 -0.284196 10.574800 0.084135 0.287716 0.954013 -1.117200 0.000000 0.000000 0.000000 1.000000
0.993821 0.018666 -0.109414 0.017300 -0.050053 0.955207 -0.291674 10.574800 0.099069 0.295348 0.950239 -1.117200 0.000000 0.000000 0.000000 1.000000
0.993572 0.014052 -0.112324 0.017300 -0.047673 0.951923 -0.302606 10.574800 0.102672 0.306016 0.946474 -1.117200 0.000000 0.000000 0.000000 1.000000
0.992927 0.007048 -0.118518 0.017300 -0.043952 0.949136 -0.311783 10.574800 0.110293 0.314787 0.942733 -1.117200 0.000000 0.000000 0.000000 1.000000
0.991932 -0.001428 -0.126761 0.017300 -0.039554 0.946532 -0.320176 10.574800 0.120441 0.322606 0.938839 -1.117200 0.000000 0.000000 0.000000 1.000000
0.990598 -0.011420 -0.136329 0.017300 -0.034253 0.944066 -0.327972 10.574800 0.132449 0.329558 0.934799 -1.117200 0.000000 0.000000 0.000000 1.000000
0.989028 -0.023719 -0.145814 0.017300 -0.027088 0.941175 -0.336833 10.574800 0.145226 0.337087 0.930205 -1.117200 0.000000 0.000000 0.000000 1.000000
0.987693 -0.038959 -0.151473 0.017300 -0.016154 0.937889 -0.346560 10.574800 0.155566 0.344742 0.925717 -1.117200 0.000000 0.000000 0.000000 1.000000</float_array><technique_common><accessor source="#Spine-Matrix-animation-output-transform-array" count="39" stride="16"><param type="float4x4"/></accessor></technique_common></source><source id="Spine-Interpolations"><Name_array id="Spine-Interpolations-array" count="39">
 LINEAR LINEAR LINEAR LINEAR LINEAR LINEAR LINEAR LINEAR LINEAR LINEAR LINEAR
LINEAR LINEAR LINEAR LINEAR LINEAR LINEAR LINEAR LINEAR LINEAR LINEAR LINEAR LINEAR
LINEAR LINEAR LINEAR LINEAR LINEAR LINEAR LINEAR LINEAR LINEAR LINEAR LINEAR LINEAR
LINEAR LINEAR LINEAR LINEAR</Name_array><technique_common><accessor source="#Spine-Interpolations-array" count="39"><param type="name"/></accessor></technique_common></source><sampler id="Spine-Matrix-animation-transform"><input semantic="INPUT" source="#Spine-Matrix-animation-input"/><input semantic="OUTPUT" source="#Spine-Matrix-animation-output-transform"/><input semantic="INTERPOLATION" source="#Spine-Interpolations"/></sampler><channel source="#Spine-Matrix-animation-transform" target="Spine/matrix"/></animation>
    <animation id="Spine1-anim" name="Spine1"><source id="Spine1-Matrix-animation-input"><float_array id="Spine1-Matrix-animation-input-array" count="39">

0.000000 0.033333 0.066667 0.100000 0.133333 0.166667 0.200000 0.233333 0.266667 0.300000 0.333333 0.366667 0.400000 0.433333 0.466667 0.500000
0.533333 0.566667 0.600000 0.633333 0.666667 0.700000 0.733333 0.766667 0.800000 0.833333 0.866667 0.900000 0.933333 0.966667 1.000000 1.033333
1.066667 1.100000 1.133333 1.166667 1.200000 1.233333 1.266667</float_array><technique_common><accessor source="#Spine1-Matrix-animation-input-array" count="39"><param name="TIME" type="float"/></accessor></technique_common></source><source id="Spine1-Matrix-animation-output-transform"><float_array id="Spine1-Matrix-animation-output-transform-array" count="624">

0.999068 0.009263 -0.042170 0.019000 -0.010353 0.999616 -0.025685 12.337300 0.041916 0.026098 0.998780 -1.303400 0.000000 0.000000 0.000000 1.000000
0.998926 0.007653 -0.045695 0.019000 -0.008784 0.999659 -0.024603 12.337300 0.045491 0.024978 0.998652 -1.303400 0.000000 0.000000 0.000000 1.000000
0.998764 0.005571 -0.049388 0.019000 -0.006730 0.999705 -0.023335 12.337300 0.049244 0.023639 0.998507 -1.303400 0.000000 0.000000 0.000000 1.000000
0.998581 0.003230 -0.053149 0.019000 -0.004400 0.999750 -0.021916 12.337300 0.053065 0.022119 0.998346 -1.303400 0.000000 0.000000 0.000000 1.000000
0.998377 0.000843 -0.056953 0.019000 -0.002017 0.999787 -0.020563 12.337300 0.056923 0.020645 0.998165 -1.303400 0.000000 0.000000 0.000000 1.000000
0.998150 -0.001378 -0.060779 0.019000 0.000193 0.999810 -0.019489 12.337300 0.060794 0.019442 0.997961 -1.303400 0.000000 0.000000 0.000000 1.000000
0.997906 -0.003219 -0.064604 0.019000 0.002001 0.999819 -0.018905 12.337300 0.064653 0.018737 0.997732 -1.303400 0.000000 0.000000 0.000000 1.000000
0.997708 -0.003716 -0.067570 0.019000 0.002391 0.999804 -0.019673 12.337300 0.067630 0.019467 0.997521 -1.303400 0.000000 0.000000 0.000000 1.000000
0.997737 -0.002458 -0.067187 0.019000 0.001133 0.999804 -0.019753 12.337300 0.067223 0.019632 0.997545 -1.303400 0.000000 0.000000 0.000000 1.000000
0.997857 -0.001113 -0.065418 0.019000 -0.000260 0.999780 -0.020974 12.337300 0.065427 0.020946 0.997638 -1.303400 0.000000 0.000000 0.000000 1.000000
0.998047 -0.000278 -0.062470 0.019000 -0.001161 0.999735 -0.022997 12.337300 0.062460 0.023025 0.997782 -1.303400 0.000000 0.000000 0.000000 1.000000
0.998280 -0.000162 -0.058619 0.019000 -0.001267 0.999703 -0.024349 12.337300 0.058606 0.024381 0.997983 -1.303400 0.000000 0.000000 0.000000 1.000000
0.998504 -0.000329 -0.054682 0.019000 -0.001058 0.999679 -0.025330 12.337300 0.054672 0.025350 0.998182 -1.303400 0.000000 0.000000 0.000000 1.000000
0.998679 -0.000602 -0.051373 0.019000 -0.000733 0.999663 -0.025953 12.337300 0.051372 0.025956 0.998342 -1.303400 0.000000 0.000000 0.000000 1.000000
0.998768 -0.001153 -0.049617 0.019000 -0.000122 0.999670 -0.025703 12.337300 0.049630 0.025677 0.998438 -1.303400 0.000000 0.000000 0.000000 1.000000
0.998815 -0.002080 -0.048619 0.019000 0.000870 0.999690 -0.024891 12.337300 0.048656 0.024819 0.998507 -1.303400 0.000000 0.000000 0.000000 1.000000
0.998909 -0.002884 -0.046619 0.019000 0.001765 0.999710 -0.024016 12.337300 0.046675 0.023908 0.998624 -1.303400 0.000000 0.000000 0.000000 1.000000
0.999035 -0.003598 -0.043771 0.019000 0.002581 0.999726 -0.023279 12.337300 0.043843 0.023143 0.998770 -1.303400 0.000000 0.000000 0.000000 1.000000
0.999168 -0.004265 -0.040553 0.019000 0.003351 0.999739 -0.022597 12.337300 0.040638 0.022442 0.998922 -1.303400 0.000000 0.000000 0.000000 1.000000
0.999293 -0.004909 -0.037286 0.019000 0.004094 0.999751 -0.021915 12.337300 0.037384 0.021747 0.999064 -1.303400 0.000000 0.000000 0.000000 1.000000
0.999407 -0.005497 -0.034002 0.019000 0.004777 0.999763 -0.021225 12.337300 0.034111 0.021050 0.999196 -1.303400 0.000000 0.000000 0.000000 1.000000
0.999518 -0.005906 -0.030478 0.019000 0.005281 0.999775 -0.020553 12.337300 0.030593 0.020382 0.999324 -1.303400 0.000000 0.000000 0.000000 1.000000
0.999634 -0.005684 -0.026439 0.019000 0.005157 0.999787 -0.019961 12.337300 0.026547 0.019817 0.999451 -1.303400 0.000000 0.000000 0.000000 1.000000
0.999722 -0.004476 -0.023134 0.019000 0.004015 0.999793 -0.019959 12.337300 0.023218 0.019861 0.999533 -1.303400 0.000000 0.000000 0.000000 1.000000
0.999802 -0.003068 -0.019654 0.019000 0.002681 0.999803 -0.019662 12.337300 0.019710 0.019605 0.999613 -1.303400 0.000000 0.000000 0.000000 1.000000
0.999878 -0.001430 -0.015578 0.019000 0.001112 0.999792 -0.020376 12.337300 0.015604 0.020356 0.999671 -1.303400 0.000000 0.000000 0.000000 1.000000
0.999906 0.001056 -0.013642 0.019000 -0.001342 0.999779 -0.020967 12.337300 0.013617 0.020983 0.999687 -1.303400 0.000000 0.000000 0.000000 1.000000
0.999911 0.003635 -0.012823 0.019000 -0.003918 0.999748 -0.022085 12.337300 0.012739 0.022134 0.999674 -1.303400 0.000000 0.000000 0.000000 1.000000
0.999898 0.006264 -0.012818 0.019000 -0.006562 0.999706 -0.023355 12.337300 0.012668 0.023437 0.999645 -1.303400 0.000000 0.000000 0.000000 1.000000
0.999862 0.008935 -0.014017 0.019000 -0.009276 0.999658 -0.024459 12.337300 0.013793 0.024586 0.999603 -1.303400 0.000000 0.000000 0.000000 1.000000
0.999791 0.011641 -0.016803 0.019000 -0.012060 0.999613 -0.025074 12.337300 0.016505 0.025272 0.999544 -1.303400 0.000000 0.000000 0.000000 1.000000
0.999630 0.014418 -0.023052 0.019000 -0.014983 0.999587 -0.024535 12.337300 0.022688 0.024872 0.999433 -1.303400 0.000000 0.000000 0.000000 1.000000
0.999495 0.016874 -0.026941 0.019000 -0.017533 0.999548 -0.024404 12.337300 0.026517 0.024864 0.999339 -1.303400 0.000000 0.000000 0.000000 1.000000
0.999470 0.016875 -0.027847 0.019000 -0.017579 0.999527 -0.025237 12.337300 0.027408 0.025713 0.999294 -1.303400 0.000000 0.000000 0.000000 1.000000
0.999432 0.015474 -0.029926 0.019000 -0.016242 0.999541 -0.025571 12.337300 0.029516 0.026043 0.999225 -1.303400 0.000000 0.000000 0.000000 1.000000
0.999368 0.013936 -0.032692 0.019000 -0.014776 0.999563 -0.025601 12.337300 0.032321 0.026068 0.999138 -1.303400 0.000000 0.000000 0.000000 1.000000
0.999277 0.012340 -0.035959 0.019000 -0.013265 0.999585 -0.025585 12.337300 0.035628 0.026044 0.999026 -1.303400 0.000000 0.000000 0.000000 1.000000
0.999165 0.010734 -0.039418 0.019000 -0.011752 0.999601 -0.025683 12.337300 0.039127 0.026124 0.998893 -1.303400 0.000000 0.000000 0.000000 1.000000
0.999068 0.009263 -0.042170 0.019000 -0.010353 0.999616 -0.025685 12.337300 0.041916 0.026098 0.998780 -1.303400 0.000000 0.000000 0.000000 1.000000</float_array><technique_common><accessor source="#Spine1-Matrix-animation-output-transform-array" count="39" stride="16"><param type="float4x4"/></accessor></technique_common></source><source id="Spine1-Interpolations"><Name_array id="Spine1-Interpolations-array" count="39">
 LINEAR LINEAR LINEAR LINEAR LINEAR LINEAR LINEAR LINEAR LINEAR LINEAR LINEAR
LINEAR LINEAR LINEAR LINEAR LINEAR LINEAR LINEAR LINEAR LINEAR LINEAR LINEAR LINEAR
LINEAR LINEAR LINEAR LINEAR LINEAR LINEAR LINEAR LINEAR LINEAR LINEAR LINEAR LINEAR
LINEAR LINEAR LINEAR LINEAR</Name_array><technique_common><accessor source="#Spine1-Interpolations-array" count="39"><param type="name"/></accessor></technique_common></source><sampler id="Spine1-Matrix-animation-transform"><input semantic="INPUT" source="#Spine1-Matrix-animation-input"/><input semantic="OUTPUT" source="#Spine1-Matrix-animation-output-transform"/><input semantic="INTERPOLATION" source="#Spine1-Interpolations"/></sampler><channel source="#Spine1-Matrix-animation-transform" target="Spine1/matrix"/></animation>
    <animation id="Spine2-anim" name="Spine2"><source id="Spine2-Matrix-animation-input"><float_array id="Spine2-Matrix-animation-input-array" count="39">

0.000000 0.033333 0.066667 0.100000 0.133333 0.166667 0.200000 0.233333 0.266667 0.300000 0.333333 0.366667 0.400000 0.433333 0.466667 0.500000
0.533333 0.566667 0.600000 0.633333 0.666667 0.700000 0.733333 0.766667 0.800000 0.833333 0.866667 0.900000 0.933333 0.966667 1.000000 1.033333
1.066667 1.100000 1.133333 1.166667 1.200000 1.233333 1.266667</float_array><technique_common><accessor source="#Spine2-Matrix-animation-input-array" count="39"><param name="TIME" type="float"/></accessor></technique_common></source><source id="Spine2-Matrix-animation-output-transform"><float_array id="Spine2-Matrix-animation-output-transform-array" count="624">

0.999100 0.008092 -0.041629 0.021700 -0.009177 0.999621 -0.025958 14.099800 0.041404 0.026316 0.998796 -1.489600 0.000000 0.000000 0.000000 1.000000
0.998957 0.006395 -0.045204 0.021700 -0.007525 0.999663 -0.024860 14.099800 0.045030 0.025175 0.998668 -1.489600 0.000000 0.000000 0.000000 1.000000
0.998791 0.004241 -0.048974 0.021700 -0.005399 0.999708 -0.023535 14.099800 0.048860 0.023771 0.998523 -1.489600 0.000000 0.000000 0.000000 1.000000
0.998602 0.001835 -0.052825 0.021700 -0.003003 0.999753 -0.022042 14.099800 0.052772 0.022169 0.998360 -1.489600 0.000000 0.000000 0.000000 1.000000
0.998390 -0.000616 -0.056724 0.021700 -0.000553 0.999788 -0.020604 14.099800 0.056725 0.020602 0.998177 -1.489600 0.000000 0.000000 0.000000 1.000000
0.998156 -0.002906 -0.060639 0.021700 0.001730 0.999809 -0.019446 14.099800 0.060683 0.019305 0.997970 -1.489600 0.000000 0.000000 0.000000 1.000000
0.997904 -0.004829 -0.064537 0.021700 0.003623 0.999817 -0.018785 14.099800 0.064616 0.018511 0.997739 -1.489600 0.000000 0.000000 0.000000 1.000000
0.997703 -0.005424 -0.067522 0.021700 0.004115 0.999801 -0.019513 14.099800 0.067614 0.019191 0.997527 -1.489600 0.000000 0.000000 0.000000 1.000000
0.997739 -0.004150 -0.067087 0.021700 0.002837 0.999803 -0.019649 14.099800 0.067155 0.019414 0.997554 -1.489600 0.000000 0.000000 0.000000 1.000000
0.997865 -0.002786 -0.065246 0.021700 0.001422 0.999780 -0.020950 14.099800 0.065290 0.020812 0.997649 -1.489600 0.000000 0.000000 0.000000 1.000000
0.998059 -0.001930 -0.062243 0.021700 0.000497 0.999735 -0.023026 14.099800 0.062271 0.022951 0.997795 -1.489600 0.000000 0.000000 0.000000 1.000000
0.998292 -0.001762 -0.058390 0.021700 0.000337 0.999702 -0.024405 14.099800 0.058416 0.024344 0.997995 -1.489600 0.000000 0.000000 0.000000 1.000000
0.998514 -0.001870 -0.054471 0.021700 0.000486 0.999677 -0.025402 14.099800 0.054501 0.025338 0.998192 -1.489600 0.000000 0.000000 0.000000 1.000000
0.998687 -0.002090 -0.051184 0.021700 0.000758 0.999661 -0.026030 14.099800 0.051221 0.025957 0.998350 -1.489600 0.000000 0.000000 0.000000 1.000000
0.998773 -0.002607 -0.049453 0.021700 0.001334 0.999667 -0.025761 14.099800 0.049504 0.025664 0.998444 -1.489600 0.000000 0.000000 0.000000 1.000000
0.998816 -0.003510 -0.048513 0.021700 0.002302 0.999687 -0.024927 14.099800 0.048585 0.024786 0.998511 -1.489600 0.000000 0.000000 0.000000 1.000000
0.998906 -0.004266 -0.046568 0.021700 0.003148 0.999706 -0.024051 14.099800 0.046656 0.023878 0.998626 -1.489600 0.000000 0.000000 0.000000 1.000000
0.999030 -0.004913 -0.043766 0.021700 0.003895 0.999720 -0.023324 14.099800 0.043868 0.023131 0.998770 -1.489600 0.000000 0.000000 0.000000 1.000000
0.999161 -0.005506 -0.040590 0.021700 0.004588 0.999733 -0.022658 14.099800 0.040704 0.022453 0.998919 -1.489600 0.000000 0.000000 0.000000 1.000000
0.999283 -0.006075 -0.037364 0.021700 0.005255 0.999744 -0.021994 14.099800 0.037489 0.021782 0.999060 -1.489600 0.000000 0.000000 0.000000 1.000000
0.999396 -0.006588 -0.034120 0.021700 0.005862 0.999755 -0.021321 14.099800 0.034252 0.021108 0.999190 -1.489600 0.000000 0.000000 0.000000 1.000000
0.999507 -0.006921 -0.030627 0.021700 0.006290 0.999767 -0.020669 14.099800 0.030763 0.020466 0.999317 -1.489600 0.000000 0.000000 0.000000 1.000000
0.999624 -0.006624 -0.026592 0.021700 0.006090 0.999779 -0.020100 14.099800 0.026720 0.019931 0.999444 -1.489600 0.000000 0.000000 0.000000 1.000000
0.999715 -0.005352 -0.023250 0.021700 0.004885 0.999786 -0.020113 14.099800 0.023353 0.019994 0.999527 -1.489600 0.000000 0.000000 0.000000 1.000000
0.999798 -0.003877 -0.019722 0.021700 0.003486 0.999798 -0.019819 14.099800 0.019795 0.019746 0.999609 -1.489600 0.000000 0.000000 0.000000 1.000000
0.999876 -0.002160 -0.015603 0.021700 0.001840 0.999788 -0.020525 14.099800 0.015644 0.020494 0.999668 -1.489600 0.000000 0.000000 0.000000 1.000000
0.999908 0.000377 -0.013588 0.021700 -0.000663 0.999777 -0.021098 14.099800 0.013577 0.021105 0.999685 -1.489600 0.000000 0.000000 0.000000 1.000000
0.999915 0.002994 -0.012689 0.021700 -0.003276 0.999748 -0.022197 14.099800 0.012619 0.022236 0.999673 -1.489600 0.000000 0.000000 0.000000 1.000000
0.999905 0.005650 -0.012604 0.021700 -0.005944 0.999707 -0.023449 14.099800 0.012467 0.023521 0.999646 -1.489600 0.000000 0.000000 0.000000 1.000000
0.999871 0.008325 -0.013714 0.021700 -0.008660 0.999661 -0.024543 14.099800 0.013505 0.024659 0.999605 -1.489600 0.000000 0.000000 0.000000 1.000000
0.999805 0.011002 -0.016403 0.021700 -0.011413 0.999618 -0.025166 14.099800 0.016120 0.025348 0.999549 -1.489600 0.000000 0.000000 0.000000 1.000000
0.999653 0.013680 -0.022529 0.021700 -0.014235 0.999594 -0.024673 14.099800 0.022182 0.024985 0.999442 -1.489600 0.000000 0.000000 0.000000 1.000000
0.999525 0.016086 -0.026292 0.021700 -0.016733 0.999558 -0.024577 14.099800 0.025885 0.025005 0.999352 -1.489600 0.000000 0.000000 0.000000 1.000000
0.999502 0.016072 -0.027166 0.021700 -0.016764 0.999536 -0.025420 14.099800 0.026745 0.025863 0.999308 -1.489600 0.000000 0.000000 0.000000 1.000000
0.999465 0.014618 -0.029264 0.021700 -0.015374 0.999550 -0.025776 14.099800 0.028874 0.026212 0.999239 -1.489600 0.000000 0.000000 0.000000 1.000000
0.999401 0.013010 -0.032054 0.021700 -0.013842 0.999570 -0.025857 14.099800 0.031704 0.026286 0.999152 -1.489600 0.000000 0.000000 0.000000 1.000000
0.999311 0.011333 -0.035348 0.021700 -0.012250 0.999591 -0.025848 14.099800 0.035041 0.026264 0.999041 -1.489600 0.000000 0.000000 0.000000 1.000000
0.999199 0.009638 -0.038839 0.021700 -0.010651 0.999606 -0.025957 14.099800 0.038573 0.026350 0.998908 -1.489600 0.000000 0.000000 0.000000 1.000000
0.999100 0.008092 -0.041629 0.021700 -0.009177 0.999621 -0.025958 14.099800 0.041404 0.026316 0.998796 -1.489600 0.000000 0.000000 0.000000 1.000000</float_array><technique_common><accessor source="#Spine2-Matrix-animation-output-transform-array" count="39" stride="16"><param type="float4x4"/></accessor></technique_common></source><source id="Spine2-Interpolations"><Name_array id="Spine2-Interpolations-array" count="39">
 LINEAR LINEAR LINEAR LINEAR LINEAR LINEAR LINEAR LINEAR LINEAR LINEAR LINEAR
LINEAR LINEAR LINEAR LINEAR LINEAR LINEAR LINEAR LINEAR LINEAR LINEAR LINEAR LINEAR
LINEAR LINEAR LINEAR LINEAR LINEAR LINEAR LINEAR LINEAR LINEAR LINEAR LINEAR LINEAR
LINEAR LINEAR LINEAR LINEAR</Name_array><technique_common><accessor source="#Spine2-Interpolations-array" count="39"><param type="name"/></accessor></technique_common></source><sampler id="Spine2-Matrix-animation-transform"><input semantic="INPUT" source="#Spine2-Matrix-animation-input"/><input semantic="OUTPUT" source="#Spine2-Matrix-animation-output-transform"/><input semantic="INTERPOLATION" source="#Spine2-Interpolations"/></sampler><channel source="#Spine2-Matrix-animation-transform" target="Spine2/matrix"/></animation>
    <animation id="Neck-anim" name="Neck"><source id="Neck-Matrix-animation-input"><float_array id="Neck-Matrix-animation-input-array" count="39">

0.000000 0.033333 0.066667 0.100000 0.133333 0.166667 0.200000 0.233333 0.266667 0.300000 0.333333 0.366667 0.400000 0.433333 0.466667 0.500000
0.533333 0.566667 0.600000 0.633333 0.666667 0.700000 0.733333 0.766667 0.800000 0.833333 0.866667 0.900000 0.933333 0.966667 1.000000 1.033333
1.066667 1.100000 1.133333 1.166667 1.200000 1.233333 1.266667</float_array><technique_common><accessor source="#Neck-Matrix-animation-input-array" count="39"><param name="TIME" type="float"/></accessor></technique_common></source><source id="Neck-Matrix-animation-output-transform"><float_array id="Neck-Matrix-animation-output-transform-array" count="624">

0.997691 0.065360 0.018444 0.024400 -0.061866 0.986723 -0.150170 15.862300 -0.028014 0.148682 0.988488 -1.675800 0.000000 0.000000 0.000000 1.000000
0.997876 0.063196 0.015810 0.024400 -0.060082 0.986618 -0.151576 15.862300 -0.025178 0.150305 0.988319 -1.675800 0.000000 0.000000 0.000000 1.000000
0.997765 0.065089 0.015126 0.024400 -0.062128 0.986929 -0.148695 15.862300 -0.024607 0.147423 0.988767 -1.675800 0.000000 0.000000 0.000000 1.000000
0.997467 0.069472 0.015293 0.024400 -0.066560 0.987347 -0.143929 15.862300 -0.025099 0.142547 0.989470 -1.675800 0.000000 0.000000 0.000000 1.000000
0.997112 0.074293 0.015760 0.024400 -0.071417 0.987825 -0.138208 15.862300 -0.025836 0.136683 0.990278 -1.675800 0.000000 0.000000 0.000000 1.000000
0.996862 0.077524 0.015987 0.024400 -0.074740 0.988371 -0.132428 15.862300 -0.026067 0.130817 0.991064 -1.675800 0.000000 0.000000 0.000000 1.000000
0.996901 0.077137 0.015432 0.024400 -0.074555 0.989034 -0.127485 15.862300 -0.025097 0.125939 0.991720 -1.675800 0.000000 0.000000 0.000000 1.000000
0.997705 0.066512 0.012682 0.024400 -0.064443 0.990235 -0.123622 15.862300 -0.020780 0.122521 0.992248 -1.675800 0.000000 0.000000 0.000000 1.000000
0.998294 0.057638 0.009292 0.024400 -0.056073 0.990906 -0.122313 15.862300 -0.016258 0.121583 0.992448 -1.675800 0.000000 0.000000 0.000000 1.000000
0.997932 0.063939 0.006565 0.024400 -0.062663 0.990551 -0.121993 15.862300 -0.014303 0.121329 0.992509 -1.675800 0.000000 0.000000 0.000000 1.000000
0.997673 0.067974 0.005372 0.024400 -0.066835 0.990465 -0.120466 15.862300 -0.013510 0.119827 0.992703 -1.675800 0.000000 0.000000 0.000000 1.000000
0.997615 0.068763 0.005950 0.024400 -0.067530 0.990261 -0.121747 15.862300 -0.014264 0.121055 0.992543 -1.675800 0.000000 0.000000 0.000000 1.000000
0.997644 0.068217 0.007237 0.024400 -0.066800 0.990053 -0.123827 15.862300 -0.015612 0.123052 0.992277 -1.675800 0.000000 0.000000 0.000000 1.000000
0.997746 0.066504 0.008934 0.024400 -0.064876 0.990070 -0.124713 15.862300 -0.017139 0.123852 0.992153 -1.675800 0.000000 0.000000 0.000000 1.000000
0.997941 0.063082 0.011569 0.024400 -0.061191 0.990544 -0.122796 15.862300 -0.019205 0.121835 0.992364 -1.675800 0.000000 0.000000 0.000000 1.000000
0.997920 0.062536 0.015652 0.024400 -0.060151 0.990600 -0.122854 15.862300 -0.023187 0.121657 0.992301 -1.675800 0.000000 0.000000 0.000000 1.000000
0.997943 0.061487 0.018117 0.024400 -0.058785 0.990564 -0.123806 15.862300 -0.025558 0.122487 0.992141 -1.675800 0.000000 0.000000 0.000000 1.000000
0.998006 0.060171 0.019071 0.024400 -0.057318 0.990445 -0.125433 15.862300 -0.026437 0.124090 0.991919 -1.675800 0.000000 0.000000 0.000000 1.000000
0.998083 0.058770 0.019400 0.024400 -0.055836 0.990287 -0.127335 15.862300 -0.026695 0.126007 0.991670 -1.675800 0.000000 0.000000 0.000000 1.000000
0.998155 0.057427 0.019716 0.024400 -0.054412 0.990121 -0.129229 15.862300 -0.026942 0.127918 0.991419 -1.675800 0.000000 0.000000 0.000000 1.000000
0.998209 0.056301 0.020224 0.024400 -0.053181 0.989955 -0.131001 15.862300 -0.027397 0.129691 0.991176 -1.675800 0.000000 0.000000 0.000000 1.000000
0.998227 0.055717 0.020922 0.024400 -0.052467 0.989781 -0.132593 15.862300 -0.028096 0.131261 0.990950 -1.675800 0.000000 0.000000 0.000000 1.000000
0.998121 0.057088 0.022245 0.024400 -0.053632 0.989629 -0.133258 15.862300 -0.029621 0.131815 0.990832 -1.675800 0.000000 0.000000 0.000000 1.000000
0.997969 0.059079 0.023809 0.024400 -0.055463 0.989792 -0.131282 15.862300 -0.031322 0.129694 0.991059 -1.675800 0.000000 0.000000 0.000000 1.000000
0.997668 0.063501 0.025007 0.024400 -0.059697 0.989560 -0.131175 15.862300 -0.033075 0.129376 0.991044 -1.675800 0.000000 0.000000 0.000000 1.000000
0.997456 0.066505 0.025673 0.024400 -0.062590 0.989380 -0.131187 15.862300 -0.034125 0.129247 0.991025 -1.675800 0.000000 0.000000 0.000000 1.000000
0.997351 0.067904 0.026066 0.024400 -0.063878 0.989110 -0.132591 15.862300 -0.034786 0.130575 0.990828 -1.675800 0.000000 0.000000 0.000000 1.000000
0.997152 0.070771 0.026049 0.024400 -0.066661 0.988693 -0.134325 15.862300 -0.035260 0.132206 0.990595 -1.675800 0.000000 0.000000 0.000000 1.000000
0.996922 0.074067 0.025704 0.024400 -0.069908 0.988211 -0.136203 15.862300 -0.035489 0.133987 0.990347 -1.675800 0.000000 0.000000 0.000000 1.000000
0.996727 0.076933 0.024831 0.024400 -0.072798 0.987734 -0.138137 15.862300 -0.035153 0.135877 0.990102 -1.675800 0.000000 0.000000 0.000000 1.000000
0.996643 0.078507 0.023227 0.024400 -0.074510 0.987338 -0.140041 15.862300 -0.033927 0.137841 0.989873 -1.675800 0.000000 0.000000 0.000000 1.000000
0.996915 0.075910 0.019934 0.024400 -0.072334 0.987229 -0.141941 15.862300 -0.030454 0.140061 0.989674 -1.675800 0.000000 0.000000 0.000000 1.000000
0.997738 0.065237 0.016243 0.024400 -0.062226 0.987589 -0.144210 15.862300 -0.025449 0.142873 0.989414 -1.675800 0.000000 0.000000 0.000000 1.000000
0.997849 0.063969 0.014344 0.024400 -0.061285 0.987910 -0.142404 15.862300 -0.023280 0.141219 0.989705 -1.675800 0.000000 0.000000 0.000000 1.000000
0.997779 0.064975 0.014684 0.024400 -0.062189 0.987586 -0.144242 15.862300 -0.023874 0.143009 0.989433 -1.675800 0.000000 0.000000 0.000000 1.000000
0.997767 0.064346 0.017880 0.024400 -0.061030 0.987234 -0.147117 15.862300 -0.027118 0.145697 0.988957 -1.675800 0.000000 0.000000 0.000000 1.000000
0.997661 0.065339 0.020066 0.024400 -0.061557 0.986506 -0.151714 15.862300 -0.029708 0.150124 0.988221 -1.675800 0.000000 0.000000 0.000000 1.000000
0.997683 0.064975 0.020175 0.024400 -0.061205 0.986655 -0.150883 15.862300 -0.029709 0.149298 0.988346 -1.675800 0.000000 0.000000 0.000000 1.000000
0.997691 0.065360 0.018444 0.024400 -0.061866 0.986723 -0.150170 15.862300 -0.028014 0.148682 0.988488 -1.675800 0.000000 0.000000 0.000000 1.000000</float_array><technique_common><accessor source="#Neck-Matrix-animation-output-transform-array" count="39" stride="16"><param type="float4x4"/></accessor></technique_common></source><source id="Neck-Interpolations"><Name_array id="Neck-Interpolations-array" count="39">
 LINEAR LINEAR LINEAR LINEAR LINEAR LINEAR LINEAR LINEAR LINEAR LINEAR LINEAR
LINEAR LINEAR LINEAR LINEAR LINEAR LINEAR LINEAR LINEAR LINEAR LINEAR LINEAR LINEAR
LINEAR LINEAR LINEAR LINEAR LINEAR LINEAR LINEAR LINEAR LINEAR LINEAR LINEAR LINEAR
LINEAR LINEAR LINEAR LINEAR</Name_array><technique_common><accessor source="#Neck-Interpolations-array" count="39"><param type="name"/></accessor></technique_common></source><sampler id="Neck-Matrix-animation-transform"><input semantic="INPUT" source="#Neck-Matrix-animation-input"/><input semantic="OUTPUT" source="#Neck-Matrix-animation-output-transform"/><input semantic="INTERPOLATION" source="#Neck-Interpolations"/></sampler><channel source="#Neck-Matrix-animation-transform" target="Neck/matrix"/></animation>
    <animation id="Head-anim" name="Head"><source id="Head-Matrix-animation-input"><float_array id="Head-Matrix-animation-input-array" count="39">

0.000000 0.033333 0.066667 0.100000 0.133333 0.166667 0.200000 0.233333 0.266667 0.300000 0.333333 0.366667 0.400000 0.433333 0.466667 0.500000
0.533333 0.566667 0.600000 0.633333 0.666667 0.700000 0.733333 0.766667 0.800000 0.833333 0.866667 0.900000 0.933333 0.966667 1.000000 1.033333
1.066667 1.100000 1.133333 1.166667 1.200000 1.233333 1.266667</float_array><technique_common><accessor source="#Head-Matrix-animation-input-array" count="39"><param name="TIME" type="float"/></accessor></technique_common></source><source id="Head-Matrix-animation-output-transform"><float_array id="Head-Matrix-animation-output-transform-array" count="624">

0.979181 -0.053729 0.195749 0.000000 -0.007193 0.954544 0.297982 5.564000 -0.202861 -0.293186 0.934285 0.988100 0.000000 0.000000 0.000000 1.000000
0.980968 -0.055178 0.186163 -0.000000 -0.002636 0.954898 0.296921 5.564000 -0.194151 -0.291761 0.936579 0.988100 0.000000 0.000000 0.000000 1.000000
