<?xml version="1.0" encoding="utf-8"?>
<COLLADA xmlns="http://www.collada.org/2005/11/COLLADASchema" version="1.4.1">
  <asset><contributor><author>Mixamo</author><authoring_tool>COLLADA Mixamo exporter</authoring_tool><comments></comments></contributor><created>2018-10-27T22:42:02Z</created><modified>2018-10-27T22:42:02Z</modified><revision></revision><title></title><unit meter="0.010000"/><up_axis>Y_UP</up_axis></asset>
  <library_animations>
    <animation id="Hips-anim" name="Hips"><source id="Hips-Matrix-animation-input"><float_array id="Hips-Matrix-animation-input-array" count="29">

0.000000 0.033333 0.066667 0.100000 0.133333 0.166667 0.200000 0.233333 0.266667 0.300000 0.333333 0.366667 0.400000 0.433333 0.466667 0.500000
0.533333 0.566667 0.600000 0.633333 0.666667 0.700000 0.733333 0.766667 0.800000 0.833333 0.866667 0.900000 0.933333</float_array><technique_common><accessor source="#Hips-Matrix-animation-input-array" count="29"><param name="TIME" type="float"/></accessor></technique_common></source><source id="Hips-Matrix-animation-output-transform"><float_array id="Hips-Matrix-animation-output-transform-array" count="464">

0.582127 -0.121429 -0.803979 0.000073 -0.014041 0.987137 -0.159259 80.553772 0.812976 0.103998 0.572935 0.000041 0.000000 0.000000 0.000000 1.000000
0.536308 -0.128433 -0.834193 1.739338 -0.019866 0.986160 -0.164601 81.179459 0.843788 0.104849 0.526334 3.012384 0.000000 0.000000 0.000000 1.000000
0.489301 -0.135351 -0.861548 3.470246 -0.025896 0.985193 -0.169483 81.802109 0.871730 0.105239 0.478551 6.038984 0.000000 0.000000 0.000000 1.000000
0.447471 -0.141637 -0.883011 5.211188 -0.030561 0.984380 -0.173384 82.319756 0.893776 0.104570 0.436153 8.926579 0.000000 0.000000 0.000000 1.000000
0.407435 -0.147205 -0.901292 6.960531 -0.032652 0.983944 -0.175465 82.787643 0.912650 0.100919 0.396087 11.439302 0.000000 0.000000 0.000000 1.000000
0.362540 -0.153117 -0.919304 8.673207 -0.035856 0.983389 -0.177931 83.354164 0.931278 0.097470 0.351028 13.589025 0.000000 0.000000 0.000000 1.000000
0.311494 -0.159639 -0.936743 10.486624 -0.036711 0.983030 -0.179734 83.764557 0.949539 0.090375 0.300347 15.194839 0.000000 0.000000 0.000000 1.000000
0.255040 -0.165894 -0.952593 12.603853 -0.035735 0.982882 -0.180737 83.669495 0.966270 0.080136 0.244746 16.030054 0.000000 0.000000 0.000000 1.000000
0.195693 -0.171429 -0.965565 15.038110 -0.034232 0.982808 -0.181428 83.207649 0.980068 0.068557 0.186461 16.016506 0.000000 0.000000 0.000000 1.000000
0.134261 -0.175928 -0.975204 17.617067 -0.032919 0.982779 -0.181827 82.602524 0.990399 0.056515 0.126158 15.405250 0.000000 0.000000 0.000000 1.000000
0.070348 -0.179101 -0.981312 20.171074 -0.032144 0.982832 -0.181682 82.011398 0.997004 0.044324 0.063383 14.474562 0.000000 0.000000 0.000000 1.000000
0.004181 -0.181030 -0.983469 22.544645 -0.031525 0.982965 -0.181071 81.478539 0.999494 0.031761 -0.001597 13.541753 0.000000 0.000000 0.000000 1.000000
-0.062811 -0.181899 -0.981309 24.607292 -0.030959 0.983133 -0.180255 81.123184 0.997545 0.019058 -0.067383 12.492014 0.000000 0.000000 0.000000 1.000000
-0.130133 -0.181718 -0.974702 26.365831 -0.030405 0.983330 -0.179267 81.012451 0.991030 0.006307 -0.133489 11.399088 0.000000 0.000000 0.000000 1.000000
-0.197342 -0.180457 -0.963583 27.518305 -0.029842 0.983562 -0.178087 81.289192 0.979880 -0.006388 -0.199484 10.367227 0.000000 0.000000 0.000000 1.000000
-0.263818 -0.178214 -0.947966 28.341623 -0.029227 0.983809 -0.176818 81.700760 0.964130 -0.018941 -0.264755 9.290768 0.000000 0.000000 0.000000 1.000000
-0.329217 -0.174918 -0.927912 28.477015 -0.028568 0.984088 -0.175372 82.232780 0.943822 -0.031226 -0.328975 7.965796 0.000000 0.000000 0.000000 1.000000
-0.392993 -0.170641 -0.903569 27.849979 -0.027839 0.984388 -0.173796 82.758896 0.919120 -0.043146 -0.391609 6.452729 0.000000 0.000000 0.000000 1.000000
-0.454643 -0.165479 -0.875167 26.453245 -0.027021 0.984700 -0.172152 83.196449 0.890264 -0.054620 -0.452158 5.012726 0.000000 0.000000 0.000000 1.000000
-0.513703 -0.159507 -0.843011 24.645727 -0.026105 0.985017 -0.170469 83.417503 0.857571 -0.065563 -0.510170 3.853703 0.000000 0.000000 0.000000 1.000000
-0.570017 -0.152812 -0.807297 22.771502 -0.025085 0.985331 -0.168799 83.449417 0.821250 -0.075968 -0.565489 2.863431 0.000000 0.000000 0.000000 1.000000
-0.623143 -0.145488 -0.768457 20.018723 -0.023964 0.985636 -0.167172 83.245064 0.781741 -0.085757 -0.617679 2.039910 0.000000 0.000000 0.000000 1.000000
-0.672957 -0.137597 -0.726771 16.600008 -0.022745 0.985930 -0.165601 82.842102 0.739332 -0.094912 -0.666618 1.366494 0.000000 0.000000 0.000000 1.000000
-0.727809 -0.127577 -0.673808 12.987922 -0.021173 0.986256 -0.163865 82.302063 0.685453 -0.104995 -0.720507 0.776951 0.000000 0.000000 0.000000 1.000000
-0.782449 -0.115892 -0.611835 9.437718 -0.019316 0.986573 -0.162173 81.728127 0.622415 -0.115074 -0.774182 0.332645 0.000000 0.000000 0.000000 1.000000
-0.818638 -0.106999 -0.564254 6.585724 -0.017886 0.986765 -0.161169 81.370293 0.574031 -0.121847 -0.809717 0.155493 0.000000 0.000000 0.000000 1.000000
-0.847666 -0.098985 -0.521214 4.281782 -0.016597 0.986907 -0.160432 81.083801 0.530270 -0.127342 -0.838211 0.080582 0.000000 0.000000 0.000000 1.000000
-0.873060 -0.091133 -0.479021 2.160688 -0.015341 0.987027 -0.159820 80.821671 0.487372 -0.132184 -0.863132 0.042360 0.000000 0.000000 0.000000 1.000000
-0.896515 -0.082961 -0.435176 -0.000060 -0.014041 0.987137 -0.159259 80.553780 0.442791 -0.136667 -0.886148 0.000065 0.000000 0.000000 0.000000 1.000000</float_array><technique_common><accessor source="#Hips-Matrix-animation-output-transform-array" count="29" stride="16"><param type="float4x4"/></accessor></technique_common></source><source id="Hips-Interpolations"><Name_array id="Hips-Interpolations-array" count="29">
 LINEAR LINEAR LINEAR LINEAR LINEAR LINEAR LINEAR LINEAR LINEAR LINEAR LINEAR
LINEAR LINEAR LINEAR LINEAR LINEAR LINEAR LINEAR LINEAR LINEAR LINEAR LINEAR LINEAR
LINEAR LINEAR LINEAR LINEAR LINEAR LINEAR</Name_array><technique_common><accessor source="#Hips-Interpolations-array" count="29"><param type="name"/></accessor></technique_common></source><sampler id="Hips-Matrix-animation-transform"><input semantic="INPUT" source="#Hips-Matrix-animation-input"/><input semantic="OUTPUT" source="#Hips-Matrix-animation-output-transform"/><input semantic="INTERPOLATION" source="#Hips-Interpolations"/></sampler><channel source="#Hips-Matrix-animation-transform" target="Hips/matrix"/></animation>
    <animation id="Spine-anim" name="Spine"><source id="Spine-Matrix-animation-input"><float_array id="Spine-Matrix-animation-input-array" count="29">

0.000000 0.033333 0.066667 0.100000 0.133333 0.166667 0.200000 0.233333 0.266667 0.300000 0.333333 0.366667 0.400000 0.433333 0.466667 0.500000
0.533333 0.566667 0.600000 0.633333 0.666667 0.700000 0.733333 0.766667 0.800000 0.833333 0.866667 0.900000 0.933333</float_array><technique_common><accessor source="#Spine-Matrix-animation-input-array" count="29"><param name="TIME" type="float"/></accessor></technique_common></source><source id="Spine-Matrix-animation-output-transform"><float_array id="Spine-Matrix-animation-output-transform-array" count="464">

0.996569 0.054883 0.061948 0.017300 -0.046550 0.990584 -0.128751 10.574800 -0.068431 0.125426 0.989740 -1.117200 0.000000 0.000000 0.000000 1.000000
0.997112 0.040281 0.064390 0.017300 -0.032023 0.991702 -0.124506 10.574800 -0.068871 0.122084 0.990127 -1.117200 0.000000 0.000000 0.000000 1.000000
0.997468 0.025507 0.066381 0.017300 -0.017378 0.992589 -0.120272 10.574800 -0.068956 0.118814 0.990519 -1.117200 0.000000 0.000000 0.000000 1.000000
0.998008 0.012200 0.061895 0.017300 -0.004638 0.992657 -0.120875 10.574800 -0.062916 0.120347 0.990736 -1.117200 0.000000 0.000000 0.000000 1.000000
0.998172 0.004799 0.060255 0.017300 0.002768 0.992169 -0.124876 10.574800 -0.060382 0.124814 0.990341 -1.117200 0.000000 0.000000 0.000000 1.000000
0.997943 0.001571 0.064094 0.017300 0.006200 0.992650 -0.120864 10.574800 -0.063813 0.121013 0.990598 -1.117200 0.000000 0.000000 0.000000 1.000000
0.997625 0.001912 0.068848 0.017300 0.006265 0.992951 -0.118358 10.574800 -0.068589 0.118508 0.990581 -1.117200 0.000000 0.000000 0.000000 1.000000
0.997258 0.004652 0.073864 0.017300 0.004132 0.992967 -0.118317 10.574800 -0.073895 0.118298 0.990225 -1.117200 0.000000 0.000000 0.000000 1.000000
0.996912 0.009372 0.077963 0.017300 0.000029 0.992808 -0.119719 10.574800 -0.078524 0.119351 0.989742 -1.117200 0.000000 0.000000 0.000000 1.000000
0.996698 0.016799 0.079447 0.017300 -0.006992 0.992489 -0.122136 10.574800 -0.080902 0.121177 0.989329 -1.117200 0.000000 0.000000 0.000000 1.000000
0.996652 0.027766 0.076896 0.017300 -0.018017 0.992031 -0.124695 10.574800 -0.079745 0.122893 0.989211 -1.117200 0.000000 0.000000 0.000000 1.000000
0.996672 0.041911 0.069922 0.017300 -0.032718 0.991260 -0.127798 10.574800 -0.074667 0.125085 0.989332 -1.117200 0.000000 0.000000 0.000000 1.000000
0.996681 0.058679 0.056420 0.017300 -0.050764 0.989853 -0.132721 10.574800 -0.063635 0.129416 0.989546 -1.117200 0.000000 0.000000 0.000000 1.000000
0.996288 0.076096 0.040256 0.017300 -0.069832 0.987824 -0.139020 10.574800 -0.050344 0.135693 0.989471 -1.117200 0.000000 0.000000 0.000000 1.000000
0.995434 0.092548 0.023350 0.017300 -0.088165 0.985270 -0.146529 10.574800 -0.036567 0.143801 0.988931 -1.117200 0.000000 0.000000 0.000000 1.000000
0.994865 0.100871 0.008334 0.017300 -0.098359 0.982933 -0.155463 10.574800 -0.023874 0.153845 0.987807 -1.117200 0.000000 0.000000 0.000000 1.000000
0.994587 0.103687 -0.006746 0.017300 -0.103397 0.981208 -0.162912 10.574800 -0.010273 0.162728 0.986617 -1.117200 0.000000 0.000000 0.000000 1.000000
0.994230 0.105727 -0.018103 0.017300 -0.107265 0.980315 -0.165762 10.574800 0.000222 0.166748 0.986000 -1.117200 0.000000 0.000000 0.000000 1.000000
0.994031 0.107874 -0.016281 0.017300 -0.109076 0.979936 -0.166815 10.574800 -0.002040 0.167596 0.985854 -1.117200 0.000000 0.000000 0.000000 1.000000
0.994073 0.108426 -0.007882 0.017300 -0.108232 0.980281 -0.165332 10.574800 -0.010199 0.165205 0.986207 -1.117200 0.000000 0.000000 0.000000 1.000000
0.994185 0.107591 0.004544 0.017300 -0.105456 0.981263 -0.161252 10.574800 -0.021808 0.159835 0.986903 -1.117200 0.000000 0.000000 0.000000 1.000000
0.994219 0.105741 0.018615 0.017300 -0.101587 0.982570 -0.155682 10.574800 -0.034753 0.152891 0.987632 -1.117200 0.000000 0.000000 0.000000 1.000000
0.994176 0.102689 0.032682 0.017300 -0.096729 0.984032 -0.149416 10.574800 -0.047504 0.145385 0.988234 -1.117200 0.000000 0.000000 0.000000 1.000000
0.994136 0.098288 0.045093 0.017300 -0.090935 0.985497 -0.143272 10.574800 -0.058521 0.138332 0.988655 -1.117200 0.000000 0.000000 0.000000 1.000000
0.994245 0.092410 0.054200 0.017300 -0.084193 0.986834 -0.138095 10.574800 -0.066248 0.132737 0.988935 -1.117200 0.000000 0.000000 0.000000 1.000000
0.994678 0.084471 0.058996 0.017300 -0.075930 0.988008 -0.134439 10.574800 -0.069645 0.129244 0.989164 -1.117200 0.000000 0.000000 0.000000 1.000000
0.995350 0.074805 0.060682 0.017300 -0.066283 0.989031 -0.131999 10.574800 -0.069890 0.127363 0.989391 -1.117200 0.000000 0.000000 0.000000 1.000000
0.996022 0.064720 0.061250 0.017300 -0.056310 0.989878 -0.130275 10.574800 -0.069061 0.126308 0.989584 -1.117200 0.000000 0.000000 0.000000 1.000000
0.996569 0.054883 0.061948 0.017300 -0.046550 0.990584 -0.128751 10.574800 -0.068431 0.125426 0.989740 -1.117200 0.000000 0.000000 0.000000 1.000000</float_array><technique_common><accessor source="#Spine-Matrix-animation-output-transform-array" count="29" stride="16"><param type="float4x4"/></accessor></technique_common></source><source id="Spine-Interpolations"><Name_array id="Spine-Interpolations-array" count="29">
 LINEAR LINEAR LINEAR LINEAR LINEAR LINEAR LINEAR LINEAR LINEAR LINEAR LINEAR
LINEAR LINEAR LINEAR LINEAR LINEAR LINEAR LINEAR LINEAR LINEAR LINEAR LINEAR LINEAR
LINEAR LINEAR LINEAR LINEAR LINEAR LINEAR</Name_array><technique_common><accessor source="#Spine-Interpolations-array" count="29"><param type="name"/></accessor></technique_common></source><sampler id="Spine-Matrix-animation-transform"><input semantic="INPUT" source="#Spine-Matrix-animation-input"/><input semantic="OUTPUT" source="#Spine-Matrix-animation-output-transform"/><input semantic="INTERPOLATION" source="#Spine-Interpolations"/></sampler><channel source="#Spine-Matrix-animation-transform" target="Spine/matrix"/></animation>
    <animation id="Spine1-anim" name="Spine1"><source id="Spine1-Matrix-animation-input"><float_array id="Spine1-Matrix-animation-input-array" count="29">

0.000000 0.033333 0.066667 0.100000 0.133333 0.166667 0.200000 0.233333 0.266667 0.300000 0.333333 0.366667 0.400000 0.433333 0.466667 0.500000
0.533333 0.566667 0.600000 0.633333 0.666667 0.700000 0.733333 0.766667 0.800000 0.833333 0.866667 0.900000 0.933333</float_array><technique_common><accessor source="#Spine1-Matrix-animation-input-array" count="29"><param name="TIME" type="float"/></accessor></technique_common></source><source id="Spine1-Matrix-animation-output-transform"><float_array id="Spine1-Matrix-animation-output-transform-array" count="464">

0.998873 -0.040575 0.024623 0.019000 0.041098 0.998932 -0.021103 12.337300 -0.023741 0.022091 0.999474 -1.303400 0.000000 0.000000 0.000000 1.000000
0.998661 -0.045237 0.025113 0.019000 0.045749 0.998749 -0.020210 12.337300 -0.024167 0.021332 0.999480 -1.303400 0.000000 0.000000 0.000000 1.000000
0.998424 -0.050093 0.025317 0.019000 0.050581 0.998538 -0.019052 12.337300 -0.024326 0.020303 0.999498 -1.303400 0.000000 0.000000 0.000000 1.000000
0.998269 -0.053842 0.023670 0.019000 0.054278 0.998361 -0.018152 12.337300 -0.022653 0.019406 0.999555 -1.303400 0.000000 0.000000 0.000000 1.000000
0.998133 -0.056596 0.022961 0.019000 0.057005 0.998219 -0.017581 12.337300 -0.021926 0.018857 0.999582 -1.303400 0.000000 0.000000 0.000000 1.000000
0.997965 -0.059061 0.024037 0.019000 0.059456 0.998102 -0.016046 12.337300 -0.023044 0.017442 0.999582 -1.303400 0.000000 0.000000 0.000000 1.000000
0.997901 -0.059562 0.025427 0.019000 0.059958 0.998087 -0.015098 12.337300 -0.024479 0.016591 0.999563 -1.303400 0.000000 0.000000 0.000000 1.000000
0.997937 -0.058298 0.026872 0.019000 0.058710 0.998165 -0.014799 12.337300 -0.025960 0.016346 0.999529 -1.303400 0.000000 0.000000 0.000000 1.000000
0.998041 -0.055899 0.028089 0.019000 0.056349 0.998291 -0.015492 12.337300 -0.027175 0.017044 0.999485 -1.303400 0.000000 0.000000 0.000000 1.000000
0.998196 -0.052731 0.028701 0.019000 0.053252 0.998424 -0.017706 12.337300 -0.027722 0.019202 0.999431 -1.303400 0.000000 0.000000 0.000000 1.000000
0.998379 -0.049297 0.028432 0.019000 0.049917 0.998522 -0.021516 12.337300 -0.027330 0.022900 0.999364 -1.303400 0.000000 0.000000 0.000000 1.000000
0.998604 -0.045323 0.027126 0.019000 0.046039 0.998591 -0.026405 12.337300 -0.025891 0.027617 0.999283 -1.303400 0.000000 0.000000 0.000000 1.000000
0.998904 -0.040148 0.024081 0.019000 0.040902 0.998661 -0.031680 12.337300 -0.022777 0.032630 0.999208 -1.303400 0.000000 0.000000 0.000000 1.000000
0.999198 -0.034496 0.020309 0.019000 0.035232 0.998692 -0.037056 12.337300 -0.019004 0.037742 0.999107 -1.303400 0.000000 0.000000 0.000000 1.000000
0.999449 -0.028916 0.016288 0.019000 0.029582 0.998669 -0.042260 12.337300 -0.015044 0.042719 0.998974 -1.303400 0.000000 0.000000 0.000000 1.000000
0.999615 -0.024819 0.012445 0.019000 0.025376 0.998579 -0.046872 12.337300 -0.011264 0.047170 0.998823 -1.303400 0.000000 0.000000 0.000000 1.000000
0.999724 -0.021961 0.008358 0.019000 0.022354 0.998489 -0.050190 12.337300 -0.007243 0.050363 0.998705 -1.303400 0.000000 0.000000 0.000000 1.000000
0.999786 -0.019993 0.005298 0.019000 0.020241 0.998452 -0.051798 12.337300 -0.004255 0.051895 0.998644 -1.303400 0.000000 0.000000 0.000000 1.000000
0.999809 -0.018655 0.005815 0.019000 0.018935 0.998434 -0.052632 12.337300 -0.004824 0.052732 0.998597 -1.303400 0.000000 0.000000 0.000000 1.000000
0.999801 -0.018227 0.008049 0.019000 0.018623 0.998463 -0.052208 12.337300 -0.007085 0.052347 0.998604 -1.303400 0.000000 0.000000 0.000000 1.000000
0.999764 -0.018528 0.011318 0.019000 0.019078 0.998539 -0.050548 12.337300 -0.010365 0.050752 0.998657 -1.303400 0.000000 0.000000 0.000000 1.000000
0.999700 -0.019375 0.014999 0.019000 0.020074 0.998647 -0.047975 12.337300 -0.014049 0.048262 0.998736 -1.303400 0.000000 0.000000 0.000000 1.000000
0.999610 -0.020789 0.018644 0.019000 0.021606 0.998766 -0.044719 12.337300 -0.017691 0.045104 0.998826 -1.303400 0.000000 0.000000 0.000000 1.000000
0.999503 -0.022784 0.021806 0.019000 0.023664 0.998878 -0.041010 12.337300 -0.020847 0.041506 0.998921 -1.303400 0.000000 0.000000 0.000000 1.000000
0.999389 -0.025371 0.024036 0.019000 0.026251 0.998968 -0.037058 12.337300 -0.023071 0.037667 0.999024 -1.303400 0.000000 0.000000 0.000000 1.000000
0.999274 -0.028727 0.025043 0.019000 0.029539 0.999029 -0.032702 12.337300 -0.024079 0.033418 0.999151 -1.303400 0.000000 0.000000 0.000000 1.000000
0.999149 -0.032685 0.025156 0.019000 0.033395 0.999040 -0.028354 12.337300 -0.024205 0.029170 0.999281 -1.303400 0.000000 0.000000 0.000000 1.000000
0.999015 -0.036705 0.024953 0.019000 0.037315 0.999005 -0.024421 12.337300 -0.024032 0.025328 0.999390 -1.303400 0.000000 0.000000 0.000000 1.000000
0.998870 -0.040556 0.024793 0.019000 0.041077 0.998938 -0.020850 12.337300 -0.023921 0.021845 0.999475 -1.303400 0.000000 0.000000 0.000000 1.000000</float_array><technique_common><accessor source="#Spine1-Matrix-animation-output-transform-array" count="29" stride="16"><param type="float4x4"/></accessor></technique_common></source><source id="Spine1-Interpolations"><Name_array id="Spine1-Interpolations-array" count="29">
 LINEAR LINEAR LINEAR LINEAR LINEAR LINEAR LINEAR LINEAR LINEAR LINEAR LINEAR
LINEAR LINEAR LINEAR LINEAR LINEAR LINEAR LINEAR LINEAR LINEAR LINEAR LINEAR LINEAR
LINEAR LINEAR LINEAR LINEAR LINEAR LINEAR</Name_array><technique_common><accessor source="#Spine1-Interpolations-array" count="29"><param type="name"/></accessor></technique_common></source><sampler id="Spine1-Matrix-animation-transform"><input semantic="INPUT" source="#Spine1-Matrix-animation-input"/><input semantic="OUTPUT" source="#Spine1-Matrix-animation-output-transform"/><input semantic="INTERPOLATION" source="#Spine1-Interpolations"/></sampler><channel source="#Spine1-Matrix-animation-transform" target="Spine1/matrix"/></animation>
    <animation id="Spine2-anim" name="Spine2"><source id="Spine2-Matrix-animation-input"><float_array id="Spine2-Matrix-animation-input-array" count="29">

0.000000 0.033333 0.066667 0.100000 0.133333 0.166667 0.200000 0.233333 0.266667 0.300000 0.333333 0.366667 0.400000 0.433333 0.466667 0.500000
0.533333 0.566667 0.600000 0.633333 0.666667 0.700000 0.733333 0.766667 0.800000 0.833333 0.866667 0.900000 0.933333</float_array><technique_common><accessor source="#Spine2-Matrix-animation-input-array" count="29"><param name="TIME" type="float"/></accessor></technique_common></source><source id="Spine2-Matrix-animation-output-transform"><float_array id="Spine2-Matrix-animation-output-transform-array" count="464">

0.999575 -0.018316 0.022667 0.021700 0.018403 0.999824 -0.003651 14.099800 -0.022596 0.004067 0.999736 -1.489600 0.000000 0.000000 0.000000 1.000000
0.999473 -0.023006 0.022900 0.021700 0.023075 0.999730 -0.002761 14.099800 -0.022830 0.003288 0.999734 -1.489600 0.000000 0.000000 0.000000 1.000000
0.999346 -0.027871 0.023021 0.021700 0.027915 0.999609 -0.001598 14.099800 -0.022967 0.002239 0.999734 -1.489600 0.000000 0.000000 0.000000 1.000000
0.999273 -0.031607 0.021329 0.021700 0.031628 0.999499 -0.000672 14.099800 -0.021297 0.001346 0.999772 -1.489600 0.000000 0.000000 0.000000 1.000000
0.999197 -0.034357 0.020597 0.021700 0.034366 0.999409 -0.000085 14.099800 -0.020581 0.000793 0.999788 -1.489600 0.000000 0.000000 0.000000 1.000000
0.999087 -0.036833 0.021639 0.021700 0.036810 0.999321 0.001443 14.099800 -0.021678 -0.000645 0.999765 -1.489600 0.000000 0.000000 0.000000 1.000000
0.999037 -0.037345 0.023036 0.021700 0.037301 0.999301 0.002372 14.099800 -0.023109 -0.001510 0.999732 -1.489600 0.000000 0.000000 0.000000 1.000000
0.999048 -0.036093 0.024510 0.021700 0.036039 0.999347 0.002651 14.099800 -0.024589 -0.001765 0.999696 -1.489600 0.000000 0.000000 0.000000 1.000000
0.999100 -0.033705 0.025749 0.021700 0.033666 0.999431 0.001942 14.099800 -0.025800 -0.001073 0.999667 -1.489600 0.000000 0.000000 0.000000 1.000000
0.999186 -0.030542 0.026359 0.021700 0.030560 0.999533 -0.000284 14.099800 -0.026338 0.001089 0.999653 -1.489600 0.000000 0.000000 0.000000 1.000000
0.999293 -0.027105 0.026062 0.021700 0.027221 0.999621 -0.004097 14.099800 -0.025941 0.004804 0.999652 -1.489600 0.000000 0.000000 0.000000 1.000000
0.999427 -0.023116 0.024722 0.021700 0.023344 0.999687 -0.008983 14.099800 -0.024506 0.009555 0.999654 -1.489600 0.000000 0.000000 0.000000 1.000000
0.999605 -0.017901 0.021666 0.021700 0.018213 0.999732 -0.014257 14.099800 -0.021405 0.014646 0.999664 -1.489600 0.000000 0.000000 0.000000 1.000000
0.999765 -0.012201 0.017894 0.021700 0.012552 0.999728 -0.019638 14.099800 -0.017649 0.019858 0.999647 -1.489600 0.000000 0.000000 0.000000 1.000000
0.999882 -0.006572 0.013881 0.021700 0.006916 0.999667 -0.024853 14.099800 -0.013714 0.024946 0.999595 -1.489600 0.000000 0.000000 0.000000 1.000000
0.999947 -0.002440 0.010025 0.021700 0.002735 0.999561 -0.029489 14.099800 -0.009948 0.029515 0.999515 -1.489600 0.000000 0.000000 0.000000 1.000000
0.999982 0.000454 0.005924 0.021700 -0.000259 0.999460 -0.032844 14.099800 -0.005936 0.032842 0.999443 -1.489600 0.000000 0.000000 0.000000 1.000000
0.999993 0.002453 0.002871 0.021700 -0.002353 0.999402 -0.034492 14.099800 -0.002954 0.034485 0.999401 -1.489600 0.000000 0.000000 0.000000 1.000000
0.999987 0.003777 0.003418 0.021700 -0.003654 0.999369 -0.035337 14.099800 -0.003549 0.035324 0.999370 -1.489600 0.000000 0.000000 0.000000 1.000000
0.999975 0.004176 0.005684 0.021700 -0.003975 0.999383 -0.034904 14.099800 -0.005827 0.034881 0.999375 -1.489600 0.000000 0.000000 0.000000 1.000000
0.999952 0.003841 0.008992 0.021700 -0.003541 0.999442 -0.033223 14.099800 -0.009114 0.033190 0.999408 -1.489600 0.000000 0.000000 0.000000 1.000000
0.999915 0.002960 0.012718 0.021700 -0.002570 0.999528 -0.030624 14.099800 -0.012802 0.030588 0.999450 -1.489600 0.000000 0.000000 0.000000 1.000000
0.999864 0.001514 0.016411 0.021700 -0.001065 0.999626 -0.027338 14.099800 -0.016446 0.027317 0.999492 -1.489600 0.000000 0.000000 0.000000 1.000000
0.999807 -0.000508 0.019621 0.021700 0.000971 0.999721 -0.023601 14.099800 -0.019604 0.023616 0.999529 -1.489600 0.000000 0.000000 0.000000 1.000000
0.999755 -0.003115 0.021895 0.021700 0.003543 0.999803 -0.019528 14.099800 -0.021829 0.019601 0.999570 -1.489600 0.000000 0.000000 0.000000 1.000000
0.999716 -0.006481 0.022927 0.021700 0.006831 0.999861 -0.015216 14.099800 -0.022826 0.015368 0.999621 -1.489600 0.000000 0.000000 0.000000 1.000000
0.999680 -0.010442 0.023047 0.021700 0.010696 0.999883 -0.010930 14.099800 -0.022930 0.011173 0.999675 -1.489600 0.000000 0.000000 0.000000 1.000000
0.999635 -0.014462 0.022838 0.021700 0.014626 0.999869 -0.007001 14.099800 -0.022734 0.007332 0.999715 -1.489600 0.000000 0.000000 0.000000 1.000000
0.999575 -0.018316 0.022667 0.021700 0.018398 0.999825 -0.003429 14.099800 -0.022601 0.003845 0.999737 -1.489600 0.000000 0.000000 0.000000 1.000000</float_array><technique_common><accessor source="#Spine2-Matrix-animation-output-transform-array" count="29" stride="16"><param type="float4x4"/></accessor></technique_common></source><source id="Spine2-Interpolations"><Name_array id="Spine2-Interpolations-array" count="29">
 LINEAR LINEAR LINEAR LINEAR LINEAR LINEAR LINEAR LINEAR LINEAR LINEAR LINEAR
LINEAR LINEAR LINEAR LINEAR LINEAR LINEAR LINEAR LINEAR LINEAR LINEAR LINEAR LINEAR
LINEAR LINEAR LINEAR LINEAR LINEAR LINEAR</Name_array><technique_common><accessor source="#Spine2-Interpolations-array" count="29"><param type="name"/></accessor></technique_common></source><sampler id="Spine2-Matrix-animation-transform"><input semantic="INPUT" source="#Spine2-Matrix-animation-input"/><input semantic="OUTPUT" source="#Spine2-Matrix-animation-output-transform"/><input semantic="INTERPOLATION" source="#Spine2-Interpolations"/></sampler><channel source="#Spine2-Matrix-animation-transform" target="Spine2/matrix"/></animation>
    <animation id="Neck-anim" name="Neck"><source id="Neck-Matrix-animation-input"><float_array id="Neck-Matrix-animation-input-array" count="29">

0.000000 0.033333 0.066667 0.100000 0.133333 0.166667 0.200000 0.233333 0.266667 0.300000 0.333333 0.366667 0.400000 0.433333 0.466667 0.500000
0.533333 0.566667 0.600000 0.633333 0.666667 0.700000 0.733333 0.766667 0.800000 0.833333 0.866667 0.900000 0.933333</float_array><technique_common><accessor source="#Neck-Matrix-animation-input-array" count="29"><param name="TIME" type="float"/></accessor></technique_common></source><source id="Neck-Matrix-animation-output-transform"><float_array id="Neck-Matrix-animation-output-transform-array" count="464">

0.985070 0.027001 0.170026 0.024400 -0.032879 0.998952 0.031849 15.862300 -0.168988 -0.036964 0.984925 -1.675800 0.000000 0.000000 0.000000 1.000000
0.992967 0.026393 0.115414 0.024400 -0.031163 0.998725 0.039719 15.862300 -0.114219 -0.043036 0.992523 -1.675800 0.000000 0.000000 0.000000 1.000000
0.998289 0.025773 0.052489 0.024400 -0.028298 0.998449 0.047939 15.862300 -0.051172 -0.049343 0.997470 -1.675800 0.000000 0.000000 0.000000 1.000000
0.999601 0.025170 -0.012811 0.024400 -0.024423 0.998161 0.055478 15.862300 0.014184 -0.055143 0.998378 -1.675800 0.000000 0.000000 0.000000 1.000000
0.996924 0.024594 -0.074410 0.024400 -0.020019 0.997899 0.061626 15.862300 0.075770 -0.059947 0.995322 -1.675800 0.000000 0.000000 0.000000 1.000000
0.991697 0.024071 -0.126327 0.024400 -0.015802 0.997691 0.066052 15.862300 0.127625 -0.063507 0.989787 -1.675800 0.000000 0.000000 0.000000 1.000000
0.986372 0.023667 -0.162820 0.024400 -0.012589 0.997556 0.068733 15.862300 0.164049 -0.065746 0.984259 -1.675800 0.000000 0.000000 0.000000 1.000000
0.983686 0.023483 -0.178355 0.024400 -0.011164 0.997501 0.069764 15.862300 0.179547 -0.066635 0.981490 -1.675800 0.000000 0.000000 0.000000 1.000000
0.984013 0.021582 -0.176783 0.024400 -0.009248 0.997483 0.070301 15.862300 0.177855 -0.067542 0.981736 -1.675800 0.000000 0.000000 0.000000 1.000000
0.985457 0.015933 -0.169176 0.024400 -0.003792 0.997408 0.071849 15.862300 0.169883 -0.070163 0.982963 -1.675800 0.000000 0.000000 0.000000 1.000000
0.987542 0.007641 -0.157170 0.024400 0.004125 0.997220 0.074398 15.862300 0.157302 -0.074120 0.984765 -1.675800 0.000000 0.000000 0.000000 1.000000
0.989899 -0.002008 -0.141758 0.024400 0.013167 0.996880 0.077826 15.862300 0.141160 -0.078907 0.986837 -1.675800 0.000000 0.000000 0.000000 1.000000
0.992219 -0.011723 -0.123951 0.024400 0.022007 0.996395 0.081928 15.862300 0.122544 -0.084018 0.988900 -1.675800 0.000000 0.000000 0.000000 1.000000
0.994291 -0.020215 -0.104771 0.024400 0.029348 0.995830 0.086378 15.862300 0.102588 -0.088959 0.990738 -1.675800 0.000000 0.000000 0.000000 1.000000
0.996015 -0.026191 -0.085255 0.024400 0.033937 0.995298 0.090717 15.862300 0.082478 -0.093249 0.992221 -1.675800 0.000000 0.000000 0.000000 1.000000
0.997387 -0.028358 -0.066439 0.024400 0.034574 0.994936 0.094374 15.862300 0.063426 -0.096424 0.993317 -1.675800 0.000000 0.000000 0.000000 1.000000
0.998588 -0.024329 -0.047216 0.024400 0.028836 0.994842 0.097247 15.862300 0.044606 -0.098471 0.994140 -1.675800 0.000000 0.000000 0.000000 1.000000
0.999582 -0.013844 -0.025365 0.024400 0.016298 0.994928 0.099257 15.862300 0.023862 -0.099629 0.994739 -1.675800 0.000000 0.000000 0.000000 1.000000
0.999988 -0.002411 -0.004246 0.024400 0.002819 0.995079 0.099042 15.862300 0.003986 -0.099053 0.995074 -1.675800 0.000000 0.000000 0.000000 1.000000
0.999655 0.004897 0.025791 0.024400 -0.007328 0.995450 0.094998 15.862300 -0.025209 -0.095154 0.995143 -1.675800 0.000000 0.000000 0.000000 1.000000
0.998669 0.012604 0.050016 0.024400 -0.017035 0.995869 0.089194 15.862300 -0.048685 -0.089927 0.994758 -1.675800 0.000000 0.000000 0.000000 1.000000
0.997731 0.021321 0.063855 0.024400 -0.026592 0.996207 0.082857 15.862300 -0.061846 -0.084367 0.994514 -1.675800 0.000000 0.000000 0.000000 1.000000
0.996985 0.029984 0.071572 0.024400 -0.035442 0.996459 0.076248 15.862300 -0.069033 -0.078555 0.994517 -1.675800 0.000000 0.000000 0.000000 1.000000
0.996292 0.037527 0.077422 0.024400 -0.042938 0.996661 0.069451 15.862300 -0.074557 -0.072517 0.994577 -1.675800 0.000000 0.000000 0.000000 1.000000
0.995402 0.042890 0.085645 0.024400 -0.048323 0.996881 0.062403 15.862300 -0.082702 -0.066254 0.994370 -1.675800 0.000000 0.000000 0.000000 1.000000
0.993932 0.044972 0.100384 0.024400 -0.050672 0.997201 0.054976 15.862300 -0.097631 -0.059729 0.993429 -1.675800 0.000000 0.000000 0.000000 1.000000
0.991676 0.041643 0.121836 0.024400 -0.047692 0.997748 0.047162 15.862300 -0.119598 -0.052580 0.991429 -1.675800 0.000000 0.000000 0.000000 1.000000
0.988714 0.034629 0.145757 0.024400 -0.040772 0.998393 0.039370 15.862300 -0.144159 -0.044868 0.988537 -1.675800 0.000000 0.000000 0.000000 1.000000
0.985070 0.027001 0.170026 0.024400 -0.032879 0.998952 0.031849 15.862300 -0.168988 -0.036964 0.984925 -1.675800 0.000000 0.000000 0.000000 1.000000</float_array><technique_common><accessor source="#Neck-Matrix-animation-output-transform-array" count="29" stride="16"><param type="float4x4"/></accessor></technique_common></source><source id="Neck-Interpolations"><Name_array id="Neck-Interpolations-array" count="29">
 LINEAR LINEAR LINEAR LINEAR LINEAR LINEAR LINEAR LINEAR LINEAR LINEAR LINEAR
LINEAR LINEAR LINEAR LINEAR LINEAR LINEAR LINEAR LINEAR LINEAR LINEAR LINEAR LINEAR
LINEAR LINEAR LINEAR LINEAR LINEAR LINEAR</Name_array><technique_common><accessor source="#Neck-Interpolations-array" count="29"><param type="name"/></accessor></technique_common></source><sampler id="Neck-Matrix-animation-transform"><input semantic="INPUT" source="#Neck-Matrix-animation-input"/><input semantic="OUTPUT" source="#Neck-Matrix-animation-output-transform"/><input semantic="INTERPOLATION" source="#Neck-Interpolations"/></sampler><channel source="#Neck-Matrix-animation-transform" target="Neck/matrix"/></animation>
    <animation id="Head-anim" name="Head"><source id="Head-Matrix-animation-input"><float_array id="Head-Matrix-animation-input-array" count="29">

0.000000 0.033333 0.066667 0.100000 0.133333 0.166667 0.200000 0.233333 0.266667 0.300000 0.333333 0.366667 0.400000 0.433333 0.466667 0.500000
0.533333 0.566667 0.600000 0.633333 0.666667 0.700000 0.733333 0.766667 0.800000 0.833333 0.866667 0.900000 0.933333</float_array><technique_common><accessor source="#Head-Matrix-animation-input-array" count="29"><param name="TIME" type="float"/></accessor></technique_common></source><source id="Head-Matrix-animation-output-transform"><float_array id="Head-Matrix-animation-output-transform-array" count="464">

0.912383 0.079625 0.401518 0.000000 -0.112643 0.991866 0.059267 5.564000 -0.393533 -0.099303 0.913931 0.988100 0.000000 0.000000 0.000000 1.000000
0.934173 0.073660 0.349136 0.000000 -0.104996 0.991887 0.071668 5.564000 -0.341024 -0.103609 0.934328 0.988100 0.000000 0.000000 0.000000 1.000000
0.955366 0.066834 0.287765 0.000000 -0.094986 0.991844 0.084992 5.564000 -0.279738 -0.108532 0.953922 0.988100 0.000000 0.000000 0.000000 1.000000
0.972992 0.059774 0.222966 0.000000 -0.083309 0.991725 0.097682 5.564000 -0.215282 -0.113619 0.969920 0.988100 0.000000 0.000000 0.000000 1.000000
0.985554 0.053109 0.160818 0.000000 -0.071143 0.991543 0.108544 5.564000 -0.153693 -0.118417 0.980997 0.988100 0.000000 0.000000 0.000000 1.000000
0.993052 0.047468 0.107675 0.000000 -0.060053 0.991336 0.116821 5.564000 -0.101196 -0.122476 0.987299 0.988100 0.000000 0.000000 0.000000 1.000000
0.996606 0.043482 0.069899 0.000000 -0.051811 0.991160 0.122136 5.564000 -0.063970 -0.125343 0.990049 0.988100 0.000000 0.000000 0.000000 1.000000
0.997682 0.041779 0.053714 -0.000000 -0.048193 0.991078 0.124268 5.564000 -0.048043 -0.126569 0.990794 0.988100 0.000000 0.000000 0.000000 1.000000
0.997696 0.038978 0.055520 0.000000 -0.045656 0.991157 0.124590 5.564000 -0.050173 -0.126838 0.990654 0.988100 0.000000 0.000000 0.000000 1.000000
0.997478 0.030823 0.063934 -0.000000 -0.038667 0.991363 0.125318 5.564000 -0.059519 -0.127474 0.990054 0.988100 0.000000 0.000000 0.000000 1.000000
0.996847 0.018703 0.077109 0.000000 -0.028404 0.991535 0.126693 5.564000 -0.074086 -0.128484 0.988940 0.988100 0.000000 0.000000 0.000000 1.000000
0.995578 0.004347 0.093838 -0.000000 -0.016471 0.991532 0.128814 5.564000 -0.092483 -0.129790 0.987219 0.988100 0.000000 0.000000 0.000000 1.000000
0.993549 -0.010513 0.112912 0.000000 -0.004475 0.991284 0.131667 5.564000 -0.113312 -0.131323 0.984842 0.988100 0.000000 0.000000 0.000000 1.000000
0.990805 -0.024143 0.133125 0.000000 0.005996 0.990818 0.135068 5.564000 -0.135164 -0.133028 0.981852 0.988100 0.000000 0.000000 0.000000 1.000000
0.987567 -0.034814 0.153298 0.000000 0.013388 0.990253 0.138638 5.564000 -0.156630 -0.134862 0.978407 0.988100 0.000000 0.000000 0.000000 1.000000
0.984203 -0.040796 0.172278 0.000000 0.016202 0.989760 0.141822 5.564000 -0.176299 -0.136791 0.974786 0.988100 0.000000 0.000000 0.000000 1.000000
0.980825 -0.039850 0.190770 0.000000 0.012108 0.989440 0.144433 5.564000 -0.194512 -0.139354 0.970951 0.988100 0.000000 0.000000 0.000000 1.000000
0.976973 -0.032055 0.210943 0.000000 0.000858 0.989232 0.146351 5.564000 -0.213363 -0.142800 0.966480 0.988100 0.000000 0.000000 0.000000 1.000000
0.972759 -0.021655 0.230806 0.000000 -0.012693 0.989158 0.146304 5.564000 -0.231472 -0.145248 0.961937 0.988100 0.000000 0.000000 0.000000 1.000000
0.965603 -0.012260 0.259731 -0.000000 -0.026032 0.989311 0.143479 5.564000 -0.258714 -0.145305 0.954963 0.988100 0.000000 0.000000 0.000000 1.000000
0.958709 -0.001786 0.284384 0.000000 -0.039455 0.989474 0.139225 5.564000 -0.281639 -0.144697 0.948547 0.988100 0.000000 0.000000 0.000000 1.000000
0.953770 0.009936 0.300372 0.000000 -0.052526 0.989582 0.134050 5.564000 -0.295910 -0.143630 0.944356 0.988100 0.000000 0.000000 0.000000 1.000000
0.950124 0.022260 0.311078 0.000000 -0.065087 0.989639 0.127979 5.564000 -0.305006 -0.141843 0.941728 0.988100 0.000000 0.000000 0.000000 1.000000
0.946849 0.034540 0.319819 0.000000 -0.076937 0.989679 0.120894 5.564000 -0.312343 -0.139075 0.939734 0.988100 0.000000 0.000000 0.000000 1.000000
0.942899 0.046132 0.329867 0.000000 -0.087796 0.989761 0.112538 5.564000 -0.321298 -0.135073 0.937295 0.988100 0.000000 0.000000 0.000000 1.000000
0.937140 0.056392 0.344366 0.000000 -0.097239 0.989968 0.102507 5.564000 -0.335131 -0.129549 0.933223 0.988100 0.000000 0.000000 0.000000 1.000000
0.929592 0.064867 0.362838 -0.000000 -0.104101 0.990520 0.089624 5.564000 -0.353584 -0.121086 0.927532 0.988100 0.000000 0.000000 0.000000 1.000000
0.921247 0.072333 0.382193 0.000000 -0.108812 0.991253 0.074681 5.564000 -0.373449 -0.110387 0.921060 0.988100 0.000000 0.000000 0.000000 1.000000
0.912383 0.079625 0.401518 0.000000 -0.112643 0.991866 0.059267 5.564000 -0.393533 -0.099302 0.913932 0.988100 0.000000 0.000000 0.000000 1.000000</float_array><technique_common><accessor source="#Head-Matrix-animation-output-transform-array" count="29" stride="16"><param type="float4x4"/></accessor></technique_common></source><source id="Head-Interpolations"><Name_array id="Head-Interpolations-array" count="29">
 LINEAR LINEAR LINEAR LINEAR LINEAR LINEAR LINEAR LINEAR LINEAR LINEAR LINEAR
LINEAR LINEAR LINEAR LINEAR LINEAR LINEAR LINEAR LINEAR LINEAR LINEAR LINEAR LINEAR
LINEAR LINEAR LINEAR LINEAR LINEAR LINEAR</Name_array><technique_common><accessor source="#Head-Interpolations-array" count="29"><param type="name"/></accessor></technique_common></source><sampler id="Head-Matrix-animation-transform"><input semantic="INPUT" source="#Head-Matrix-animation-input"/><input semantic="OUTPUT" source="#Head-Matrix-animation-output-transform"/><input semantic="INTERPOLATION" source="#Head-Interpolations"/></sampler><channel source="#Head-Matrix-animation-transform" target="Head/matrix"/></animation>
    <animation id="LeftShoulder-anim" name="LeftShoulder"><source id="LeftShoulder-Matrix-animation-input"><float_array id="LeftShoulder-Matrix-animation-input-array" count="29">

0.000000 0.033333 0.066667 0.100000 0.133333 0.166667 0.200000 0.233333 0.266667 0.300000 0.333333 0.366667 0.400000 0.433333 0.466667 0.500000
0.533333 0.566667 0.600000 0.633333 0.666667 0.700000 0.733333 0.766667 0.800000 0.833333 0.866667 0.900000 0.933333</float_array><technique_common><accessor source="#LeftShoulder-Matrix-animation-input-array" count="29"><param name="TIME" type="float"/></accessor></technique_common></source><source id="LeftShoulder-Matrix-animation-output-transform"><float_array id="LeftShoulder-Matrix-animation-output-transform-array" count="464">

0.982539 0.070510 -0.172178 5.935000 -0.064273 0.997067 0.041541 13.670200 0.174602 -0.029749 0.984190 -1.662600 0.000000 0.000000 0.000000 1.000000
0.982306 0.070969 -0.173317 5.935000 -0.064695 0.997038 0.041592 13.670200 0.175756 -0.029643 0.983987 -1.662600 0.000000 0.000000 0.000000 1.000000
0.982105 0.071363 -0.174289 5.935000 -0.065057 0.997013 0.041638 13.670200 0.176740 -0.029554 0.983814 -1.662600 0.000000 0.000000 0.000000 1.000000
0.981485 0.072316 -0.177365 5.935000 -0.065911 0.996952 0.041750 13.670200 0.179844 -0.029286 0.983259 -1.662600 0.000000 0.000000 0.000000 1.000000
0.980834 0.073707 -0.180366 5.935000 -0.067207 0.996859 0.041894 13.670200 0.182887 -0.028969 0.982707 -1.662600 0.000000 0.000000 0.000000 1.000000
0.980221 0.076532 -0.182507 5.935000 -0.069972 0.996659 0.042130 13.670200 0.185122 -0.028527 0.982301 -1.662600 0.000000 0.000000 0.000000 1.000000
0.980360 0.078253 -0.181027 5.935000 -0.071748 0.996529 0.042220 13.670200 0.183703 -0.028403 0.982571 -1.662600 0.000000 0.000000 0.000000 1.000000
0.981986 0.076992 -0.172557 5.935000 -0.070763 0.996610 0.041971 13.670200 0.175204 -0.029005 0.984105 -1.662600 0.000000 0.000000 0.000000 1.000000
0.982715 0.077328 -0.168203 5.935000 -0.071245 0.996578 0.041911 13.670200 0.170868 -0.029203 0.984861 -1.662600 0.000000 0.000000 0.000000 1.000000
0.982235 0.079626 -0.169925 5.935000 -0.073494 0.996407 0.042090 13.670200 0.172666 -0.028854 0.984558 -1.662600 0.000000 0.000000 0.000000 1.000000
0.981295 0.085059 -0.172698 5.935000 -0.078852 0.995980 0.042500 13.670200 0.175619 -0.028087 0.984057 -1.662600 0.000000 0.000000 0.000000 1.000000
0.980093 0.089619 -0.177159 5.935000 -0.083282 0.995602 0.042907 13.670200 0.180225 -0.027298 0.983246 -1.662600 0.000000 0.000000 0.000000 1.000000
0.978560 0.092931 -0.183807 5.935000 -0.086389 0.995320 0.043303 13.670200 0.186971 -0.026495 0.982008 -1.662600 0.000000 0.000000 0.000000 1.000000
0.977966 0.092229 -0.187285 5.935000 -0.085573 0.995389 0.043339 13.670200 0.190418 -0.026358 0.981349 -1.662600 0.000000 0.000000 0.000000 1.000000
0.979559 0.087233 -0.181257 5.935000 -0.080755 0.995813 0.042835 13.670200 0.184235 -0.027322 0.982502 -1.662600 0.000000 0.000000 0.000000 1.000000
0.981212 0.081490 -0.174876 5.935000 -0.075200 0.996271 0.042308 13.670200 0.177672 -0.028362 0.983681 -1.662600 0.000000 0.000000 0.000000 1.000000
0.983357 0.074230 -0.165831 5.935000 -0.068216 0.996800 0.041681 13.670200 0.168394 -0.029675 0.985273 -1.662600 0.000000 0.000000 0.000000 1.000000
0.983140 0.073526 -0.167421 5.935000 -0.067456 0.996852 0.041663 13.670200 0.169958 -0.029667 0.985005 -1.662600 0.000000 0.000000 0.000000 1.000000
