<?xml version="1.0" encoding="utf-8"?>
<COLLADA xmlns="http://www.collada.org/2005/11/COLLADASchema" version="1.4.1">
  <asset><contributor><author>Mixamo</author><authoring_tool>COLLADA Mixamo exporter</authoring_tool><comments></comments></contributor><created>2018-11-01T15:28:45Z</created><modified>2018-11-01T15:28:45Z</modified><revision></revision><title></title><unit meter="0.010000"/><up_axis>Y_UP</up_axis></asset>
  <library_animations>
    <animation id="Hips-anim" name="Hips"><source id="Hips-Matrix-animation-input"><float_array id="Hips-Matrix-animation-input-array" count="26">

0.000000 0.033333 0.066667 0.100000 0.133333 0.166667 0.200000 0.233333 0.266667 0.300000 0.333333 0.366667 0.400000 0.433333 0.466667 0.500000
0.533333 0.566667 0.600000 0.633333 0.666667 0.700000 0.733333 0.766667 0.800000 0.833333</float_array><technique_common><accessor source="#Hips-Matrix-animation-input-array" count="26"><param name="TIME" type="float"/></accessor></technique_common></source><source id="Hips-Matrix-animation-output-transform"><float_array id="Hips-Matrix-animation-output-transform-array" count="416">

0.977919 -0.113385 -0.175549 0.000057 0.048008 0.939440 -0.339334 85.604691 0.203393 0.323414 0.924140 0.000009 0.000000 0.000000 0.000000 1.000000
0.976195 -0.157677 -0.148933 -0.141173 0.126282 0.971464 -0.200774 90.932625 0.176341 0.177187 0.968250 11.754479 0.000000 0.000000 0.000000 1.000000
0.974470 -0.201317 -0.099397 -0.109673 0.186473 0.972277 -0.141083 98.992317 0.125044 0.118947 0.984995 23.368607 0.000000 0.000000 0.000000 1.000000
0.975039 -0.210832 -0.069638 -0.865614 0.202045 0.972544 -0.115480 106.561111 0.092073 0.098527 0.990866 33.748917 0.000000 0.000000 0.000000 1.000000
0.977085 -0.200367 -0.071822 -1.303332 0.193090 0.976373 -0.097011 114.218048 0.089562 0.080920 0.992689 42.861732 0.000000 0.000000 0.000000 1.000000
0.979191 -0.185517 -0.082273 -1.483799 0.179235 0.980696 -0.078162 121.732315 0.095185 0.061789 0.993540 51.396809 0.000000 0.000000 0.000000 1.000000
0.980229 -0.178479 -0.085415 -1.290438 0.174515 0.983287 -0.051887 128.793549 0.093248 0.035955 0.994994 59.589657 0.000000 0.000000 0.000000 1.000000
0.981153 -0.178928 -0.072959 -0.217535 0.178750 0.983853 -0.009009 134.525177 0.073393 -0.004202 0.997294 67.286919 0.000000 0.000000 0.000000 1.000000
0.985640 -0.157951 -0.059709 0.850612 0.160312 0.986371 0.037043 139.875641 0.053044 -0.046083 0.997528 75.400810 0.000000 0.000000 0.000000 1.000000
0.990506 -0.129303 -0.046673 1.772699 0.132728 0.987933 0.079825 144.855728 0.035788 -0.085262 0.995716 83.762787 0.000000 0.000000 0.000000 1.000000
0.994303 -0.099752 -0.037570 2.610101 0.103341 0.988500 0.110402 149.161652 0.026125 -0.113655 0.993177 92.431015 0.000000 0.000000 0.000000 1.000000
0.996361 -0.074417 -0.041567 3.187613 0.078612 0.990750 0.110608 151.934143 0.032951 -0.113473 0.992995 101.734100 0.000000 0.000000 0.000000 1.000000
0.996045 -0.065701 -0.059812 3.250686 0.070895 0.993476 0.089327 153.106750 0.053553 -0.093215 0.994205 111.360634 0.000000 0.000000 0.000000 1.000000
0.994598 -0.059940 -0.084741 2.903553 0.066043 0.995277 0.071152 153.064774 0.080076 -0.076364 0.993859 120.845169 0.000000 0.000000 0.000000 1.000000
0.992028 -0.055549 -0.113112 2.283707 0.058435 0.998041 0.022353 152.108902 0.111648 -0.028784 0.993331 130.514236 0.000000 0.000000 0.000000 1.000000
0.987670 -0.051109 -0.147976 1.562003 0.051104 0.998686 -0.003838 149.870667 0.147977 -0.003771 0.988984 140.255096 0.000000 0.000000 0.000000 1.000000
0.982907 -0.056559 -0.175200 0.864731 0.049684 0.997822 -0.043388 146.263611 0.177273 0.033941 0.983576 150.375885 0.000000 0.000000 0.000000 1.000000
0.979537 -0.066286 -0.190036 0.196132 0.054718 0.996352 -0.065492 140.883270 0.193683 0.053753 0.979590 160.006790 0.000000 0.000000 0.000000 1.000000
0.976330 -0.079398 -0.201185 -0.453814 0.063840 0.994529 -0.082681 134.648407 0.206649 0.067880 0.976058 169.405151 0.000000 0.000000 0.000000 1.000000
0.972351 -0.095886 -0.212932 -1.097820 0.076950 0.992448 -0.095523 127.670952 0.220483 0.076497 0.972386 178.850250 0.000000 0.000000 0.000000 1.000000
0.964736 -0.118437 -0.235068 -1.382953 0.098732 0.990670 -0.093938 119.590919 0.244000 0.067417 0.967429 189.124191 0.000000 0.000000 0.000000 1.000000
0.958005 -0.113007 -0.263543 -1.746529 0.091061 0.991390 -0.094093 110.781204 0.271907 0.066143 0.960048 199.843643 0.000000 0.000000 0.000000 1.000000
0.960748 -0.117218 -0.251440 -1.508534 0.082703 0.986156 -0.143727 99.026848 0.264807 0.117291 0.957142 212.134506 0.000000 0.000000 0.000000 1.000000
0.970191 -0.125541 -0.207291 -0.686051 0.080184 0.973476 -0.214277 88.639099 0.228693 0.191268 0.954524 225.938004 0.000000 0.000000 0.000000 1.000000
0.975261 -0.126116 -0.181550 -0.318865 0.065452 0.949204 -0.307780 85.883797 0.211144 0.288283 0.933976 237.659546 0.000000 0.000000 0.000000 1.000000
0.977919 -0.113385 -0.175549 -0.003168 0.048008 0.939440 -0.339334 85.604691 0.203394 0.323414 0.924140 244.590836 0.000000 0.000000 0.000000 1.000000</float_array><technique_common><accessor source="#Hips-Matrix-animation-output-transform-array" count="26" stride="16"><param type="float4x4"/></accessor></technique_common></source><source id="Hips-Interpolations"><Name_array id="Hips-Interpolations-array" count="26">
 LINEAR LINEAR LINEAR LINEAR LINEAR LINEAR LINEAR LINEAR LINEAR LINEAR LINEAR
LINEAR LINEAR LINEAR LINEAR LINEAR LINEAR LINEAR LINEAR LINEAR LINEAR LINEAR LINEAR
LINEAR LINEAR LINEAR</Name_array><technique_common><accessor source="#Hips-Interpolations-array" count="26"><param type="name"/></accessor></technique_common></source><sampler id="Hips-Matrix-animation-transform"><input semantic="INPUT" source="#Hips-Matrix-animation-input"/><input semantic="OUTPUT" source="#Hips-Matrix-animation-output-transform"/><input semantic="INTERPOLATION" source="#Hips-Interpolations"/></sampler><channel source="#Hips-Matrix-animation-transform" target="Hips/matrix"/></animation>
    <animation id="Spine-anim" name="Spine"><source id="Spine-Matrix-animation-input"><float_array id="Spine-Matrix-animation-input-array" count="26">

0.000000 0.033333 0.066667 0.100000 0.133333 0.166667 0.200000 0.233333 0.266667 0.300000 0.333333 0.366667 0.400000 0.433333 0.466667 0.500000
0.533333 0.566667 0.600000 0.633333 0.666667 0.700000 0.733333 0.766667 0.800000 0.833333</float_array><technique_common><accessor source="#Spine-Matrix-animation-input-array" count="26"><param name="TIME" type="float"/></accessor></technique_common></source><source id="Spine-Matrix-animation-output-transform"><float_array id="Spine-Matrix-animation-output-transform-array" count="416">

0.990622 0.109057 0.082314 0.017300 -0.057292 0.878457 -0.474374 10.574800 -0.124043 0.465209 0.876467 -1.117200 0.000000 0.000000 0.000000 1.000000
0.977071 0.157333 0.143453 0.017300 -0.076403 0.887975 -0.453501 10.574800 -0.198733 0.432142 0.879635 -1.117200 0.000000 0.000000 0.000000 1.000000
0.968552 0.194133 0.155628 0.017300 -0.110102 0.895317 -0.431608 10.574800 -0.223126 0.400900 0.888535 -1.117200 0.000000 0.000000 0.000000 1.000000
0.968627 0.205931 0.139117 0.017300 -0.128710 0.894557 -0.428019 10.574800 -0.212590 0.396686 0.892998 -1.117200 0.000000 0.000000 0.000000 1.000000
0.972473 0.205698 0.109473 0.017300 -0.139618 0.890513 -0.433004 10.574800 -0.186555 0.405801 0.894719 -1.117200 0.000000 0.000000 0.000000 1.000000
0.978464 0.194415 0.069357 0.017300 -0.143737 0.882887 -0.447047 10.574800 -0.148147 0.427451 0.891818 -1.117200 0.000000 0.000000 0.000000 1.000000
0.984689 0.173003 0.021378 0.017300 -0.142729 0.870567 -0.470894 10.574800 -0.100078 0.460633 0.881931 -1.117200 0.000000 0.000000 0.000000 1.000000
0.992693 0.114737 -0.037372 0.017300 -0.117104 0.841245 -0.527820 10.574800 -0.029121 0.528339 0.848534 -1.117200 0.000000 0.000000 0.000000 1.000000
0.996665 0.036436 -0.073018 0.017300 -0.073007 0.797898 -0.598355 10.574800 0.036460 0.601690 0.797897 -1.117200 0.000000 0.000000 0.000000 1.000000
0.994215 -0.044744 -0.097641 0.017300 -0.032112 0.743681 -0.667763 10.574800 0.102492 0.667036 0.737942 -1.117200 0.000000 0.000000 0.000000 1.000000
0.986961 -0.113042 -0.114580 0.017300 -0.004864 0.690600 -0.723221 10.574800 0.160883 0.714348 0.681045 -1.117200 0.000000 0.000000 0.000000 1.000000
0.982200 -0.142852 -0.121972 0.017300 0.004044 0.665271 -0.746591 10.574800 0.187797 0.732808 0.654007 -1.117200 0.000000 0.000000 0.000000 1.000000
0.984803 -0.125042 -0.120532 0.017300 -0.004327 0.676122 -0.736777 10.574800 0.173622 0.726102 0.665306 -1.117200 0.000000 0.000000 0.000000 1.000000
0.987981 -0.098899 -0.118795 0.017300 -0.017048 0.694123 -0.719655 10.574800 0.153631 0.713031 0.684094 -1.117200 0.000000 0.000000 0.000000 1.000000
0.989356 -0.074064 -0.125258 0.017300 -0.031865 0.729624 -0.683106 10.574800 0.141985 0.679826 0.719497 -1.117200 0.000000 0.000000 0.000000 1.000000
0.991823 -0.038050 -0.121820 0.017300 -0.050999 0.756834 -0.651614 10.574800 0.116991 0.652498 0.748705 -1.117200 0.000000 0.000000 0.000000 1.000000
0.993667 -0.007800 -0.112092 0.017300 -0.060813 0.801518 -0.594871 10.574800 0.094483 0.597920 0.795967 -1.117200 0.000000 0.000000 0.000000 1.000000
0.993843 0.010873 -0.110264 0.017300 -0.067637 0.847768 -0.526036 10.574800 0.087758 0.530255 0.843284 -1.117200 0.000000 0.000000 0.000000 1.000000
0.993852 0.032261 -0.105912 0.017300 -0.077815 0.884025 -0.460916 10.574800 0.078760 0.466324 0.881101 -1.117200 0.000000 0.000000 0.000000 1.000000
0.993492 0.063711 -0.094416 0.017300 -0.097863 0.901584 -0.421390 10.574800 0.058277 0.427888 0.901951 -1.117200 0.000000 0.000000 0.000000 1.000000
0.990370 0.110877 -0.082912 0.017300 -0.135236 0.903004 -0.407793 10.574800 0.029656 0.415078 0.909302 -1.117200 0.000000 0.000000 0.000000 1.000000
0.988621 0.136854 -0.062443 0.017300 -0.150424 0.901951 -0.404794 10.574800 0.000923 0.409581 0.912273 -1.117200 0.000000 0.000000 0.000000 1.000000
0.989327 0.143869 -0.023122 0.017300 -0.140221 0.896804 -0.419620 10.574800 -0.039634 0.418384 0.907405 -1.117200 0.000000 0.000000 0.000000 1.000000
0.990772 0.133622 0.022731 0.017300 -0.109835 0.889761 -0.443015 10.574800 -0.079422 0.436430 0.896226 -1.117200 0.000000 0.000000 0.000000 1.000000
0.990977 0.115098 0.068677 0.017300 -0.070399 0.883010 -0.464045 10.574800 -0.114054 0.455023 0.883145 -1.117200 0.000000 0.000000 0.000000 1.000000
0.990622 0.109057 0.082314 0.017300 -0.057292 0.878457 -0.474374 10.574800 -0.124043 0.465209 0.876467 -1.117200 0.000000 0.000000 0.000000 1.000000</float_array><technique_common><accessor source="#Spine-Matrix-animation-output-transform-array" count="26" stride="16"><param type="float4x4"/></accessor></technique_common></source><source id="Spine-Interpolations"><Name_array id="Spine-Interpolations-array" count="26">
 LINEAR LINEAR LINEAR LINEAR LINEAR LINEAR LINEAR LINEAR LINEAR LINEAR LINEAR
LINEAR LINEAR LINEAR LINEAR LINEAR LINEAR LINEAR LINEAR LINEAR LINEAR LINEAR LINEAR
LINEAR LINEAR LINEAR</Name_array><technique_common><accessor source="#Spine-Interpolations-array" count="26"><param type="name"/></accessor></technique_common></source><sampler id="Spine-Matrix-animation-transform"><input semantic="INPUT" source="#Spine-Matrix-animation-input"/><input semantic="OUTPUT" source="#Spine-Matrix-animation-output-transform"/><input semantic="INTERPOLATION" source="#Spine-Interpolations"/></sampler><channel source="#Spine-Matrix-animation-transform" target="Spine/matrix"/></animation>
    <animation id="Spine1-anim" name="Spine1"><source id="Spine1-Matrix-animation-input"><float_array id="Spine1-Matrix-animation-input-array" count="26">

0.000000 0.033333 0.066667 0.100000 0.133333 0.166667 0.200000 0.233333 0.266667 0.300000 0.333333 0.366667 0.400000 0.433333 0.466667 0.500000
0.533333 0.566667 0.600000 0.633333 0.666667 0.700000 0.733333 0.766667 0.800000 0.833333</float_array><technique_common><accessor source="#Spine1-Matrix-animation-input-array" count="26"><param name="TIME" type="float"/></accessor></technique_common></source><source id="Spine1-Matrix-animation-output-transform"><float_array id="Spine1-Matrix-animation-output-transform-array" count="416">

0.999427 0.011377 0.031871 0.019000 -0.010210 0.999280 -0.036533 12.337300 -0.032264 0.036186 0.998824 -1.303400 0.000000 0.000000 0.000000 1.000000
0.998464 0.014416 0.053496 0.019000 -0.012593 0.999334 -0.034258 12.337300 -0.053954 0.033532 0.997980 -1.303400 0.000000 0.000000 0.000000 1.000000
0.997960 0.021137 0.060236 0.019000 -0.019217 0.999294 -0.032275 12.337300 -0.060876 0.031052 0.997662 -1.303400 0.000000 0.000000 0.000000 1.000000
0.998145 0.022283 0.056665 0.019000 -0.020533 0.999300 -0.031286 12.337300 -0.057322 0.030064 0.997903 -1.303400 0.000000 0.000000 0.000000 1.000000
0.998601 0.021270 0.048419 0.019000 -0.019787 0.999327 -0.030897 12.337300 -0.049044 0.029895 0.998349 -1.303400 0.000000 0.000000 0.000000 1.000000
0.999131 0.019709 0.036715 0.019000 -0.018558 0.999333 -0.031439 12.337300 -0.037310 0.030730 0.998831 -1.303400 0.000000 0.000000 0.000000 1.000000
0.999556 0.019187 0.022775 0.019000 -0.018425 0.999279 -0.033190 12.337300 -0.023395 0.032756 0.999190 -1.303400 0.000000 0.000000 0.000000 1.000000
0.999792 0.019968 0.004218 0.019000 -0.019780 0.998974 -0.040737 12.337300 -0.005027 0.040645 0.999161 -1.303400 0.000000 0.000000 0.000000 1.000000
0.999740 0.020325 -0.010372 0.019000 -0.020859 0.998308 -0.054269 12.337300 0.009251 0.054471 0.998472 -1.303400 0.000000 0.000000 0.000000 1.000000
0.999537 0.020361 -0.022601 0.019000 -0.021882 0.997362 -0.069211 12.337300 0.021132 0.069674 0.997346 -1.303400 0.000000 0.000000 0.000000 1.000000
0.999290 0.019895 -0.031995 0.019000 -0.022467 0.996369 -0.082128 12.337300 0.030245 0.082789 0.996108 -1.303400 0.000000 0.000000 0.000000 1.000000
0.999197 0.018313 -0.035627 0.019000 -0.021390 0.995889 -0.088016 12.337300 0.033868 0.088708 0.995482 -1.303400 0.000000 0.000000 0.000000 1.000000
0.999316 0.018251 -0.032170 0.019000 -0.020925 0.996174 -0.084851 12.337300 0.030498 0.085466 0.995874 -1.303400 0.000000 0.000000 0.000000 1.000000
0.999317 0.020833 -0.030508 0.019000 -0.023155 0.996697 -0.077844 12.337300 0.028786 0.078497 0.996499 -1.303400 0.000000 0.000000 0.000000 1.000000
0.999240 0.023636 -0.030986 0.019000 -0.025654 0.997461 -0.066427 12.337300 0.029338 0.067172 0.997310 -1.303400 0.000000 0.000000 0.000000 1.000000
0.999334 0.023845 -0.027620 0.019000 -0.025537 0.997711 -0.062607 12.337300 0.026064 0.063271 0.997656 -1.303400 0.000000 0.000000 0.000000 1.000000
0.999449 0.023655 -0.023300 0.019000 -0.024946 0.998076 -0.056763 12.337300 0.021913 0.057313 0.998116 -1.303400 0.000000 0.000000 0.000000 1.000000
0.999437 0.024199 -0.023249 0.019000 -0.025355 0.998388 -0.050788 12.337300 0.021982 0.051349 0.998439 -1.303400 0.000000 0.000000 0.000000 1.000000
0.999376 0.027044 -0.022710 0.019000 -0.028117 0.998435 -0.048337 12.337300 0.021367 0.048945 0.998573 -1.303400 0.000000 0.000000 0.000000 1.000000
0.999344 0.030694 -0.019200 0.019000 -0.031552 0.998437 -0.046124 12.337300 0.017755 0.046700 0.998751 -1.303400 0.000000 0.000000 0.000000 1.000000
0.999249 0.035872 -0.014683 0.019000 -0.036420 0.998580 -0.038890 12.337300 0.013267 0.039396 0.999136 -1.303400 0.000000 0.000000 0.000000 1.000000
0.999128 0.040144 -0.011489 0.019000 -0.040550 0.998471 -0.037579 12.337300 0.009963 0.038012 0.999228 -1.303400 0.000000 0.000000 0.000000 1.000000
0.999412 0.033920 -0.004979 0.019000 -0.034099 0.998547 -0.041717 12.337300 0.003557 0.041862 0.999117 -1.303400 0.000000 0.000000 0.000000 1.000000
0.999716 0.022666 0.007388 0.019000 -0.022330 0.998836 -0.042751 12.337300 -0.008348 0.042574 0.999058 -1.303400 0.000000 0.000000 0.000000 1.000000
0.999569 0.013781 0.025913 0.019000 -0.012787 0.999190 -0.038150 12.337300 -0.026418 0.037803 0.998936 -1.303400 0.000000 0.000000 0.000000 1.000000
0.999427 0.011377 0.031871 0.019000 -0.010210 0.999280 -0.036533 12.337300 -0.032264 0.036186 0.998824 -1.303400 0.000000 0.000000 0.000000 1.000000</float_array><technique_common><accessor source="#Spine1-Matrix-animation-output-transform-array" count="26" stride="16"><param type="float4x4"/></accessor></technique_common></source><source id="Spine1-Interpolations"><Name_array id="Spine1-Interpolations-array" count="26">
 LINEAR LINEAR LINEAR LINEAR LINEAR LINEAR LINEAR LINEAR LINEAR LINEAR LINEAR
LINEAR LINEAR LINEAR LINEAR LINEAR LINEAR LINEAR LINEAR LINEAR LINEAR LINEAR LINEAR
LINEAR LINEAR LINEAR</Name_array><technique_common><accessor source="#Spine1-Interpolations-array" count="26"><param type="name"/></accessor></technique_common></source><sampler id="Spine1-Matrix-animation-transform"><input semantic="INPUT" source="#Spine1-Matrix-animation-input"/><input semantic="OUTPUT" source="#Spine1-Matrix-animation-output-transform"/><input semantic="INTERPOLATION" source="#Spine1-Interpolations"/></sampler><channel source="#Spine1-Matrix-animation-transform" target="Spine1/matrix"/></animation>
    <animation id="Spine2-anim" name="Spine2"><source id="Spine2-Matrix-animation-input"><float_array id="Spine2-Matrix-animation-input-array" count="26">

0.000000 0.033333 0.066667 0.100000 0.133333 0.166667 0.200000 0.233333 0.266667 0.300000 0.333333 0.366667 0.400000 0.433333 0.466667 0.500000
0.533333 0.566667 0.600000 0.633333 0.666667 0.700000 0.733333 0.766667 0.800000 0.833333</float_array><technique_common><accessor source="#Spine2-Matrix-animation-input-array" count="26"><param name="TIME" type="float"/></accessor></technique_common></source><source id="Spine2-Matrix-animation-output-transform"><float_array id="Spine2-Matrix-animation-output-transform-array" count="416">

0.999388 0.012962 0.032497 0.021700 -0.011782 0.999273 -0.036248 14.099800 -0.032943 0.035843 0.998814 -1.489600 0.000000 0.000000 0.000000 1.000000
0.998377 0.017104 0.054320 0.021700 -0.015269 0.999305 -0.034017 14.099800 -0.054864 0.033132 0.997944 -1.489600 0.000000 0.000000 0.000000 1.000000
0.997820 0.024390 0.061319 0.021700 -0.022460 0.999237 -0.031960 14.099800 -0.062051 0.030513 0.997606 -1.489600 0.000000 0.000000 0.000000 1.000000
0.997996 0.025712 0.057812 0.021700 -0.023930 0.999223 -0.031311 14.099800 -0.058573 0.029865 0.997836 -1.489600 0.000000 0.000000 0.000000 1.000000
0.998464 0.024704 0.049582 0.021700 -0.023162 0.999237 -0.031436 14.099800 -0.050321 0.030239 0.998275 -1.489600 0.000000 0.000000 0.000000 1.000000
0.999014 0.023009 0.037962 0.021700 -0.021776 0.999231 -0.032596 14.099800 -0.038682 0.031737 0.998747 -1.489600 0.000000 0.000000 0.000000 1.000000
0.999457 0.022272 0.024288 0.021700 -0.021415 0.999158 -0.035001 14.099800 -0.025047 0.034462 0.999092 -1.489600 0.000000 0.000000 0.000000 1.000000
0.999724 0.022575 0.006492 0.021700 -0.022274 0.998814 -0.043286 14.099800 -0.007461 0.043129 0.999042 -1.489600 0.000000 0.000000 0.000000 1.000000
0.999723 0.022427 -0.007140 0.021700 -0.022801 0.998089 -0.057437 14.099800 0.005838 0.057584 0.998324 -1.489600 0.000000 0.000000 0.000000 1.000000
0.999589 0.021993 -0.018391 0.021700 -0.023280 0.997064 -0.072948 14.099800 0.016732 0.073346 0.997166 -1.489600 0.000000 0.000000 0.000000 1.000000
0.999412 0.021188 -0.026955 0.021700 -0.023445 0.995986 -0.086384 14.099800 0.025016 0.086966 0.995897 -1.489600 0.000000 0.000000 0.000000 1.000000
0.999352 0.019604 -0.030191 0.021700 -0.022328 0.995445 -0.092689 14.099800 0.028236 0.093303 0.995237 -1.489600 0.000000 0.000000 0.000000 1.000000
0.999438 0.020136 -0.026791 0.021700 -0.022469 0.995700 -0.089868 14.099800 0.024867 0.090419 0.995593 -1.489600 0.000000 0.000000 0.000000 1.000000
0.999413 0.023281 -0.025130 0.021700 -0.025300 0.996205 -0.083279 14.099800 0.023096 0.083866 0.996209 -1.489600 0.000000 0.000000 0.000000 1.000000
0.999319 0.026502 -0.025678 0.021700 -0.028298 0.996981 -0.072311 14.099800 0.023684 0.072989 0.997052 -1.489600 0.000000 0.000000 0.000000 1.000000
0.999375 0.027253 -0.022510 0.021700 -0.028745 0.997214 -0.068836 14.099800 0.020571 0.069440 0.997374 -1.489600 0.000000 0.000000 0.000000 1.000000
0.999447 0.027677 -0.018421 0.021700 -0.028792 0.997579 -0.063306 14.099800 0.016624 0.063801 0.997824 -1.489600 0.000000 0.000000 0.000000 1.000000
0.999387 0.028153 -0.020824 0.021700 -0.029314 0.997903 -0.057700 14.099800 0.019156 0.058275 0.998117 -1.489600 0.000000 0.000000 0.000000 1.000000
0.999334 0.031748 -0.018016 0.021700 -0.032707 0.997912 -0.055690 14.099800 0.016210 0.056242 0.998286 -1.489600 0.000000 0.000000 0.000000 1.000000
0.999248 0.035921 -0.014618 0.021700 -0.036659 0.997878 -0.053810 14.099800 0.012654 0.054305 0.998444 -1.489600 0.000000 0.000000 0.000000 1.000000
0.999079 0.041663 -0.010253 0.021700 -0.042099 0.998014 -0.046859 14.099800 0.008280 0.047247 0.998849 -1.489600 0.000000 0.000000 0.000000 1.000000
0.998784 0.048770 -0.007173 0.021700 -0.049048 0.997749 -0.045731 14.099800 0.004927 0.046027 0.998928 -1.489600 0.000000 0.000000 0.000000 1.000000
0.998875 0.047378 -0.002158 0.021700 -0.047426 0.997580 -0.050838 14.099800 -0.000256 0.050883 0.998705 -1.489600 0.000000 0.000000 0.000000 1.000000
0.999296 0.036852 0.007013 0.021700 -0.036412 0.997822 -0.055009 14.099800 -0.009025 0.054715 0.998461 -1.489600 0.000000 0.000000 0.000000 1.000000
0.999501 0.024917 0.019403 0.021700 -0.023976 0.998592 -0.047324 14.099800 -0.020555 0.046836 0.998691 -1.489600 0.000000 0.000000 0.000000 1.000000
0.999388 0.012962 0.032497 0.021700 -0.011782 0.999273 -0.036249 14.099800 -0.032943 0.035844 0.998814 -1.489600 0.000000 0.000000 0.000000 1.000000</float_array><technique_common><accessor source="#Spine2-Matrix-animation-output-transform-array" count="26" stride="16"><param type="float4x4"/></accessor></technique_common></source><source id="Spine2-Interpolations"><Name_array id="Spine2-Interpolations-array" count="26">
 LINEAR LINEAR LINEAR LINEAR LINEAR LINEAR LINEAR LINEAR LINEAR LINEAR LINEAR
LINEAR LINEAR LINEAR LINEAR LINEAR LINEAR LINEAR LINEAR LINEAR LINEAR LINEAR LINEAR
LINEAR LINEAR LINEAR</Name_array><technique_common><accessor source="#Spine2-Interpolations-array" count="26"><param type="name"/></accessor></technique_common></source><sampler id="Spine2-Matrix-animation-transform"><input semantic="INPUT" source="#Spine2-Matrix-animation-input"/><input semantic="OUTPUT" source="#Spine2-Matrix-animation-output-transform"/><input semantic="INTERPOLATION" source="#Spine2-Interpolations"/></sampler><channel source="#Spine2-Matrix-animation-transform" target="Spine2/matrix"/></animation>
    <animation id="Neck-anim" name="Neck"><source id="Neck-Matrix-animation-input"><float_array id="Neck-Matrix-animation-input-array" count="26">

0.000000 0.033333 0.066667 0.100000 0.133333 0.166667 0.200000 0.233333 0.266667 0.300000 0.333333 0.366667 0.400000 0.433333 0.466667 0.500000
0.533333 0.566667 0.600000 0.633333 0.666667 0.700000 0.733333 0.766667 0.800000 0.833333</float_array><technique_common><accessor source="#Neck-Matrix-animation-input-array" count="26"><param name="TIME" type="float"/></accessor></technique_common></source><source id="Neck-Matrix-animation-output-transform"><float_array id="Neck-Matrix-animation-output-transform-array" count="416">

0.999574 0.013516 0.025873 0.024400 -0.018030 0.982935 0.183069 15.862300 -0.022957 -0.183457 0.982760 -1.675800 0.000000 0.000000 0.000000 1.000000
0.999533 0.028444 -0.011157 0.024400 -0.027243 0.995006 0.096029 15.862300 0.013833 -0.095680 0.995316 -1.675800 0.000000 0.000000 0.000000 1.000000
0.998515 0.033442 -0.043014 0.024400 -0.032766 0.999330 0.016313 15.862300 0.043531 -0.014880 0.998941 -1.675800 0.000000 0.000000 0.000000 1.000000
0.997506 0.041526 -0.057082 0.024400 -0.044883 0.997258 -0.058835 15.862300 0.054482 0.061251 0.996634 -1.675800 0.000000 0.000000 0.000000 1.000000
0.996918 0.051726 -0.058978 0.024400 -0.059250 0.989217 -0.133936 15.862300 0.051414 0.137018 0.989233 -1.675800 0.000000 0.000000 0.000000 1.000000
0.996793 0.059751 -0.053238 0.024400 -0.069114 0.978111 -0.196272 15.862300 0.040345 0.199322 0.979103 -1.675800 0.000000 0.000000 0.000000 1.000000
0.997106 0.065363 -0.038831 0.024400 -0.072631 0.969893 -0.232448 15.862300 0.022469 0.234596 0.971833 -1.675800 0.000000 0.000000 0.000000 1.000000
0.996488 0.080073 -0.024490 0.024400 -0.083512 0.971706 -0.220937 15.862300 0.006106 0.222206 0.974981 -1.675800 0.000000 0.000000 0.000000 1.000000
0.995217 0.096737 -0.013601 0.024400 -0.097687 0.984595 -0.145017 15.862300 -0.000637 0.145652 0.989336 -1.675800 0.000000 0.000000 0.000000 1.000000
0.994582 0.103833 0.005028 0.024400 -0.103471 0.993459 -0.048305 15.862300 -0.010011 0.047523 0.998820 -1.675800 0.000000 0.000000 0.000000 1.000000
0.994081 0.104310 0.030382 0.024400 -0.104903 0.994308 0.018642 15.862300 -0.028264 -0.021719 0.999365 -1.675800 0.000000 0.000000 0.000000 1.000000
0.993857 0.100836 0.045620 0.024400 -0.103005 0.993522 0.047998 15.862300 -0.040485 -0.052402 0.997805 -1.675800 0.000000 0.000000 0.000000 1.000000
0.994096 0.094193 0.053851 0.024400 -0.097487 0.993290 0.062219 15.862300 -0.047629 -0.067102 0.996609 -1.675800 0.000000 0.000000 0.000000 1.000000
0.994476 0.086353 0.059667 0.024400 -0.090413 0.993506 0.069068 15.862300 -0.053315 -0.074081 0.995826 -1.675800 0.000000 0.000000 0.000000 1.000000
0.994893 0.077870 0.064219 0.024400 -0.082201 0.994305 0.067820 15.862300 -0.058572 -0.072753 0.995629 -1.675800 0.000000 0.000000 0.000000 1.000000
0.995195 0.069411 0.069064 0.024400 -0.073744 0.995329 0.062304 15.862300 -0.064417 -0.067097 0.995665 -1.675800 0.000000 0.000000 0.000000 1.000000
0.995163 0.062033 0.076173 0.024400 -0.065710 0.996743 0.046753 15.862300 -0.073025 -0.051532 0.995998 -1.675800 0.000000 0.000000 0.000000 1.000000
0.994433 0.059723 0.086816 0.024400 -0.062306 0.997682 0.027357 15.862300 -0.084981 -0.032614 0.995849 -1.675800 0.000000 0.000000 0.000000 1.000000
0.993609 0.060972 0.094988 0.024400 -0.063301 0.997759 0.021692 15.862300 -0.093453 -0.027566 0.995242 -1.675800 0.000000 0.000000 0.000000 1.000000
0.993348 0.065165 0.094942 0.024400 -0.067895 0.997359 0.025810 15.862300 -0.093010 -0.032085 0.995148 -1.675800 0.000000 0.000000 0.000000 1.000000
0.993496 0.074404 0.086191 0.024400 -0.078847 0.995665 0.049344 15.862300 -0.082146 -0.055819 0.995056 -1.675800 0.000000 0.000000 0.000000 1.000000
0.993831 0.084545 0.071780 0.024400 -0.090389 0.992483 0.082506 15.862300 -0.064265 -0.088485 0.994002 -1.675800 0.000000 0.000000 0.000000 1.000000
0.994416 0.091871 0.051927 0.024400 -0.096135 0.991589 0.086654 15.862300 -0.043530 -0.091162 0.994884 -1.675800 0.000000 0.000000 0.000000 1.000000
0.996137 0.083713 0.026501 0.024400 -0.085794 0.992173 0.090728 15.862300 -0.018699 -0.092651 0.995523 -1.675800 0.000000 0.000000 0.000000 1.000000
0.998600 0.050546 0.015624 0.024400 -0.052216 0.989156 0.137276 15.862300 -0.008516 -0.137899 0.990410 -1.675800 0.000000 0.000000 0.000000 1.000000
0.999574 0.013516 0.025873 0.024400 -0.018030 0.982935 0.183069 15.862300 -0.022957 -0.183457 0.982760 -1.675800 0.000000 0.000000 0.000000 1.000000</float_array><technique_common><accessor source="#Neck-Matrix-animation-output-transform-array" count="26" stride="16"><param type="float4x4"/></accessor></technique_common></source><source id="Neck-Interpolations"><Name_array id="Neck-Interpolations-array" count="26">
 LINEAR LINEAR LINEAR LINEAR LINEAR LINEAR LINEAR LINEAR LINEAR LINEAR LINEAR
LINEAR LINEAR LINEAR LINEAR LINEAR LINEAR LINEAR LINEAR LINEAR LINEAR LINEAR LINEAR
LINEAR LINEAR LINEAR</Name_array><technique_common><accessor source="#Neck-Interpolations-array" count="26"><param type="name"/></accessor></technique_common></source><sampler id="Neck-Matrix-animation-transform"><input semantic="INPUT" source="#Neck-Matrix-animation-input"/><input semantic="OUTPUT" source="#Neck-Matrix-animation-output-transform"/><input semantic="INTERPOLATION" source="#Neck-Interpolations"/></sampler><channel source="#Neck-Matrix-animation-transform" target="Neck/matrix"/></animation>
    <animation id="Head-anim" name="Head"><source id="Head-Matrix-animation-input"><float_array id="Head-Matrix-animation-input-array" count="26">

0.000000 0.033333 0.066667 0.100000 0.133333 0.166667 0.200000 0.233333 0.266667 0.300000 0.333333 0.366667 0.400000 0.433333 0.466667 0.500000
0.533333 0.566667 0.600000 0.633333 0.666667 0.700000 0.733333 0.766667 0.800000 0.833333</float_array><technique_common><accessor source="#Head-Matrix-animation-input-array" count="26"><param name="TIME" type="float"/></accessor></technique_common></source><source id="Head-Matrix-animation-output-transform"><float_array id="Head-Matrix-animation-output-transform-array" count="416">

0.993772 0.096051 -0.056498 0.000000 -0.061389 0.895015 0.441792 5.564000 0.093002 -0.435572 0.895337 0.988100 0.000000 0.000000 0.000000 1.000000
0.982219 0.173242 -0.072341 0.000000 -0.135640 0.921253 0.364548 5.564000 0.129799 -0.348254 0.928370 0.988100 0.000000 0.000000 0.000000 1.000000
0.976190 0.188438 -0.107445 0.000000 -0.149432 0.943239 0.296599 5.564000 0.157237 -0.273481 0.948939 0.988100 0.000000 0.000000 0.000000 1.000000
0.977932 0.152789 -0.142491 0.000000 -0.110448 0.957020 0.268166 5.564000 0.177340 -0.246510 0.952777 0.988100 0.000000 0.000000 0.000000 1.000000
0.981518 0.103564 -0.160928 -0.000000 -0.056817 0.960699 0.271716 5.564000 0.182743 -0.257551 0.948827 0.988100 0.000000 0.000000 0.000000 1.000000
0.985791 0.070076 -0.152659 0.000000 -0.023647 0.957668 0.286902 5.564000 0.166302 -0.279215 0.945718 0.988100 0.000000 0.000000 0.000000 1.000000
0.991866 0.080758 -0.098383 0.000000 -0.046700 0.949934 0.308940 5.564000 0.118407 -0.301833 0.945979 0.988100 0.000000 0.000000 0.000000 1.000000
0.992417 0.115474 -0.042130 0.000000 -0.095157 0.938696 0.331353 5.564000 0.077810 -0.324832 0.942566 0.988100 0.000000 0.000000 0.000000 1.000000
0.986218 0.165450 0.000244 0.000000 -0.154252 0.918935 0.362994 5.564000 0.059833 -0.358029 0.931791 0.988100 0.000000 0.000000 0.000000 1.000000
0.973478 0.218818 0.066780 -0.000000 -0.226983 0.887239 0.401603 5.564000 0.028628 -0.406109 0.913376 0.988100 0.000000 0.000000 0.000000 1.000000
0.958519 0.245438 0.144917 -0.000000 -0.284403 0.857217 0.429294 5.564000 -0.018861 -0.452702 0.891462 0.988100 0.000000 0.000000 0.000000 1.000000
0.951823 0.243580 0.186282 -0.000000 -0.302124 0.848860 0.433772 5.564000 -0.052469 -0.469155 0.881556 0.988100 0.000000 0.000000 0.000000 1.000000
0.951197 0.230315 0.205377 -0.000000 -0.298792 0.853739 0.426442 5.564000 -0.077122 -0.466995 0.880890 0.988100 0.000000 0.000000 0.000000 1.000000
0.952399 0.213538 0.217571 0.000000 -0.288342 0.862676 0.415511 5.564000 -0.098966 -0.458467 0.883184 0.988100 0.000000 0.000000 0.000000 1.000000
0.953573 0.199552 0.225559 0.000000 -0.277719 0.872369 0.402299 5.564000 -0.116491 -0.446264 0.887287 0.988100 0.000000 0.000000 0.000000 1.000000
0.953851 0.188902 0.233419 0.000000 -0.269393 0.881719 0.387297 5.564000 -0.132648 -0.432305 0.891917 0.988100 0.000000 0.000000 0.000000 1.000000
0.951112 0.188513 0.244641 0.000000 -0.270604 0.890444 0.365900 5.564000 -0.148862 -0.414213 0.897924 0.988100 0.000000 0.000000 0.000000 1.000000
0.950094 0.180809 0.254224 0.000000 -0.262369 0.903984 0.337603 5.564000 -0.168773 -0.387455 0.906308 0.988100 0.000000 0.000000 0.000000 1.000000
0.958406 0.139637 0.248917 0.000000 -0.221250 0.914438 0.338898 5.564000 -0.180297 -0.379874 0.907297 0.988100 0.000000 0.000000 0.000000 1.000000
0.970513 0.079330 0.227621 0.000000 -0.161877 0.914175 0.371590 5.564000 -0.178607 -0.397480 0.900061 0.988100 0.000000 0.000000 0.000000 1.000000
0.981734 0.020608 0.189142 -0.000000 -0.100344 0.900698 0.422699 5.564000 -0.161648 -0.433957 0.886313 0.988100 0.000000 0.000000 0.000000 1.000000
0.990108 -0.026513 0.137780 0.000000 -0.042138 0.880464 0.472237 5.564000 -0.133831 -0.473372 0.870637 0.988100 0.000000 0.000000 0.000000 1.000000
0.995157 -0.049746 0.084786 -0.000000 0.003152 0.878207 0.478270 5.564000 -0.098252 -0.475686 0.874111 0.988100 0.000000 0.000000 0.000000 1.000000
0.999876 -0.003804 0.015306 0.000000 -0.003323 0.897873 0.440242 5.564000 -0.015417 -0.440238 0.897749 0.988100 0.000000 0.000000 0.000000 1.000000
0.996258 0.072802 -0.046586 0.000000 -0.046148 0.903787 0.425487 5.564000 0.073080 -0.421745 0.903764 0.988100 0.000000 0.000000 0.000000 1.000000
0.993772 0.096051 -0.056498 0.000000 -0.061389 0.895015 0.441792 5.564000 0.093002 -0.435572 0.895337 0.988100 0.000000 0.000000 0.000000 1.000000</float_array><technique_common><accessor source="#Head-Matrix-animation-output-transform-array" count="26" stride="16"><param type="float4x4"/></accessor></technique_common></source><source id="Head-Interpolations"><Name_array id="Head-Interpolations-array" count="26">
 LINEAR LINEAR LINEAR LINEAR LINEAR LINEAR LINEAR LINEAR LINEAR LINEAR LINEAR
LINEAR LINEAR LINEAR LINEAR LINEAR LINEAR LINEAR LINEAR LINEAR LINEAR LINEAR LINEAR
LINEAR LINEAR LINEAR</Name_array><technique_common><accessor source="#Head-Interpolations-array" count="26"><param type="name"/></accessor></technique_common></source><sampler id="Head-Matrix-animation-transform"><input semantic="INPUT" source="#Head-Matrix-animation-input"/><input semantic="OUTPUT" source="#Head-Matrix-animation-output-transform"/><input semantic="INTERPOLATION" source="#Head-Interpolations"/></sampler><channel source="#Head-Matrix-animation-transform" target="Head/matrix"/></animation>
    <animation id="LeftShoulder-anim" name="LeftShoulder"><source id="LeftShoulder-Matrix-animation-input"><float_array id="LeftShoulder-Matrix-animation-input-array" count="26">

0.000000 0.033333 0.066667 0.100000 0.133333 0.166667 0.200000 0.233333 0.266667 0.300000 0.333333 0.366667 0.400000 0.433333 0.466667 0.500000
0.533333 0.566667 0.600000 0.633333 0.666667 0.700000 0.733333 0.766667 0.800000 0.833333</float_array><technique_common><accessor source="#LeftShoulder-Matrix-animation-input-array" count="26"><param name="TIME" type="float"/></accessor></technique_common></source><source id="LeftShoulder-Matrix-animation-output-transform"><float_array id="LeftShoulder-Matrix-animation-output-transform-array" count="416">

0.947874 0.275323 0.160415 5.935000 -0.265379 0.960748 -0.080857 13.670200 -0.176380 0.034071 0.983732 -1.662600 0.000000 0.000000 0.000000 1.000000
0.977347 0.204274 0.055365 5.935000 -0.202841 0.978739 -0.030423 13.670200 -0.060403 0.018503 0.998003 -1.662600 0.000000 0.000000 0.000000 1.000000
0.989935 0.133299 -0.047547 5.935000 -0.133641 0.991021 -0.004077 13.670200 0.046576 0.010391 0.998861 -1.662600 0.000000 0.000000 0.000000 1.000000
0.994127 0.013620 -0.107362 5.935000 -0.014461 0.999871 -0.007057 13.670200 0.107252 0.008569 0.994195 -1.662600 0.000000 0.000000 0.000000 1.000000
0.976364 -0.142471 -0.162527 5.935000 0.140428 0.989799 -0.024046 13.670200 0.164295 0.000655 0.986411 -1.662600 0.000000 0.000000 0.000000 1.000000
0.921487 -0.311358 -0.232204 5.935000 0.307502 0.950037 -0.053585 13.670200 0.237287 -0.022025 0.971190 -1.662600 0.000000 0.000000 0.000000 1.000000
0.934910 -0.255804 -0.245982 5.935000 0.251130 0.966622 -0.050744 13.670200 0.250752 -0.014332 0.967945 -1.662600 0.000000 0.000000 0.000000 1.000000
0.931368 -0.203174 -0.302117 5.935000 0.190997 0.979117 -0.069649 13.670200 0.309959 0.007165 0.950723 -1.662600 0.000000 0.000000 0.000000 1.000000
0.893694 -0.207478 -0.397824 5.935000 0.182590 0.978098 -0.099929 13.670200 0.409843 0.016667 0.912004 -1.662600 0.000000 0.000000 0.000000 1.000000
0.882042 -0.201394 -0.425960 5.935000 0.177015 0.979462 -0.096540 13.670200 0.436655 0.009751 0.899576 -1.662600 0.000000 0.000000 0.000000 1.000000
0.886351 -0.152278 -0.437257 5.935000 0.129599 0.988216 -0.081447 13.670200 0.444507 0.015523 0.895641 -1.662600 0.000000 0.000000 0.000000 1.000000
0.892999 -0.091888 -0.440578 5.935000 0.071165 0.995450 -0.063369 13.670200 0.444396 0.025234 0.895475 -1.662600 0.000000 0.000000 0.000000 1.000000
0.897324 -0.042614 -0.439310 5.935000 0.023462 0.998526 -0.048936 13.670200 0.440748 0.033604 0.897002 -1.662600 0.000000 0.000000 0.000000 1.000000
0.907084 -0.023343 -0.420302 5.935000 0.005607 0.999043 -0.043384 13.670200 0.420912 0.036996 0.906347 -1.662600 0.000000 0.000000 0.000000 1.000000
0.921943 -0.013562 -0.387087 5.935000 -0.001633 0.999242 -0.038900 13.670200 0.387321 0.036496 0.921222 -1.662600 0.000000 0.000000 0.000000 1.000000
0.931275 -0.012836 -0.364090 5.935000 -0.000668 0.999317 -0.036940 13.670200 0.364315 0.034645 0.930631 -1.662600 0.000000 0.000000 0.000000 1.000000
0.934480 -0.010243 -0.355869 5.935000 -0.002664 0.999357 -0.035760 13.670200 0.356006 0.034365 0.933851 -1.662600 0.000000 0.000000 0.000000 1.000000
0.936638 0.008146 -0.350203 5.935000 -0.020809 0.999258 -0.032411 13.670200 0.349679 0.037644 0.936113 -1.662600 0.000000 0.000000 0.000000 1.000000
0.946855 0.036153 -0.319623 5.935000 -0.043877 0.998892 -0.016996 13.670200 0.318655 0.030117 0.947392 -1.662600 0.000000 0.000000 0.000000 1.000000
0.971467 0.091012 -0.219018 5.935000 -0.083263 0.995539 0.044371 13.670200 0.222079 -0.024869 0.974711 -1.662600 0.000000 0.000000 0.000000 1.000000
0.975931 0.185903 -0.114016 5.935000 -0.176888 0.980576 0.084739 13.670200 0.127555 -0.062531 0.989858 -1.662600 0.000000 0.000000 0.000000 1.000000
0.953856 0.297182 -0.042923 5.935000 -0.293767 0.953207 0.071398 13.670200 0.062132 -0.055494 0.996524 -1.662600 0.000000 0.000000 0.000000 1.000000
0.934861 0.352670 0.040724 5.935000 -0.354143 0.934442 0.037438 13.670200 -0.024851 -0.049421 0.998469 -1.662600 0.000000 0.000000 0.000000 1.000000
0.935656 0.333471 0.115523 5.935000 -0.334216 0.942401 -0.013432 13.670200 -0.113349 -0.026042 0.993214 -1.662600 0.000000 0.000000 0.000000 1.000000
0.941857 0.289351 0.170825 5.935000 -0.282726 0.957165 -0.062456 13.670200 -0.181580 0.010528 0.983320 -1.662600 0.000000 0.000000 0.000000 1.000000
0.947874 0.275323 0.160415 5.935000 -0.265379 0.960748 -0.080857 13.670200 -0.176380 0.034071 0.983732 -1.662600 0.000000 0.000000 0.000000 1.000000</float_array><technique_common><accessor source="#LeftShoulder-Matrix-animation-output-transform-array" count="26" stride="16"><param type="float4x4"/></accessor></technique_common></source><source id="LeftShoulder-Interpolations"><Name_array id="LeftShoulder-Interpolations-array" count="26">
 LINEAR LINEAR LINEAR LINEAR LINEAR LINEAR LINEAR LINEAR LINEAR LINEAR LINEAR
LINEAR LINEAR LINEAR LINEAR LINEAR LINEAR LINEAR LINEAR LINEAR LINEAR LINEAR LINEAR
LINEAR LINEAR LINEAR</Name_array><technique_common><accessor source="#LeftShoulder-Interpolations-array" count="26"><param type="name"/></accessor></technique_common></source><sampler id="LeftShoulder-Matrix-animation-transform"><input semantic="INPUT" source="#LeftShoulder-Matrix-animation-input"/><input semantic="OUTPUT" source="#LeftShoulder-Matrix-animation-output-transform"/><input semantic="INTERPOLATION" source="#LeftShoulder-Interpolations"/></sampler><channel source="#LeftShoulder-Matrix-animation-transform" target="LeftShoulder/matrix"/></animation>
    <animation id="LeftArm-anim" name="LeftArm"><source id="LeftArm-Matrix-animation-input"><float_array id="LeftArm-Matrix-animation-input-array" count="26">

0.000000 0.033333 0.066667 0.100000 0.133333 0.166667 0.200000 0.233333 0.266667 0.300000 0.333333 0.366667 0.400000 0.433333 0.466667 0.500000
0.533333 0.566667 0.600000 0.633333 0.666667 0.700000 0.733333 0.766667 0.800000 0.833333</float_array><technique_common><accessor source="#LeftArm-Matrix-animation-input-array" count="26"><param name="TIME" type="float"/></accessor></technique_common></source><source id="LeftArm-Matrix-animation-output-transform"><float_array id="LeftArm-Matrix-animation-output-transform-array" count="416">

