<?xml version="1.0" encoding="utf-8"?>
<COLLADA xmlns="http://www.collada.org/2005/11/COLLADASchema" version="1.4.1">
  <asset><contributor><author>Mixamo</author><authoring_tool>COLLADA Mixamo exporter</authoring_tool><comments></comments></contributor><created>2018-12-23T19:28:32Z</created><modified>2018-12-23T19:28:32Z</modified><revision></revision><title></title><unit meter="0.010000"/><up_axis>Y_UP</up_axis></asset>
  <library_animations>
    <animation id="Hips-anim" name="Hips"><source id="Hips-Matrix-animation-input"><float_array id="Hips-Matrix-animation-input-array" count="71">

0.000000 0.033333 0.066667 0.100000 0.133333 0.166667 0.200000 0.233333 0.266667 0.300000 0.333333 0.366667 0.400000 0.433333 0.466667 0.500000
0.533333 0.566667 0.600000 0.633333 0.666667 0.700000 0.733333 0.766667 0.800000 0.833333 0.866667 0.900000 0.933333 0.966667 1.000000 1.033333
1.066667 1.100000 1.133333 1.166667 1.200000 1.233333 1.266667 1.300000 1.333333 1.366667 1.400000 1.433333 1.466667 1.500000 1.533333 1.566667
1.600000 1.633333 1.666667 1.700000 1.733333 1.766667 1.800000 1.833333 1.866667 1.900000 1.933333 1.966667 2.000000 2.033333 2.066667 2.100000
2.133333 2.166667 2.200000 2.233333 2.266667 2.300000 2.333333</float_array><technique_common><accessor source="#Hips-Matrix-animation-input-array" count="71"><param name="TIME" type="float"/></accessor></technique_common></source><source id="Hips-Matrix-animation-output-transform"><float_array id="Hips-Matrix-animation-output-transform-array" count="1136">

0.977926 -0.113374 -0.175520 -0.000917 0.048008 0.939440 -0.339334 85.604660 0.203363 0.323418 0.924145 -0.000117 0.000000 0.000000 0.000000 1.000000
0.981990 -0.110689 -0.153112 0.450451 0.056961 0.946149 -0.318682 88.658714 0.180141 0.304221 0.935414 5.076992 0.000000 0.000000 0.000000 1.000000
0.985530 -0.108290 -0.130400 0.902031 0.065242 0.952389 -0.297824 91.706856 0.156443 0.285007 0.945673 10.162796 0.000000 0.000000 0.000000 1.000000
0.989065 -0.103511 -0.105047 1.390984 0.070602 0.957706 -0.278954 94.693588 0.129479 0.268488 0.954542 15.404147 0.000000 0.000000 0.000000 1.000000
0.993141 -0.091242 -0.073112 1.916356 0.068730 0.961452 -0.266243 97.302963 0.094587 0.259392 0.961129 20.958857 0.000000 0.000000 0.000000 1.000000
0.996933 -0.069621 -0.035740 2.463860 0.057757 0.962711 -0.264296 98.929741 0.052808 0.261421 0.963779 26.888760 0.000000 0.000000 0.000000 1.000000
0.998781 -0.048295 -0.010236 3.291796 0.043319 0.956803 -0.287491 98.142990 0.023679 0.286697 0.957729 33.161949 0.000000 0.000000 0.000000 1.000000
0.999286 -0.037470 -0.004914 4.494202 0.033461 0.937708 -0.345810 94.728523 0.017566 0.345398 0.938292 39.113007 0.000000 0.000000 0.000000 1.000000
0.999839 -0.017579 0.003667 5.582853 0.017586 0.917210 -0.398016 89.809708 0.003633 0.398016 0.917371 44.498119 0.000000 0.000000 0.000000 1.000000
0.999813 0.011776 0.015315 6.457129 -0.004774 0.918751 -0.394810 84.792442 -0.018720 0.394663 0.918635 49.849895 0.000000 0.000000 0.000000 1.000000
0.999050 0.037635 0.021985 7.112669 -0.028518 0.945872 -0.323284 80.826973 -0.032962 0.322350 0.946046 55.653744 0.000000 0.000000 0.000000 1.000000
0.998227 0.055801 0.020702 7.492366 -0.050550 0.978496 -0.199978 78.495644 -0.031416 0.198577 0.979582 62.118195 0.000000 0.000000 0.000000 1.000000
0.997412 0.071279 0.009414 7.529233 -0.070331 0.994464 -0.078074 79.349648 -0.014927 0.077210 0.996903 70.113724 0.000000 0.000000 0.000000 1.000000
0.997237 0.074286 -0.000025 7.366842 -0.074283 0.997201 -0.008480 85.738007 -0.000605 0.008458 0.999964 81.169769 0.000000 0.000000 0.000000 1.000000
0.997574 0.068272 -0.013630 7.134804 -0.067785 0.997139 0.033447 93.961227 0.015875 -0.032442 0.999348 91.905418 0.000000 0.000000 0.000000 1.000000
0.997763 0.062115 -0.024730 6.804956 -0.060656 0.996589 0.055954 102.664268 0.028121 -0.054329 0.998127 101.954987 0.000000 0.000000 0.000000 1.000000
0.997839 0.056514 -0.033532 6.350759 -0.054215 0.996352 0.065908 111.475113 0.037134 -0.063948 0.997262 111.796898 0.000000 0.000000 0.000000 1.000000
0.997864 0.050710 -0.041174 5.851683 -0.047859 0.996571 0.067503 120.594528 0.044456 -0.065388 0.996869 121.505898 0.000000 0.000000 0.000000 1.000000
0.997864 0.044594 -0.047745 5.309220 -0.041554 0.997156 0.062868 129.681992 0.050413 -0.060750 0.996879 130.994415 0.000000 0.000000 0.000000 1.000000
0.997848 0.038106 -0.053353 4.724290 -0.035214 0.997913 0.054124 138.381180 0.055305 -0.052129 0.997108 140.173080 0.000000 0.000000 0.000000 1.000000
0.997821 0.031223 -0.058128 4.100812 -0.028721 0.998645 0.043389 146.336197 0.059404 -0.041625 0.997366 148.960770 0.000000 0.000000 0.000000 1.000000
0.997910 0.023605 -0.060160 3.335064 -0.021998 0.999387 0.027242 153.202957 0.060766 -0.025862 0.997817 156.956680 0.000000 0.000000 0.000000 1.000000
0.998053 0.015281 -0.060471 2.490894 -0.015045 0.999877 0.004353 158.986496 0.060530 -0.003435 0.998160 164.252106 0.000000 0.000000 0.000000 1.000000
0.997748 0.006872 -0.066726 1.986513 -0.007964 0.999838 -0.016117 163.627914 0.066604 0.016612 0.997641 171.826950 0.000000 0.000000 0.000000 1.000000
0.996961 -0.003165 -0.077833 1.942739 0.000504 0.999415 -0.034185 166.384109 0.077895 0.034042 0.996380 179.542297 0.000000 0.000000 0.000000 1.000000
0.995936 -0.015214 -0.088769 2.118268 0.010585 0.998571 -0.052382 168.027496 0.089439 0.051230 0.994674 187.109711 0.000000 0.000000 0.000000 1.000000
0.994533 -0.028336 -0.100508 2.454045 0.021297 0.997289 -0.070429 168.483734 0.102232 0.067903 0.992440 194.660828 0.000000 0.000000 0.000000 1.000000
0.992601 -0.041622 -0.114063 2.886436 0.031630 0.995614 -0.088053 167.872681 0.117227 0.083793 0.989564 202.319183 0.000000 0.000000 0.000000 1.000000
0.989969 -0.054196 -0.130478 3.351461 0.040561 0.993646 -0.104987 166.240036 0.135339 0.098641 0.985877 210.164810 0.000000 0.000000 0.000000 1.000000
0.986407 -0.065210 -0.150828 3.785084 0.047056 0.991542 -0.120952 163.394058 0.157439 0.112210 0.981133 218.276154 0.000000 0.000000 0.000000 1.000000
0.981582 -0.073829 -0.176200 4.123106 0.050078 0.989494 -0.135626 158.896667 0.184362 0.124304 0.974966 226.731918 0.000000 0.000000 0.000000 1.000000
0.974985 -0.079216 -0.207674 4.301339 0.048596 0.987702 -0.148603 152.017212 0.216892 0.134794 0.966845 235.611053 0.000000 0.000000 0.000000 1.000000
0.965847 -0.080521 -0.246284 4.255724 0.041600 0.986347 -0.159336 142.864777 0.255751 0.143649 0.956011 244.997940 0.000000 0.000000 0.000000 1.000000
0.951872 -0.075986 -0.296928 3.905652 0.026900 0.985754 -0.166028 132.109695 0.305313 0.150050 0.940356 254.887070 0.000000 0.000000 0.000000 1.000000
0.922958 -0.058972 -0.380356 3.043611 -0.003355 0.986923 -0.161158 117.290077 0.384886 0.150018 0.910691 266.781006 0.000000 0.000000 0.000000 1.000000
0.890142 -0.034782 -0.454355 1.848771 -0.039792 0.987341 -0.153541 99.909637 0.453943 0.154753 0.877489 279.471954 0.000000 0.000000 0.000000 1.000000
0.893661 -0.009464 -0.448642 0.551384 -0.072933 0.983421 -0.166023 83.643036 0.442775 0.181089 0.878155 291.006775 0.000000 0.000000 0.000000 1.000000
0.931124 0.019855 -0.364163 0.163142 -0.100194 0.974022 -0.203081 70.001175 0.350671 0.225580 0.908924 300.910400 0.000000 0.000000 0.000000 1.000000
0.973847 0.052047 -0.221163 0.548731 -0.109610 0.960266 -0.256662 61.110889 0.199016 0.274191 0.940857 307.933472 0.000000 0.000000 0.000000 1.000000
0.995589 0.080595 -0.048039 0.518326 -0.091255 0.950793 -0.296082 54.328461 0.021812 0.299160 0.953954 313.286133 0.000000 0.000000 0.000000 1.000000
0.989595 0.096725 0.106520 0.758858 -0.061817 0.954333 -0.292278 49.179218 -0.129926 0.282652 0.950383 318.737244 0.000000 0.000000 0.000000 1.000000
0.967491 0.099053 0.232701 1.151525 -0.036795 0.965449 -0.257981 44.622295 -0.250215 0.241032 0.937708 323.993347 0.000000 0.000000 0.000000 1.000000
0.936284 0.091165 0.339208 1.634291 -0.018305 0.977082 -0.212074 40.579056 -0.350767 0.192352 0.916495 329.018433 0.000000 0.000000 0.000000 1.000000
0.905422 0.077310 0.417414 2.136346 -0.009719 0.986795 -0.161684 37.165367 -0.424401 0.142336 0.894217 333.682068 0.000000 0.000000 0.000000 1.000000
0.887745 0.063065 0.455994 2.710511 -0.010760 0.993143 -0.116408 34.841026 -0.460209 0.098434 0.882337 337.597687 0.000000 0.000000 0.000000 1.000000
0.888401 0.053320 0.455961 3.520104 -0.015648 0.996172 -0.086004 34.036137 -0.458801 0.069272 0.885835 340.256378 0.000000 0.000000 0.000000 1.000000
0.900178 0.048922 0.432766 4.288529 -0.020002 0.997266 -0.071131 34.061684 -0.435063 0.055374 0.898696 341.970825 0.000000 0.000000 0.000000 1.000000
0.914222 0.047097 0.402468 4.805453 -0.022793 0.997627 -0.064970 34.225784 -0.404573 0.050223 0.913125 343.341003 0.000000 0.000000 0.000000 1.000000
0.928126 0.045902 0.369426 5.105878 -0.024111 0.997698 -0.063390 34.443314 -0.371485 0.049927 0.927095 344.523926 0.000000 0.000000 0.000000 1.000000
0.942832 0.042143 0.330594 5.167502 -0.023063 0.997845 -0.061428 34.794518 -0.332470 0.050292 0.941772 345.369080 0.000000 0.000000 0.000000 1.000000
0.959169 0.028727 0.281369 5.054715 -0.013973 0.998427 -0.054306 35.401100 -0.282487 0.048157 0.958062 345.951782 0.000000 0.000000 0.000000 1.000000
0.974627 0.006736 0.223734 4.906787 0.005552 0.998512 -0.054249 36.641808 -0.223767 0.054115 0.973139 346.007996 0.000000 0.000000 0.000000 1.000000
0.985726 -0.010060 0.168054 4.782009 0.021233 0.997671 -0.064819 38.598118 -0.167010 0.067462 0.983644 345.837799 0.000000 0.000000 0.000000 1.000000
0.992782 -0.012220 0.119307 4.692813 0.020909 0.997196 -0.071848 41.159775 -0.118095 0.073824 0.990254 345.524750 0.000000 0.000000 0.000000 1.000000
0.997580 -0.002527 0.069486 5.251347 0.007944 0.996938 -0.077788 44.766853 -0.069077 0.078151 0.994545 344.856110 0.000000 0.000000 0.000000 1.000000
0.999958 0.007784 -0.004739 6.108010 -0.008191 0.995620 -0.093132 48.835167 0.003994 0.093167 0.995643 344.199860 0.000000 0.000000 0.000000 1.000000
0.991046 0.005216 -0.133423 6.710893 -0.020358 0.993456 -0.112383 53.342834 0.131963 0.114093 0.984667 343.010925 0.000000 0.000000 0.000000 1.000000
0.949250 -0.009767 -0.314372 7.117828 -0.030146 0.992091 -0.121848 58.166447 0.313076 0.125142 0.941447 341.874084 0.000000 0.000000 0.000000 1.000000
0.870747 -0.034049 -0.490551 7.501230 -0.035385 0.990675 -0.131571 62.869377 0.490457 0.131923 0.861422 341.058167 0.000000 0.000000 0.000000 1.000000
0.785179 -0.074616 -0.614757 7.610631 -0.033841 0.986061 -0.162907 67.051933 0.618344 0.148715 0.771709 340.414215 0.000000 0.000000 0.000000 1.000000
0.708032 -0.116197 -0.696555 7.237229 -0.038449 0.978564 -0.202323 70.579124 0.705133 0.170033 0.688387 339.842072 0.000000 0.000000 0.000000 1.000000
0.652400 -0.135937 -0.745584 6.584642 -0.046941 0.974646 -0.218774 73.009857 0.756420 0.177726 0.629478 339.484711 0.000000 0.000000 0.000000 1.000000
0.613290 -0.144537 -0.776521 5.984537 -0.051322 0.973745 -0.221781 74.586761 0.788189 0.175869 0.589770 339.267700 0.000000 0.000000 0.000000 1.000000
0.581754 -0.147829 -0.799818 5.408505 -0.053644 0.974230 -0.219084 75.773048 0.811594 0.170359 0.558832 339.123627 0.000000 0.000000 0.000000 1.000000
0.554798 -0.147697 -0.818770 4.850914 -0.055231 0.975408 -0.213377 76.703316 0.830150 0.163602 0.532997 339.051880 0.000000 0.000000 0.000000 1.000000
0.531979 -0.144726 -0.834298 4.320387 -0.057120 0.976907 -0.205887 77.507530 0.844829 0.157183 0.511427 339.056793 0.000000 0.000000 0.000000 1.000000
0.526591 -0.139824 -0.838541 3.634873 -0.053635 0.978952 -0.196919 78.211533 0.848425 0.148671 0.508008 339.134674 0.000000 0.000000 0.000000 1.000000
0.533953 -0.135148 -0.834643 2.787921 -0.045335 0.981147 -0.187872 78.843590 0.844298 0.138153 0.517759 339.240570 0.000000 0.000000 0.000000 1.000000
0.547217 -0.130663 -0.826729 1.867271 -0.034974 0.983307 -0.178559 79.432999 0.836260 0.126625 0.533513 339.352478 0.000000 0.000000 0.000000 1.000000
0.562297 -0.126410 -0.817216 0.921571 -0.024069 0.985327 -0.168974 79.997223 0.826585 0.114683 0.551004 339.455170 0.000000 0.000000 0.000000 1.000000
0.575261 -0.122301 -0.808775 0.000067 -0.014041 0.987137 -0.159259 80.553780 0.817849 0.102971 0.566144 339.533844 0.000000 0.000000 0.000000 1.000000</float_array><technique_common><accessor source="#Hips-Matrix-animation-output-transform-array" count="71" stride="16"><param type="float4x4"/></accessor></technique_common></source><source id="Hips-Interpolations"><Name_array id="Hips-Interpolations-array" count="71">
 LINEAR LINEAR LINEAR LINEAR LINEAR LINEAR LINEAR LINEAR LINEAR LINEAR LINEAR
LINEAR LINEAR LINEAR LINEAR LINEAR LINEAR LINEAR LINEAR LINEAR LINEAR LINEAR LINEAR
LINEAR LINEAR LINEAR LINEAR LINEAR LINEAR LINEAR LINEAR LINEAR LINEAR LINEAR LINEAR
LINEAR LINEAR LINEAR LINEAR LINEAR LINEAR LINEAR LINEAR LINEAR LINEAR LINEAR LINEAR
LINEAR LINEAR LINEAR LINEAR LINEAR LINEAR LINEAR LINEAR LINEAR LINEAR LINEAR LINEAR
LINEAR LINEAR LINEAR LINEAR LINEAR LINEAR LINEAR LINEAR LINEAR LINEAR LINEAR LINEAR</Name_array><technique_common><accessor source="#Hips-Interpolations-array" count="71"><param type="name"/></accessor></technique_common></source><sampler id="Hips-Matrix-animation-transform"><input semantic="INPUT" source="#Hips-Matrix-animation-input"/><input semantic="OUTPUT" source="#Hips-Matrix-animation-output-transform"/><input semantic="INTERPOLATION" source="#Hips-Interpolations"/></sampler><channel source="#Hips-Matrix-animation-transform" target="Hips/matrix"/></animation>
    <animation id="Spine-anim" name="Spine"><source id="Spine-Matrix-animation-input"><float_array id="Spine-Matrix-animation-input-array" count="71">

0.000000 0.033333 0.066667 0.100000 0.133333 0.166667 0.200000 0.233333 0.266667 0.300000 0.333333 0.366667 0.400000 0.433333 0.466667 0.500000
0.533333 0.566667 0.600000 0.633333 0.666667 0.700000 0.733333 0.766667 0.800000 0.833333 0.866667 0.900000 0.933333 0.966667 1.000000 1.033333
1.066667 1.100000 1.133333 1.166667 1.200000 1.233333 1.266667 1.300000 1.333333 1.366667 1.400000 1.433333 1.466667 1.500000 1.533333 1.566667
1.600000 1.633333 1.666667 1.700000 1.733333 1.766667 1.800000 1.833333 1.866667 1.900000 1.933333 1.966667 2.000000 2.033333 2.066667 2.100000
2.133333 2.166667 2.200000 2.233333 2.266667 2.300000 2.333333</float_array><technique_common><accessor source="#Spine-Matrix-animation-input-array" count="71"><param name="TIME" type="float"/></accessor></technique_common></source><source id="Spine-Matrix-animation-output-transform"><float_array id="Spine-Matrix-animation-output-transform-array" count="1136">

0.990622 0.109057 0.082314 0.017300 -0.057292 0.878457 -0.474375 10.574800 -0.124043 0.465210 0.876466 -1.117200 0.000000 0.000000 0.000000 1.000000
0.990815 0.100061 0.090962 0.017300 -0.056408 0.917169 -0.394486 10.574800 -0.122900 0.385731 0.914389 -1.117200 0.000000 0.000000 0.000000 1.000000
0.990852 0.091160 0.099512 0.017300 -0.055915 0.948414 -0.312065 10.574800 -0.122827 0.303646 0.944835 -1.117200 0.000000 0.000000 0.000000 1.000000
0.990755 0.084005 0.106527 0.017300 -0.056664 0.969689 -0.237680 10.574800 -0.123265 0.229446 0.965485 -1.117200 0.000000 0.000000 0.000000 1.000000
0.990757 0.080535 0.109152 0.017300 -0.058036 0.978980 -0.195526 10.574800 -0.122605 0.187384 0.974605 -1.117200 0.000000 0.000000 0.000000 1.000000
0.991332 0.079593 0.104527 0.017300 -0.057869 0.978798 -0.196485 10.574800 -0.117950 0.188733 0.974919 -1.117200 0.000000 0.000000 0.000000 1.000000
0.992789 0.079784 0.089472 0.017300 -0.060497 0.977795 -0.200640 10.574800 -0.103494 0.193780 0.975571 -1.117200 0.000000 0.000000 0.000000 1.000000
0.993862 0.084901 0.070927 0.017300 -0.073576 0.986046 -0.149332 10.574800 -0.082616 0.143197 0.986240 -1.117200 0.000000 0.000000 0.000000 1.000000
0.994200 0.086389 0.064056 0.017300 -0.080590 0.992840 -0.088164 10.574800 -0.071213 0.082491 0.994044 -1.117200 0.000000 0.000000 0.000000 1.000000
0.994356 0.073958 0.076063 0.017300 -0.068760 0.995256 -0.068830 10.574800 -0.080793 0.063211 0.994725 -1.117200 0.000000 0.000000 0.000000 1.000000
0.993156 0.048894 0.106065 0.017300 -0.037234 0.993316 -0.109252 10.574800 -0.110698 0.104555 0.988339 -1.117200 0.000000 0.000000 0.000000 1.000000
0.988469 0.018299 0.150312 0.017300 0.010689 0.981762 -0.189814 10.574800 -0.151044 0.189232 0.970246 -1.117200 0.000000 0.000000 0.000000 1.000000
0.980624 -0.002493 0.195884 0.017300 0.053402 0.965452 -0.255051 10.574800 -0.188481 0.260570 0.946878 -1.117200 0.000000 0.000000 0.000000 1.000000
0.978241 -0.012765 0.207079 0.017300 0.066351 0.964937 -0.253957 10.574800 -0.196576 0.262171 0.944788 -1.117200 0.000000 0.000000 0.000000 1.000000
0.978886 -0.022814 0.203130 0.017300 0.070222 0.970803 -0.229369 10.574800 -0.191966 0.238790 0.951908 -1.117200 0.000000 0.000000 0.000000 1.000000
0.980441 -0.032859 0.194050 0.017300 0.071690 0.977853 -0.196633 10.574800 -0.183291 0.206699 0.961083 -1.117200 0.000000 0.000000 0.000000 1.000000
0.982154 -0.042138 0.183295 0.017300 0.072042 0.984535 -0.159688 10.574800 -0.173731 0.170043 0.970001 -1.117200 0.000000 0.000000 0.000000 1.000000
0.983421 -0.049890 0.174339 0.017300 0.071950 0.989845 -0.122600 10.574800 -0.166452 0.133111 0.977024 -1.117200 0.000000 0.000000 0.000000 1.000000
0.983878 -0.055395 0.170048 0.017300 0.071136 0.993585 -0.087915 10.574800 -0.164087 0.098594 0.981506 -1.117200 0.000000 0.000000 0.000000 1.000000
0.983977 -0.058611 0.168385 0.017300 0.067707 0.996512 -0.048789 10.574800 -0.164938 0.059409 0.984513 -1.117200 0.000000 0.000000 0.000000 1.000000
0.983868 -0.060102 0.168500 0.017300 0.062408 0.998015 -0.008421 10.574800 -0.167659 0.018801 0.985666 -1.117200 0.000000 0.000000 0.000000 1.000000
0.983103 -0.060640 0.172719 0.017300 0.057738 0.998094 0.021777 10.574800 -0.173710 -0.011437 0.984730 -1.117200 0.000000 0.000000 0.000000 1.000000
0.982087 -0.060626 0.178407 0.017300 0.053783 0.997629 0.042950 10.574800 -0.180587 -0.032585 0.983019 -1.117200 0.000000 0.000000 0.000000 1.000000
0.981630 -0.059199 0.181376 0.017300 0.051124 0.997495 0.048880 10.574800 -0.183815 -0.038709 0.982198 -1.117200 0.000000 0.000000 0.000000 1.000000
0.980895 -0.056896 0.186030 0.017300 0.049495 0.997796 0.044194 10.574800 -0.188135 -0.034143 0.981550 -1.117200 0.000000 0.000000 0.000000 1.000000
0.979616 -0.054137 0.193446 0.017300 0.048643 0.998269 0.033044 10.574800 -0.194900 -0.022961 0.980554 -1.117200 0.000000 0.000000 0.000000 1.000000
0.978081 -0.050977 0.201888 0.017300 0.048586 0.998678 0.016785 10.574800 -0.202476 -0.006608 0.979265 -1.117200 0.000000 0.000000 0.000000 1.000000
0.976627 -0.047470 0.209632 0.017300 0.049239 0.998782 -0.003225 10.574800 -0.209224 0.013471 0.977775 -1.117200 0.000000 0.000000 0.000000 1.000000
0.975645 -0.043669 0.214964 0.017300 0.050335 0.998403 -0.025633 10.574800 -0.213501 0.035829 0.976286 -1.117200 0.000000 0.000000 0.000000 1.000000
0.975551 -0.039628 0.216170 0.017300 0.051399 0.997470 -0.049103 10.574800 -0.213678 0.059013 0.975120 -1.117200 0.000000 0.000000 0.000000 1.000000
0.976729 -0.035402 0.211533 0.017300 0.051761 0.996038 -0.072306 10.574800 -0.208136 0.081573 0.974692 -1.117200 0.000000 0.000000 0.000000 1.000000
0.979446 -0.031048 0.199304 0.017300 0.050624 0.994295 -0.093890 10.574800 -0.195252 0.102050 0.975429 -1.117200 0.000000 0.000000 0.000000 1.000000
0.983727 -0.026628 0.177687 0.017300 0.047173 0.992540 -0.112422 10.574800 -0.173368 0.118975 0.977644 -1.117200 0.000000 0.000000 0.000000 1.000000
0.989623 -0.022726 0.141883 0.017300 0.040756 0.991256 -0.125499 10.574800 -0.137790 0.129979 0.981896 -1.117200 0.000000 0.000000 0.000000 1.000000
0.997087 -0.021298 0.073235 0.017300 0.030631 0.991200 -0.128777 10.574800 -0.069848 0.130645 0.988966 -1.117200 0.000000 0.000000 0.000000 1.000000
0.999898 -0.013949 -0.002904 0.017300 0.013428 0.990716 -0.135281 10.574800 0.004764 0.135228 0.990803 -1.117200 0.000000 0.000000 0.000000 1.000000
0.998890 0.018226 -0.043446 0.017300 -0.025435 0.984827 -0.171665 10.574800 0.039658 0.172579 0.984197 -1.117200 0.000000 0.000000 0.000000 1.000000
0.996570 0.068511 -0.046420 0.017300 -0.077873 0.966171 -0.245866 10.574800 0.028005 0.248638 0.968192 -1.117200 0.000000 0.000000 0.000000 1.000000
0.994835 0.091635 -0.043652 0.017300 -0.100974 0.937254 -0.333704 10.574800 0.010334 0.336389 0.941667 -1.117200 0.000000 0.000000 0.000000 1.000000
0.995836 0.077429 -0.048114 0.017300 -0.090331 0.909170 -0.406510 10.574800 0.012268 0.409163 0.912379 -1.117200 0.000000 0.000000 0.000000 1.000000
0.997116 0.053949 -0.053382 0.017300 -0.072286 0.889413 -0.451353 10.574800 0.023129 0.453910 0.890747 -1.117200 0.000000 0.000000 0.000000 1.000000
0.997944 0.034843 -0.053793 0.017300 -0.056393 0.876193 -0.478649 10.574800 0.030455 0.480699 0.876357 -1.117200 0.000000 0.000000 0.000000 1.000000
0.998630 0.019233 -0.048665 0.017300 -0.040997 0.865506 -0.499218 10.574800 0.032518 0.500530 0.865108 -1.117200 0.000000 0.000000 0.000000 1.000000
0.999188 0.011726 -0.038552 0.017300 -0.029961 0.855957 -0.516178 10.574800 0.026946 0.516914 0.855613 -1.117200 0.000000 0.000000 0.000000 1.000000
0.999485 0.017343 -0.027017 0.017300 -0.029023 0.847875 -0.529402 10.574800 0.013725 0.529913 0.847941 -1.117200 0.000000 0.000000 0.000000 1.000000
0.999272 0.033679 -0.017919 0.017300 -0.038041 0.844278 -0.534553 10.574800 -0.002875 0.534846 0.844945 -1.117200 0.000000 0.000000 0.000000 1.000000
0.998389 0.055740 -0.010631 0.017300 -0.052852 0.845237 -0.531772 10.574800 -0.020655 0.531477 0.846821 -1.117200 0.000000 0.000000 0.000000 1.000000
0.996741 0.080601 -0.003236 0.017300 -0.070237 0.847454 -0.526201 10.574800 -0.039670 0.524714 0.850354 -1.117200 0.000000 0.000000 0.000000 1.000000
0.994207 0.107372 0.004850 0.017300 -0.089165 0.849140 -0.520587 10.574800 -0.060015 0.517139 0.853795 -1.117200 0.000000 0.000000 0.000000 1.000000
0.990390 0.137514 0.014769 0.017300 -0.109880 0.847192 -0.519801 10.574800 -0.083992 0.513183 0.854160 -1.117200 0.000000 0.000000 0.000000 1.000000
0.984699 0.172317 0.025984 0.017300 -0.133171 0.840256 -0.525581 10.574800 -0.112400 0.514079 0.850347 -1.117200 0.000000 0.000000 0.000000 1.000000
0.978448 0.203669 0.034029 0.017300 -0.156028 0.837164 -0.524225 10.574800 -0.135256 0.507618 0.850899 -1.117200 0.000000 0.000000 0.000000 1.000000
0.976019 0.214680 0.036056 0.017300 -0.166416 0.842611 -0.512164 10.574800 -0.140332 0.493881 0.858131 -1.117200 0.000000 0.000000 0.000000 1.000000
0.979406 0.199597 0.030396 0.017300 -0.157848 0.850860 -0.501119 10.574800 -0.125885 0.486002 0.864844 -1.117200 0.000000 0.000000 0.000000 1.000000
0.985838 0.167070 0.014552 0.017300 -0.138689 0.860993 -0.489342 10.574800 -0.094284 0.480394 0.871970 -1.117200 0.000000 0.000000 0.000000 1.000000
0.991860 0.127043 -0.008624 0.017300 -0.116298 0.876221 -0.467666 10.574800 -0.051857 0.464862 0.883863 -1.117200 0.000000 0.000000 0.000000 1.000000
0.994905 0.097976 -0.023775 0.017300 -0.098398 0.892254 -0.440681 10.574800 -0.021963 0.440776 0.897349 -1.117200 0.000000 0.000000 0.000000 1.000000
0.995409 0.095196 -0.009955 0.017300 -0.090583 0.903336 -0.419259 10.574800 -0.030919 0.418236 0.907812 -1.117200 0.000000 0.000000 0.000000 1.000000
0.994696 0.101579 0.016152 0.017300 -0.086955 0.914376 -0.395418 10.574800 -0.054935 0.391916 0.918359 -1.117200 0.000000 0.000000 0.000000 1.000000
0.994639 0.100213 0.025492 0.017300 -0.084602 0.930411 -0.356619 10.574800 -0.059456 0.352551 0.933902 -1.117200 0.000000 0.000000 0.000000 1.000000
0.994523 0.099185 0.032962 0.017300 -0.083865 0.945488 -0.314674 10.574800 -0.062376 0.310186 0.948627 -1.117200 0.000000 0.000000 0.000000 1.000000
0.994084 0.098431 0.045916 0.017300 -0.080569 0.951779 -0.296017 10.574800 -0.072839 0.290566 0.954079 -1.117200 0.000000 0.000000 0.000000 1.000000
0.994246 0.090640 0.057092 0.017300 -0.070062 0.953390 -0.293495 10.574800 -0.081033 0.287806 0.954254 -1.117200 0.000000 0.000000 0.000000 1.000000
0.994243 0.080198 0.071053 0.017300 -0.057726 0.959608 -0.275356 10.574800 -0.090266 0.269669 0.958713 -1.117200 0.000000 0.000000 0.000000 1.000000
0.993700 0.072264 0.085660 0.017300 -0.049308 0.968300 -0.244875 10.574800 -0.100640 0.239108 0.965763 -1.117200 0.000000 0.000000 0.000000 1.000000
0.993154 0.064187 0.097595 0.017300 -0.041523 0.974921 -0.218641 10.574800 -0.109182 0.213092 0.970912 -1.117200 0.000000 0.000000 0.000000 1.000000
0.993253 0.058675 0.100025 0.017300 -0.037977 0.979566 -0.197505 10.574800 -0.109569 0.192373 0.975186 -1.117200 0.000000 0.000000 0.000000 1.000000
0.993986 0.056499 0.093803 0.017300 -0.038960 0.983031 -0.179255 10.574800 -0.102339 0.174522 0.979321 -1.117200 0.000000 0.000000 0.000000 1.000000
0.994934 0.055803 0.083616 0.017300 -0.041649 0.985852 -0.162362 10.574800 -0.091494 0.158057 0.983182 -1.117200 0.000000 0.000000 0.000000 1.000000
0.995846 0.055595 0.072113 0.017300 -0.044614 0.988302 -0.145837 10.574800 -0.079378 0.142014 0.986677 -1.117200 0.000000 0.000000 0.000000 1.000000
0.996569 0.054883 0.061948 0.017300 -0.046550 0.990584 -0.128751 10.574800 -0.068431 0.125426 0.989740 -1.117200 0.000000 0.000000 0.000000 1.000000</float_array><technique_common><accessor source="#Spine-Matrix-animation-output-transform-array" count="71" stride="16"><param type="float4x4"/></accessor></technique_common></source><source id="Spine-Interpolations"><Name_array id="Spine-Interpolations-array" count="71">
 LINEAR LINEAR LINEAR LINEAR LINEAR LINEAR LINEAR LINEAR LINEAR LINEAR LINEAR
LINEAR LINEAR LINEAR LINEAR LINEAR LINEAR LINEAR LINEAR LINEAR LINEAR LINEAR LINEAR
LINEAR LINEAR LINEAR LINEAR LINEAR LINEAR LINEAR LINEAR LINEAR LINEAR LINEAR LINEAR
LINEAR LINEAR LINEAR LINEAR LINEAR LINEAR LINEAR LINEAR LINEAR LINEAR LINEAR LINEAR
LINEAR LINEAR LINEAR LINEAR LINEAR LINEAR LINEAR LINEAR LINEAR LINEAR LINEAR LINEAR
LINEAR LINEAR LINEAR LINEAR LINEAR LINEAR LINEAR LINEAR LINEAR LINEAR LINEAR LINEAR</Name_array><technique_common><accessor source="#Spine-Interpolations-array" count="71"><param type="name"/></accessor></technique_common></source><sampler id="Spine-Matrix-animation-transform"><input semantic="INPUT" source="#Spine-Matrix-animation-input"/><input semantic="OUTPUT" source="#Spine-Matrix-animation-output-transform"/><input semantic="INTERPOLATION" source="#Spine-Interpolations"/></sampler><channel source="#Spine-Matrix-animation-transform" target="Spine/matrix"/></animation>
    <animation id="Spine1-anim" name="Spine1"><source id="Spine1-Matrix-animation-input"><float_array id="Spine1-Matrix-animation-input-array" count="71">

0.000000 0.033333 0.066667 0.100000 0.133333 0.166667 0.200000 0.233333 0.266667 0.300000 0.333333 0.366667 0.400000 0.433333 0.466667 0.500000
0.533333 0.566667 0.600000 0.633333 0.666667 0.700000 0.733333 0.766667 0.800000 0.833333 0.866667 0.900000 0.933333 0.966667 1.000000 1.033333
1.066667 1.100000 1.133333 1.166667 1.200000 1.233333 1.266667 1.300000 1.333333 1.366667 1.400000 1.433333 1.466667 1.500000 1.533333 1.566667
1.600000 1.633333 1.666667 1.700000 1.733333 1.766667 1.800000 1.833333 1.866667 1.900000 1.933333 1.966667 2.000000 2.033333 2.066667 2.100000
2.133333 2.166667 2.200000 2.233333 2.266667 2.300000 2.333333</float_array><technique_common><accessor source="#Spine1-Matrix-animation-input-array" count="71"><param name="TIME" type="float"/></accessor></technique_common></source><source id="Spine1-Matrix-animation-output-transform"><float_array id="Spine1-Matrix-animation-output-transform-array" count="1136">

0.999427 0.011376 0.031870 0.019000 -0.010210 0.999280 -0.036532 12.337300 -0.032262 0.036186 0.998824 -1.303400 0.000000 0.000000 0.000000 1.000000
0.999436 0.010220 0.031985 0.019000 -0.008824 0.999015 -0.043483 12.337300 -0.032398 0.043176 0.998542 -1.303400 0.000000 0.000000 0.000000 1.000000
0.999442 0.009242 0.032103 0.019000 -0.007636 0.998730 -0.049798 12.337300 -0.032522 0.049525 0.998243 -1.303400 0.000000 0.000000 0.000000 1.000000
0.999482 0.010809 0.030301 0.019000 -0.009393 0.998875 -0.046477 12.337300 -0.030770 0.046168 0.998460 -1.303400 0.000000 0.000000 0.000000 1.000000
0.999561 0.018109 0.023429 0.019000 -0.017545 0.999556 -0.024076 12.337300 -0.023854 0.023654 0.999436 -1.303400 0.000000 0.000000 0.000000 1.000000
0.999511 0.028959 0.011835 0.019000 -0.029100 0.999506 0.011885 12.337300 -0.011485 -0.012223 0.999859 -1.303400 0.000000 0.000000 0.000000 1.000000
0.999358 0.035758 0.002141 0.019000 -0.035821 0.998024 0.051632 12.337300 -0.000290 -0.051675 0.998664 -1.303400 0.000000 0.000000 0.000000 1.000000
0.999076 0.042969 0.000223 0.019000 -0.042849 0.995871 0.080033 12.337300 0.003217 -0.079968 0.996792 -1.303400 0.000000 0.000000 0.000000 1.000000
0.998413 0.055772 0.007868 0.019000 -0.056043 0.997631 0.039900 12.337300 -0.005625 -0.040278 0.999173 -1.303400 0.000000 0.000000 0.000000 1.000000
0.997407 0.068199 0.022989 0.019000 -0.067020 0.996563 -0.048679 12.337300 -0.026230 0.047012 0.998550 -1.303400 0.000000 0.000000 0.000000 1.000000
0.996111 0.078655 0.039692 0.019000 -0.073516 0.990343 -0.117539 12.337300 -0.048554 0.114164 0.992275 -1.303400 0.000000 0.000000 0.000000 1.000000
0.994593 0.087615 0.055752 0.019000 -0.079150 0.987094 -0.139216 12.337300 -0.067230 0.134050 0.988691 -1.303400 0.000000 0.000000 0.000000 1.000000
0.993675 0.087404 0.070496 0.019000 -0.080287 0.991928 -0.098146 12.337300 -0.078505 0.091866 0.992672 -1.303400 0.000000 0.000000 0.000000 1.000000
0.994745 0.072783 0.072001 0.019000 -0.069202 0.996296 -0.051039 12.337300 -0.075449 0.045788 0.996098 -1.303400 0.000000 0.000000 0.000000 1.000000
0.996319 0.054409 0.066248 0.019000 -0.053761 0.998487 -0.011520 12.337300 -0.066775 0.007916 0.997737 -1.303400 0.000000 0.000000 0.000000 1.000000
0.997704 0.035047 0.057959 0.019000 -0.036518 0.999032 0.024523 12.337300 -0.057044 -0.026583 0.998018 -1.303400 0.000000 0.000000 0.000000 1.000000
0.998643 0.017342 0.049110 0.019000 -0.020061 0.998261 0.055436 12.337300 -0.048063 -0.056346 0.997254 -1.303400 0.000000 0.000000 0.000000 1.000000
0.999123 0.003944 0.041697 0.019000 -0.007266 0.996782 0.079827 12.337300 -0.041248 -0.080060 0.995936 -1.303400 0.000000 0.000000 0.000000 1.000000
0.999296 -0.002354 0.037447 0.019000 -0.001262 0.995358 0.096235 12.337300 -0.037499 -0.096214 0.994654 -1.303400 0.000000 0.000000 0.000000 1.000000
0.999366 0.000019 0.035616 0.019000 -0.003691 0.994672 0.103023 12.337300 -0.035425 -0.103090 0.994041 -1.303400 0.000000 0.000000 0.000000 1.000000
0.999346 0.007624 0.035352 0.019000 -0.011219 0.994656 0.102630 12.337300 -0.034381 -0.102960 0.994091 -1.303400 0.000000 0.000000 0.000000 1.000000
0.999225 0.014466 0.036610 0.019000 -0.018056 0.994852 0.099721 12.337300 -0.034978 -0.100305 0.994342 -1.303400 0.000000 0.000000 0.000000 1.000000
0.999076 0.019323 0.038393 0.019000 -0.022929 0.995133 0.095831 12.337300 -0.036355 -0.096623 0.994657 -1.303400 0.000000 0.000000 0.000000 1.000000
0.999004 0.020265 0.039754 0.019000 -0.023724 0.995787 0.088575 12.337300 -0.037792 -0.089430 0.995276 -1.303400 0.000000 0.000000 0.000000 1.000000
0.998963 0.017850 0.041878 0.019000 -0.021095 0.996702 0.078364 12.337300 -0.040341 -0.079166 0.996045 -1.303400 0.000000 0.000000 0.000000 1.000000
0.998902 0.013190 0.044964 0.019000 -0.016156 0.997672 0.066252 12.337300 -0.043985 -0.066906 0.996789 -1.303400 0.000000 0.000000 0.000000 1.000000
0.998800 0.006932 0.048474 0.019000 -0.009494 0.998559 0.052822 12.337300 -0.048038 -0.053219 0.997427 -1.303400 0.000000 0.000000 0.000000 1.000000
0.998654 -0.000272 0.051869 0.019000 -0.001734 0.999252 0.038639 12.337300 -0.051841 -0.038677 0.997906 -1.303400 0.000000 0.000000 0.000000 1.000000
0.998477 -0.007776 0.054612 0.019000 0.006458 0.999685 0.024251 12.337300 -0.054783 -0.023862 0.998213 -1.303400 0.000000 0.000000 0.000000 1.000000
0.998310 -0.014928 0.056165 0.019000 0.014378 0.999845 0.010180 12.337300 -0.056308 -0.009355 0.998370 -1.303400 0.000000 0.000000 0.000000 1.000000
0.998209 -0.021079 0.055995 0.019000 0.021284 0.999769 -0.003070 12.337300 -0.055917 0.004256 0.998426 -1.303400 0.000000 0.000000 0.000000 1.000000
0.998237 -0.025582 0.053566 0.019000 0.026420 0.999538 -0.014999 12.337300 -0.053158 0.016388 0.998452 -1.303400 0.000000 0.000000 0.000000 1.000000
0.998444 -0.027787 0.048344 0.019000 0.029024 0.999264 -0.025090 12.337300 -0.047611 0.026454 0.998516 -1.303400 0.000000 0.000000 0.000000 1.000000
0.998885 -0.026744 0.038907 0.019000 0.028017 0.999078 -0.032535 12.337300 -0.038001 0.033589 0.998713 -1.303400 0.000000 0.000000 0.000000 1.000000
0.999600 -0.020205 0.019801 0.019000 0.020895 0.999158 -0.035295 12.337300 -0.019071 0.035695 0.999181 -1.303400 0.000000 0.000000 0.000000 1.000000
0.999943 -0.010628 -0.001110 0.019000 0.010582 0.999326 -0.035160 12.337300 0.001483 0.035146 0.999381 -1.303400 0.000000 0.000000 0.000000 1.000000
0.999945 0.000144 -0.010521 0.019000 -0.000509 0.999396 -0.034740 12.337300 0.010509 0.034744 0.999341 -1.303400 0.000000 0.000000 0.000000 1.000000
0.999911 0.010292 -0.008496 0.019000 -0.010616 0.999181 -0.039042 12.337300 0.008087 0.039128 0.999201 -1.303400 0.000000 0.000000 0.000000 1.000000
0.999930 0.009280 -0.007300 0.019000 -0.009656 0.998531 -0.053308 12.337300 0.006795 0.053375 0.998551 -1.303400 0.000000 0.000000 0.000000 1.000000
0.999930 -0.002696 -0.011536 0.019000 0.001850 0.997348 -0.072752 12.337300 0.011701 0.072725 0.997283 -1.303400 0.000000 0.000000 0.000000 1.000000
0.999766 -0.013579 -0.016843 0.019000 0.012104 0.996326 -0.084781 12.337300 0.017932 0.084558 0.996257 -1.303400 0.000000 0.000000 0.000000 1.000000
0.999602 -0.019668 -0.020211 0.019000 0.017816 0.995954 -0.088079 12.337300 0.021862 0.087684 0.995908 -1.303400 0.000000 0.000000 0.000000 1.000000
0.999470 -0.024265 -0.021722 0.019000 0.022270 0.995889 -0.087798 12.337300 0.023763 0.087267 0.995901 -1.303400 0.000000 0.000000 0.000000 1.000000
0.999347 -0.029014 -0.021517 0.019000 0.027052 0.995887 -0.086474 12.337300 0.023938 0.085836 0.996022 -1.303400 0.000000 0.000000 0.000000 1.000000
0.999260 -0.032958 -0.019822 0.019000 0.031160 0.995892 -0.085023 12.337300 0.022543 0.084343 0.996182 -1.303400 0.000000 0.000000 0.000000 1.000000
0.999286 -0.033775 -0.016910 0.019000 0.032262 0.996034 -0.082920 12.337300 0.019643 0.082315 0.996413 -1.303400 0.000000 0.000000 0.000000 1.000000
0.999419 -0.031517 -0.012963 0.019000 0.030381 0.996324 -0.080101 12.337300 0.015440 0.079661 0.996702 -1.303400 0.000000 0.000000 0.000000 1.000000
0.999569 -0.028127 -0.008400 0.019000 0.027395 0.996638 -0.077219 12.337300 0.010544 0.076956 0.996979 -1.303400 0.000000 0.000000 0.000000 1.000000
0.999697 -0.024396 -0.003414 0.019000 0.024073 0.996924 -0.074581 12.337300 0.005223 0.074476 0.997209 -1.303400 0.000000 0.000000 0.000000 1.000000
0.999800 -0.019822 0.002543 0.019000 0.019955 0.997124 -0.073115 12.337300 -0.001087 0.073151 0.997320 -1.303400 0.000000 0.000000 0.000000 1.000000
0.999866 -0.013121 0.009815 0.019000 0.013803 0.997237 -0.072990 12.337300 -0.008830 0.073115 0.997284 -1.303400 0.000000 0.000000 0.000000 1.000000
0.999850 -0.004700 0.016691 0.019000 0.005880 0.997434 -0.071348 12.337300 -0.016313 0.071435 0.997312 -1.303400 0.000000 0.000000 0.000000 1.000000
0.999795 0.001313 0.020216 0.019000 0.000049 0.997740 -0.067194 12.337300 -0.020258 0.067181 0.997535 -1.303400 0.000000 0.000000 0.000000 1.000000
0.999822 0.002221 0.018748 0.019000 -0.001048 0.998056 -0.062312 12.337300 -0.018850 0.062282 0.997881 -1.303400 0.000000 0.000000 0.000000 1.000000
0.999923 -0.000415 0.012388 0.019000 0.001126 0.998346 -0.057476 12.337300 -0.012343 0.057486 0.998270 -1.303400 0.000000 0.000000 0.000000 1.000000
0.999990 -0.002995 0.003365 0.019000 0.003169 0.998600 -0.052802 12.337300 -0.003202 0.052812 0.998599 -1.303400 0.000000 0.000000 0.000000 1.000000
0.999999 -0.000649 -0.001406 0.019000 0.000583 0.998920 -0.046464 12.337300 0.001435 0.046463 0.998919 -1.303400 0.000000 0.000000 0.000000 1.000000
0.999967 0.006533 0.004899 0.019000 -0.006341 0.999249 -0.038232 12.337300 -0.005145 0.038199 0.999257 -1.303400 0.000000 0.000000 0.000000 1.000000
0.999835 0.011192 0.014317 0.019000 -0.010705 0.999377 -0.033626 12.337300 -0.014685 0.033468 0.999332 -1.303400 0.000000 0.000000 0.000000 1.000000
0.999818 0.009635 0.016473 0.019000 -0.009045 0.999328 -0.035507 12.337300 -0.016804 0.035351 0.999234 -1.303400 0.000000 0.000000 0.000000 1.000000
0.999816 0.007042 0.017853 0.019000 -0.006367 0.999274 -0.037573 12.337300 -0.018104 0.037452 0.999134 -1.303400 0.000000 0.000000 0.000000 1.000000
0.999743 0.005569 0.021960 0.019000 -0.004736 0.999273 -0.037825 12.337300 -0.022155 0.037711 0.999043 -1.303400 0.000000 0.000000 0.000000 1.000000
0.999663 0.003423 0.025724 0.019000 -0.002451 0.999286 -0.037695 12.337300 -0.025835 0.037619 0.998958 -1.303400 0.000000 0.000000 0.000000 1.000000
0.999568 -0.000181 0.029392 0.019000 0.001260 0.999326 -0.036680 12.337300 -0.029366 0.036701 0.998895 -1.303400 0.000000 0.000000 0.000000 1.000000
0.999446 -0.005850 0.032749 0.019000 0.006992 0.999368 -0.034847 12.337300 -0.032524 0.035057 0.998856 -1.303400 0.000000 0.000000 0.000000 1.000000
0.999283 -0.013352 0.035434 0.019000 0.014514 0.999359 -0.032731 12.337300 -0.034975 0.033222 0.998836 -1.303400 0.000000 0.000000 0.000000 1.000000
0.999158 -0.020153 0.035724 0.019000 0.021245 0.999310 -0.030453 12.337300 -0.035086 0.031186 0.998898 -1.303400 0.000000 0.000000 0.000000 1.000000
0.999097 -0.025705 0.033823 0.019000 0.026660 0.999249 -0.028102 12.337300 -0.033075 0.028978 0.999033 -1.303400 0.000000 0.000000 0.000000 1.000000
0.999050 -0.030714 0.030920 0.019000 0.031515 0.999172 -0.025740 12.337300 -0.030104 0.026690 0.999190 -1.303400 0.000000 0.000000 0.000000 1.000000
0.998985 -0.035543 0.027686 0.019000 0.036195 0.999071 -0.023397 12.337300 -0.026829 0.024375 0.999343 -1.303400 0.000000 0.000000 0.000000 1.000000
0.998870 -0.040556 0.024793 0.019000 0.041082 0.998933 -0.021096 12.337300 -0.023911 0.022091 0.999470 -1.303400 0.000000 0.000000 0.000000 1.000000</float_array><technique_common><accessor source="#Spine1-Matrix-animation-output-transform-array" count="71" stride="16"><param type="float4x4"/></accessor></technique_common></source><source id="Spine1-Interpolations"><Name_array id="Spine1-Interpolations-array" count="71">
 LINEAR LINEAR LINEAR LINEAR LINEAR LINEAR LINEAR LINEAR LINEAR LINEAR LINEAR
LINEAR LINEAR LINEAR LINEAR LINEAR LINEAR LINEAR LINEAR LINEAR LINEAR LINEAR LINEAR
LINEAR LINEAR LINEAR LINEAR LINEAR LINEAR LINEAR LINEAR LINEAR LINEAR LINEAR LINEAR
LINEAR LINEAR LINEAR LINEAR LINEAR LINEAR LINEAR LINEAR LINEAR LINEAR LINEAR LINEAR
LINEAR LINEAR LINEAR LINEAR LINEAR LINEAR LINEAR LINEAR LINEAR LINEAR LINEAR LINEAR
LINEAR LINEAR LINEAR LINEAR LINEAR LINEAR LINEAR LINEAR LINEAR LINEAR LINEAR LINEAR</Name_array><technique_common><accessor source="#Spine1-Interpolations-array" count="71"><param type="name"/></accessor></technique_common></source><sampler id="Spine1-Matrix-animation-transform"><input semantic="INPUT" source="#Spine1-Matrix-animation-input"/><input semantic="OUTPUT" source="#Spine1-Matrix-animation-output-transform"/><input semantic="INTERPOLATION" source="#Spine1-Interpolations"/></sampler><channel source="#Spine1-Matrix-animation-transform" target="Spine1/matrix"/></animation>
    <animation id="Spine2-anim" name="Spine2"><source id="Spine2-Matrix-animation-input"><float_array id="Spine2-Matrix-animation-input-array" count="71">

0.000000 0.033333 0.066667 0.100000 0.133333 0.166667 0.200000 0.233333 0.266667 0.300000 0.333333 0.366667 0.400000 0.433333 0.466667 0.500000
0.533333 0.566667 0.600000 0.633333 0.666667 0.700000 0.733333 0.766667 0.800000 0.833333 0.866667 0.900000 0.933333 0.966667 1.000000 1.033333
1.066667 1.100000 1.133333 1.166667 1.200000 1.233333 1.266667 1.300000 1.333333 1.366667 1.400000 1.433333 1.466667 1.500000 1.533333 1.566667
