<?xml version="1.0" encoding="utf-8"?>
<COLLADA xmlns="http://www.collada.org/2005/11/COLLADASchema" version="1.4.1">
  <asset><contributor><author>Mixamo</author><authoring_tool>COLLADA Mixamo exporter</authoring_tool><comments></comments></contributor><created>2018-10-27T23:34:46Z</created><modified>2018-10-27T23:34:46Z</modified><revision></revision><title></title><unit meter="0.010000"/><up_axis>Y_UP</up_axis></asset>
  <library_animations>
    <animation id="Hips-anim" name="Hips"><source id="Hips-Matrix-animation-input"><float_array id="Hips-Matrix-animation-input-array" count="34">

0.000000 0.033333 0.066667 0.100000 0.133333 0.166667 0.200000 0.233333 0.266667 0.300000 0.333333 0.366667 0.400000 0.433333 0.466667 0.500000
0.533333 0.566667 0.600000 0.633333 0.666667 0.700000 0.733333 0.766667 0.800000 0.833333 0.866667 0.900000 0.933333 0.966667 1.000000 1.033333
1.066667 1.100000</float_array><technique_common><accessor source="#Hips-Matrix-animation-input-array" count="34"><param name="TIME" type="float"/></accessor></technique_common></source><source id="Hips-Matrix-animation-output-transform"><float_array id="Hips-Matrix-animation-output-transform-array" count="544">

0.999664 -0.025888 0.001264 0.000044 0.025858 0.999461 0.020221 91.746719 -0.001787 -0.020182 0.999795 -0.000053 0.000000 0.000000 0.000000 1.000000
0.999372 -0.031542 -0.016150 -0.114359 0.031827 0.999337 0.017697 92.385719 0.015581 -0.018200 0.999713 4.382817 0.000000 0.000000 0.000000 1.000000
0.998770 -0.036463 -0.033590 -0.203135 0.036975 0.999207 0.014757 92.634529 0.033026 -0.015981 0.999327 8.849252 0.000000 0.000000 0.000000 1.000000
0.997683 -0.041010 -0.054292 -0.253337 0.041712 0.999059 0.011860 92.516678 0.053755 -0.014097 0.998455 13.475112 0.000000 0.000000 0.000000 1.000000
0.995837 -0.042589 -0.080585 -0.254426 0.043363 0.999028 0.007874 92.018051 0.080171 -0.011335 0.996717 18.101160 0.000000 0.000000 0.000000 1.000000
0.993110 -0.038670 -0.110622 -0.208692 0.039398 0.999214 0.004405 91.282516 0.110364 -0.008733 0.993853 22.891228 0.000000 0.000000 0.000000 1.000000
0.989760 -0.033966 -0.138642 -0.013140 0.034234 0.999414 -0.000453 90.384026 0.138576 -0.004298 0.990342 27.691616 0.000000 0.000000 0.000000 1.000000
0.987465 -0.031212 -0.154724 0.402873 0.031162 0.999511 -0.002748 89.472740 0.154734 -0.002108 0.987954 32.665020 0.000000 0.000000 0.000000 1.000000
0.986564 -0.030973 -0.160410 1.044406 0.031097 0.999515 -0.001741 88.637421 0.160386 -0.003271 0.987049 38.009464 0.000000 0.000000 0.000000 1.000000
0.985928 -0.030323 -0.164396 1.781273 0.031146 0.999512 0.002433 87.963562 0.164242 -0.007520 0.986391 43.524429 0.000000 0.000000 0.000000 1.000000
0.985690 -0.026811 -0.166423 2.462288 0.028724 0.999546 0.009097 87.620628 0.166104 -0.013747 0.986012 48.914017 0.000000 0.000000 0.000000 1.000000
0.986025 -0.021147 -0.165252 3.006980 0.024110 0.999582 0.015945 87.676483 0.164845 -0.019706 0.986123 54.026752 0.000000 0.000000 0.000000 1.000000
0.986748 -0.014869 -0.161576 3.466868 0.018659 0.999585 0.021963 87.976700 0.161182 -0.024687 0.986616 58.966118 0.000000 0.000000 0.000000 1.000000
0.988138 -0.009966 -0.153246 3.847985 0.013760 0.999624 0.023718 88.545479 0.152952 -0.025545 0.987903 63.716671 0.000000 0.000000 0.000000 1.000000
0.990117 -0.007113 -0.140060 4.163031 0.009998 0.999752 0.019910 89.367859 0.139884 -0.021113 0.989943 68.296432 0.000000 0.000000 0.000000 1.000000
0.992260 -0.005535 -0.124055 4.431736 0.007159 0.999894 0.012655 90.310143 0.123972 -0.013445 0.992195 72.769447 0.000000 0.000000 0.000000 1.000000
0.994297 -0.004950 -0.106529 4.641691 0.005326 0.999981 0.003243 91.246376 0.106511 -0.003792 0.994304 77.142181 0.000000 0.000000 0.000000 1.000000
0.996232 -0.006068 -0.086510 4.750481 0.005429 0.999956 -0.007615 92.003922 0.086553 0.007116 0.996222 81.420822 0.000000 0.000000 0.000000 1.000000
0.997874 -0.007984 -0.064676 4.789124 0.006883 0.999828 -0.017237 92.441589 0.064803 0.016756 0.997757 85.733521 0.000000 0.000000 0.000000 1.000000
0.998963 -0.010514 -0.044304 4.741781 0.009461 0.999670 -0.023889 92.491051 0.044540 0.023445 0.998732 90.029999 0.000000 0.000000 0.000000 1.000000
0.999582 -0.013829 -0.025406 4.605226 0.013158 0.999566 -0.026362 92.191208 0.025760 0.026016 0.999330 94.293678 0.000000 0.000000 0.000000 1.000000
0.999832 -0.017527 -0.005454 4.387642 0.017387 0.999545 -0.024642 91.589088 0.005883 0.024543 0.999681 98.571396 0.000000 0.000000 0.000000 1.000000
0.999614 -0.021980 0.017013 4.073934 0.022324 0.999545 -0.020299 90.580589 -0.016559 0.020671 0.999649 102.982048 0.000000 0.000000 0.000000 1.000000
0.998846 -0.029833 0.037643 3.699313 0.030502 0.999385 -0.017319 89.244148 -0.037103 0.018448 0.999141 107.643745 0.000000 0.000000 0.000000 1.000000
0.997882 -0.035128 0.054742 3.296171 0.036100 0.999206 -0.016885 87.922310 -0.054106 0.018825 0.998358 112.559883 0.000000 0.000000 0.000000 1.000000
0.996957 -0.033554 0.070364 2.812670 0.034906 0.999227 -0.018064 86.880219 -0.069704 0.020465 0.997358 117.709480 0.000000 0.000000 0.000000 1.000000
0.996085 -0.026098 0.084456 2.242538 0.027614 0.999477 -0.016834 86.315910 -0.083973 0.019100 0.996285 122.742111 0.000000 0.000000 0.000000 1.000000
0.995156 -0.018988 0.096462 1.693689 0.020224 0.999725 -0.011854 86.026924 -0.096211 0.013748 0.995266 127.558640 0.000000 0.000000 0.000000 1.000000
0.994750 -0.014078 0.101358 1.235404 0.014025 0.999901 0.001237 86.190590 -0.101365 0.000191 0.994849 132.151581 0.000000 0.000000 0.000000 1.000000
0.995546 -0.011929 0.093518 0.828098 0.010339 0.999794 0.017471 86.891777 -0.093708 -0.016426 0.995464 136.684189 0.000000 0.000000 0.000000 1.000000
0.997462 -0.011923 0.070195 0.493345 0.010251 0.999656 0.024128 88.155243 -0.070458 -0.023347 0.997241 141.111420 0.000000 0.000000 0.000000 1.000000
0.998719 -0.016808 0.047721 0.276929 0.015698 0.999600 0.023535 89.487991 -0.048097 -0.022756 0.998583 145.417068 0.000000 0.000000 0.000000 1.000000
0.999417 -0.022696 0.025515 0.135674 0.022151 0.999524 0.021459 90.689194 -0.025990 -0.020881 0.999444 149.776169 0.000000 0.000000 0.000000 1.000000
0.999664 -0.025888 0.001264 0.002675 0.025857 0.999461 0.020221 91.746719 -0.001787 -0.020182 0.999795 154.190262 0.000000 0.000000 0.000000 1.000000</float_array><technique_common><accessor source="#Hips-Matrix-animation-output-transform-array" count="34" stride="16"><param type="float4x4"/></accessor></technique_common></source><source id="Hips-Interpolations"><Name_array id="Hips-Interpolations-array" count="34">
 LINEAR LINEAR LINEAR LINEAR LINEAR LINEAR LINEAR LINEAR LINEAR LINEAR LINEAR
LINEAR LINEAR LINEAR LINEAR LINEAR LINEAR LINEAR LINEAR LINEAR LINEAR LINEAR LINEAR
LINEAR LINEAR LINEAR LINEAR LINEAR LINEAR LINEAR LINEAR LINEAR LINEAR LINEAR</Name_array><technique_common><accessor source="#Hips-Interpolations-array" count="34"><param type="name"/></accessor></technique_common></source><sampler id="Hips-Matrix-animation-transform"><input semantic="INPUT" source="#Hips-Matrix-animation-input"/><input semantic="OUTPUT" source="#Hips-Matrix-animation-output-transform"/><input semantic="INTERPOLATION" source="#Hips-Interpolations"/></sampler><channel source="#Hips-Matrix-animation-transform" target="Hips/matrix"/></animation>
    <animation id="Spine-anim" name="Spine"><source id="Spine-Matrix-animation-input"><float_array id="Spine-Matrix-animation-input-array" count="34">

0.000000 0.033333 0.066667 0.100000 0.133333 0.166667 0.200000 0.233333 0.266667 0.300000 0.333333 0.366667 0.400000 0.433333 0.466667 0.500000
0.533333 0.566667 0.600000 0.633333 0.666667 0.700000 0.733333 0.766667 0.800000 0.833333 0.866667 0.900000 0.933333 0.966667 1.000000 1.033333
1.066667 1.100000</float_array><technique_common><accessor source="#Spine-Matrix-animation-input-array" count="34"><param name="TIME" type="float"/></accessor></technique_common></source><source id="Spine-Matrix-animation-output-transform"><float_array id="Spine-Matrix-animation-output-transform-array" count="544">

0.987693 -0.038959 -0.151473 0.017300 -0.016154 0.937889 -0.346560 10.574800 0.155566 0.344742 0.925717 -1.117200 0.000000 0.000000 0.000000 1.000000
0.989064 -0.033229 -0.143694 0.017300 -0.017552 0.940844 -0.338385 10.574800 0.146438 0.337206 0.929972 -1.117200 0.000000 0.000000 0.000000 1.000000
0.990318 -0.028562 -0.135850 0.017300 -0.017698 0.944642 -0.327624 10.574800 0.137688 0.326856 0.934991 -1.117200 0.000000 0.000000 0.000000 1.000000
0.991453 -0.025441 -0.127957 0.017300 -0.016413 0.948685 -0.315796 10.574800 0.129425 0.315197 0.940160 -1.117200 0.000000 0.000000 0.000000 1.000000
0.992539 -0.025027 -0.119328 0.017300 -0.012717 0.952119 -0.305463 10.574800 0.121259 0.304701 0.944698 -1.117200 0.000000 0.000000 0.000000 1.000000
0.993559 -0.026724 -0.110124 0.017300 -0.007355 0.954538 -0.298000 10.574800 0.113081 0.296890 0.948192 -1.117200 0.000000 0.000000 0.000000 1.000000
0.994291 -0.029616 -0.102509 0.017300 -0.001826 0.955845 -0.293864 10.574800 0.106686 0.292374 0.950334 -1.117200 0.000000 0.000000 0.000000 1.000000
0.994507 -0.032391 -0.099534 0.017300 0.001884 0.956301 -0.292377 10.574800 0.104655 0.290584 0.951109 -1.117200 0.000000 0.000000 0.000000 1.000000
0.994337 -0.033584 -0.100823 0.017300 0.002616 0.956198 -0.292709 10.574800 0.106237 0.290788 0.950871 -1.117200 0.000000 0.000000 0.000000 1.000000
0.994128 -0.031416 -0.103550 0.017300 -0.000566 0.955408 -0.295289 10.574800 0.108209 0.293614 0.949780 -1.117200 0.000000 0.000000 0.000000 1.000000
0.993800 -0.027153 -0.107817 0.017300 -0.006559 0.953714 -0.300643 10.574800 0.110990 0.299486 0.947623 -1.117200 0.000000 0.000000 0.000000 1.000000
0.993117 -0.023660 -0.114709 0.017300 -0.012945 0.951210 -0.308272 10.574800 0.116406 0.307635 0.944357 -1.117200 0.000000 0.000000 0.000000 1.000000
0.992095 -0.021646 -0.123610 0.017300 -0.018786 0.948293 -0.316839 10.574800 0.124077 0.316656 0.940390 -1.117200 0.000000 0.000000 0.000000 1.000000
0.990572 -0.024098 -0.134859 0.017300 -0.021096 0.945833 -0.323969 10.574800 0.135361 0.323759 0.936407 -1.117200 0.000000 0.000000 0.000000 1.000000
0.988427 -0.031875 -0.148309 0.017300 -0.018897 0.944186 -0.328869 10.574800 0.150514 0.327866 0.932657 -1.117200 0.000000 0.000000 0.000000 1.000000
0.985750 -0.042779 -0.162687 0.017300 -0.013881 0.943140 -0.332105 10.574800 0.167644 0.329630 0.929107 -1.117200 0.000000 0.000000 0.000000 1.000000
0.982735 -0.055335 -0.176550 0.017300 -0.006739 0.942891 -0.333033 10.574800 0.184896 0.328473 0.926239 -1.117200 0.000000 0.000000 0.000000 1.000000
0.979608 -0.068749 -0.188789 0.017300 0.002546 0.943808 -0.330484 10.574800 0.200901 0.323264 0.924737 -1.117200 0.000000 0.000000 0.000000 1.000000
0.976522 -0.080321 -0.199885 0.017300 0.010677 0.944794 -0.327491 10.574800 0.215155 0.317668 0.923469 -1.117200 0.000000 0.000000 0.000000 1.000000
0.973756 -0.087981 -0.209903 0.017300 0.015224 0.945375 -0.325629 10.574800 0.227086 0.313887 0.921904 -1.117200 0.000000 0.000000 0.000000 1.000000
0.971416 -0.091308 -0.219119 0.017300 0.015525 0.945526 -0.325176 10.574800 0.236874 0.312480 0.919917 -1.117200 0.000000 0.000000 0.000000 1.000000
0.969427 -0.090967 -0.227894 0.017300 0.012170 0.945426 -0.325609 10.574800 0.245077 0.312881 0.917629 -1.117200 0.000000 0.000000 0.000000 1.000000
0.967600 -0.088193 -0.236585 0.017300 0.006699 0.945649 -0.325119 10.574800 0.252400 0.313001 0.915601 -1.117200 0.000000 0.000000 0.000000 1.000000
0.965496 -0.085852 -0.245860 0.017300 0.002484 0.947089 -0.320961 10.574800 0.260407 0.309276 0.914624 -1.117200 0.000000 0.000000 0.000000 1.000000
0.963547 -0.087964 -0.252665 0.017300 0.003983 0.949015 -0.315205 10.574800 0.267510 0.302708 0.914771 -1.117200 0.000000 0.000000 0.000000 1.000000
0.962166 -0.094472 -0.255561 0.017300 0.010568 0.950198 -0.311469 10.574800 0.272258 0.296984 0.915246 -1.117200 0.000000 0.000000 0.000000 1.000000
0.962091 -0.101719 -0.253049 0.017300 0.017378 0.948823 -0.315328 10.574800 0.272174 0.298977 0.914622 -1.117200 0.000000 0.000000 0.000000 1.000000
0.963308 -0.104891 -0.247055 0.017300 0.019580 0.945485 -0.325076 10.574800 0.267684 0.308311 0.912847 -1.117200 0.000000 0.000000 0.000000 1.000000
0.966659 -0.101575 -0.235059 0.017300 0.016315 0.940525 -0.339331 10.574800 0.255546 0.324183 0.910825 -1.117200 0.000000 0.000000 0.000000 1.000000
0.971657 -0.091560 -0.217944 0.017300 0.009231 0.935939 -0.352041 10.574800 0.236215 0.340051 0.910257 -1.117200 0.000000 0.000000 0.000000 1.000000
0.976802 -0.078465 -0.199254 0.017300 0.001827 0.933475 -0.358639 10.574800 0.214139 0.349955 0.911963 -1.117200 0.000000 0.000000 0.000000 1.000000
0.981133 -0.064942 -0.182101 0.017300 -0.004645 0.933706 -0.358010 10.574800 0.193279 0.352101 0.915788 -1.117200 0.000000 0.000000 0.000000 1.000000
0.984741 -0.051432 -0.166255 0.017300 -0.010668 0.935696 -0.352646 10.574800 0.173701 0.349038 0.920869 -1.117200 0.000000 0.000000 0.000000 1.000000
0.987693 -0.038959 -0.151473 0.017300 -0.016154 0.937889 -0.346560 10.574800 0.155567 0.344742 0.925717 -1.117200 0.000000 0.000000 0.000000 1.000000</float_array><technique_common><accessor source="#Spine-Matrix-animation-output-transform-array" count="34" stride="16"><param type="float4x4"/></accessor></technique_common></source><source id="Spine-Interpolations"><Name_array id="Spine-Interpolations-array" count="34">
 LINEAR LINEAR LINEAR LINEAR LINEAR LINEAR LINEAR LINEAR LINEAR LINEAR LINEAR
LINEAR LINEAR LINEAR LINEAR LINEAR LINEAR LINEAR LINEAR LINEAR LINEAR LINEAR LINEAR
LINEAR LINEAR LINEAR LINEAR LINEAR LINEAR LINEAR LINEAR LINEAR LINEAR LINEAR</Name_array><technique_common><accessor source="#Spine-Interpolations-array" count="34"><param type="name"/></accessor></technique_common></source><sampler id="Spine-Matrix-animation-transform"><input semantic="INPUT" source="#Spine-Matrix-animation-input"/><input semantic="OUTPUT" source="#Spine-Matrix-animation-output-transform"/><input semantic="INTERPOLATION" source="#Spine-Interpolations"/></sampler><channel source="#Spine-Matrix-animation-transform" target="Spine/matrix"/></animation>
    <animation id="Spine1-anim" name="Spine1"><source id="Spine1-Matrix-animation-input"><float_array id="Spine1-Matrix-animation-input-array" count="34">

0.000000 0.033333 0.066667 0.100000 0.133333 0.166667 0.200000 0.233333 0.266667 0.300000 0.333333 0.366667 0.400000 0.433333 0.466667 0.500000
0.533333 0.566667 0.600000 0.633333 0.666667 0.700000 0.733333 0.766667 0.800000 0.833333 0.866667 0.900000 0.933333 0.966667 1.000000 1.033333
1.066667 1.100000</float_array><technique_common><accessor source="#Spine1-Matrix-animation-input-array" count="34"><param name="TIME" type="float"/></accessor></technique_common></source><source id="Spine1-Matrix-animation-output-transform"><float_array id="Spine1-Matrix-animation-output-transform-array" count="544">

0.999068 0.009265 -0.042170 0.019000 -0.010353 0.999617 -0.025674 12.337300 0.041916 0.026086 0.998781 -1.303400 0.000000 0.000000 0.000000 1.000000
0.999159 0.010192 -0.039708 0.019000 -0.011217 0.999607 -0.025681 12.337300 0.039431 0.026104 0.998881 -1.303400 0.000000 0.000000 0.000000 1.000000
0.999242 0.011390 -0.037219 0.019000 -0.012351 0.999594 -0.025682 12.337300 0.036911 0.026122 0.998977 -1.303400 0.000000 0.000000 0.000000 1.000000
0.999312 0.012837 -0.034784 0.019000 -0.013734 0.999576 -0.025680 12.337300 0.034439 0.026140 0.999065 -1.303400 0.000000 0.000000 0.000000 1.000000
0.999378 0.014084 -0.032345 0.019000 -0.014918 0.999559 -0.025690 12.337300 0.031969 0.026156 0.999147 -1.303400 0.000000 0.000000 0.000000 1.000000
0.999444 0.014725 -0.029931 0.019000 -0.015499 0.999547 -0.025784 12.337300 0.029537 0.026233 0.999219 -1.303400 0.000000 0.000000 0.000000 1.000000
0.999500 0.014533 -0.028077 0.019000 -0.015265 0.999545 -0.026029 12.337300 0.027686 0.026444 0.999267 -1.303400 0.000000 0.000000 0.000000 1.000000
0.999530 0.013463 -0.027545 0.019000 -0.014179 0.999561 -0.025995 12.337300 0.027183 0.026374 0.999283 -1.303400 0.000000 0.000000 0.000000 1.000000
0.999535 0.011740 -0.028147 0.019000 -0.012464 0.999592 -0.025689 12.337300 0.027834 0.026028 0.999274 -1.303400 0.000000 0.000000 0.000000 1.000000
0.999532 0.009719 -0.028997 0.019000 -0.010461 0.999619 -0.025545 12.337300 0.028738 0.025837 0.999253 -1.303400 0.000000 0.000000 0.000000 1.000000
0.999514 0.007912 -0.030140 0.019000 -0.008695 0.999626 -0.025930 12.337300 0.029924 0.026179 0.999209 -1.303400 0.000000 0.000000 0.000000 1.000000
0.999466 0.006681 -0.031990 0.019000 -0.007542 0.999611 -0.026869 12.337300 0.031798 0.027096 0.999127 -1.303400 0.000000 0.000000 0.000000 1.000000
0.999390 0.005837 -0.034433 0.019000 -0.006805 0.999583 -0.028064 12.337300 0.034255 0.028282 0.999013 -1.303400 0.000000 0.000000 0.000000 1.000000
0.999275 0.005215 -0.037721 0.019000 -0.006310 0.999561 -0.028965 12.337300 0.037553 0.029182 0.998868 -1.303400 0.000000 0.000000 0.000000 1.000000
0.999112 0.004713 -0.041865 0.019000 -0.005945 0.999552 -0.029345 12.337300 0.041708 0.029568 0.998692 -1.303400 0.000000 0.000000 0.000000 1.000000
0.998913 0.004209 -0.046416 0.019000 -0.005577 0.999553 -0.029373 12.337300 0.046271 0.029600 0.998490 -1.303400 0.000000 0.000000 0.000000 1.000000
0.998696 0.003739 -0.050922 0.019000 -0.005228 0.999562 -0.029136 12.337300 0.050791 0.029364 0.998278 -1.303400 0.000000 0.000000 0.000000 1.000000
0.998478 0.003342 -0.055047 0.019000 -0.004922 0.999579 -0.028591 12.337300 0.054928 0.028818 0.998074 -1.303400 0.000000 0.000000 0.000000 1.000000
0.998267 0.003035 -0.058774 0.019000 -0.004685 0.999598 -0.027967 12.337300 0.058665 0.028194 0.997880 -1.303400 0.000000 0.000000 0.000000 1.000000
0.998072 0.002969 -0.061994 0.019000 -0.004672 0.999616 -0.027331 12.337300 0.061889 0.027568 0.997702 -1.303400 0.000000 0.000000 0.000000 1.000000
0.997896 0.003283 -0.064747 0.019000 -0.005021 0.999631 -0.026705 12.337300 0.064636 0.026974 0.997544 -1.303400 0.000000 0.000000 0.000000 1.000000
0.997734 0.003977 -0.067160 0.019000 -0.005740 0.999643 -0.026082 12.337300 0.067032 0.026408 0.997401 -1.303400 0.000000 0.000000 0.000000 1.000000
0.997578 0.004947 -0.069378 0.019000 -0.006717 0.999657 -0.025299 12.337300 0.069229 0.025704 0.997270 -1.303400 0.000000 0.000000 0.000000 1.000000
0.997423 0.005591 -0.071528 0.019000 -0.007322 0.999686 -0.023952 12.337300 0.071371 0.024414 0.997151 -1.303400 0.000000 0.000000 0.000000 1.000000
0.997283 0.005492 -0.073463 0.019000 -0.007123 0.999734 -0.021956 12.337300 0.073323 0.022419 0.997056 -1.303400 0.000000 0.000000 0.000000 1.000000
0.997183 0.004493 -0.074877 0.019000 -0.005981 0.999789 -0.019664 12.337300 0.074773 0.020057 0.996999 -1.303400 0.000000 0.000000 0.000000 1.000000
0.997176 0.003185 -0.075039 0.019000 -0.004573 0.999822 -0.018329 12.337300 0.074967 0.018621 0.997012 -1.303400 0.000000 0.000000 0.000000 1.000000
0.997275 0.002216 -0.073746 0.019000 -0.003577 0.999826 -0.018331 12.337300 0.073692 0.018545 0.997109 -1.303400 0.000000 0.000000 0.000000 1.000000
0.997527 0.002152 -0.070251 0.019000 -0.003565 0.999794 -0.019992 12.337300 0.070194 0.020193 0.997329 -1.303400 0.000000 0.000000 0.000000 1.000000
0.997897 0.003012 -0.064757 0.019000 -0.004468 0.999740 -0.022352 12.337300 0.064673 0.022594 0.997651 -1.303400 0.000000 0.000000 0.000000 1.000000
0.998275 0.004306 -0.058558 0.019000 -0.005730 0.999691 -0.024180 12.337300 0.058436 0.024474 0.997991 -1.303400 0.000000 0.000000 0.000000 1.000000
0.998591 0.005753 -0.052744 0.019000 -0.007084 0.999660 -0.025082 12.337300 0.052582 0.025421 0.998293 -1.303400 0.000000 0.000000 0.000000 1.000000
0.998854 0.007406 -0.047278 0.019000 -0.008623 0.999635 -0.025590 12.337300 0.047072 0.025969 0.998554 -1.303400 0.000000 0.000000 0.000000 1.000000
0.999068 0.009263 -0.042170 0.019000 -0.010353 0.999616 -0.025689 12.337300 0.041916 0.026101 0.998780 -1.303400 0.000000 0.000000 0.000000 1.000000</float_array><technique_common><accessor source="#Spine1-Matrix-animation-output-transform-array" count="34" stride="16"><param type="float4x4"/></accessor></technique_common></source><source id="Spine1-Interpolations"><Name_array id="Spine1-Interpolations-array" count="34">
 LINEAR LINEAR LINEAR LINEAR LINEAR LINEAR LINEAR LINEAR LINEAR LINEAR LINEAR
LINEAR LINEAR LINEAR LINEAR LINEAR LINEAR LINEAR LINEAR LINEAR LINEAR LINEAR LINEAR
LINEAR LINEAR LINEAR LINEAR LINEAR LINEAR LINEAR LINEAR LINEAR LINEAR LINEAR</Name_array><technique_common><accessor source="#Spine1-Interpolations-array" count="34"><param type="name"/></accessor></technique_common></source><sampler id="Spine1-Matrix-animation-transform"><input semantic="INPUT" source="#Spine1-Matrix-animation-input"/><input semantic="OUTPUT" source="#Spine1-Matrix-animation-output-transform"/><input semantic="INTERPOLATION" source="#Spine1-Interpolations"/></sampler><channel source="#Spine1-Matrix-animation-transform" target="Spine1/matrix"/></animation>
    <animation id="Spine2-anim" name="Spine2"><source id="Spine2-Matrix-animation-input"><float_array id="Spine2-Matrix-animation-input-array" count="34">

0.000000 0.033333 0.066667 0.100000 0.133333 0.166667 0.200000 0.233333 0.266667 0.300000 0.333333 0.366667 0.400000 0.433333 0.466667 0.500000
0.533333 0.566667 0.600000 0.633333 0.666667 0.700000 0.733333 0.766667 0.800000 0.833333 0.866667 0.900000 0.933333 0.966667 1.000000 1.033333
1.066667 1.100000</float_array><technique_common><accessor source="#Spine2-Matrix-animation-input-array" count="34"><param name="TIME" type="float"/></accessor></technique_common></source><source id="Spine2-Matrix-animation-output-transform"><float_array id="Spine2-Matrix-animation-output-transform-array" count="544">

0.999100 0.008092 -0.041629 0.021700 -0.009178 0.999621 -0.025946 14.099800 0.041404 0.026305 0.998796 -1.489600 0.000000 0.000000 0.000000 1.000000
0.999193 0.009107 -0.039133 0.021700 -0.010127 0.999612 -0.025947 14.099800 0.038881 0.026323 0.998897 -1.489600 0.000000 0.000000 0.000000 1.000000
0.999276 0.010406 -0.036604 0.021700 -0.011360 0.999599 -0.025944 14.099800 0.036319 0.026341 0.998993 -1.489600 0.000000 0.000000 0.000000 1.000000
0.999346 0.011960 -0.034126 0.021700 -0.012849 0.999581 -0.025937 14.099800 0.033801 0.026358 0.999081 -1.489600 0.000000 0.000000 0.000000 1.000000
0.999410 0.013310 -0.031650 0.021700 -0.014133 0.999564 -0.025943 14.099800 0.031291 0.026375 0.999162 -1.489600 0.000000 0.000000 0.000000 1.000000
0.999475 0.014038 -0.029214 0.021700 -0.014799 0.999552 -0.026027 14.099800 0.028836 0.026446 0.999234 -1.489600 0.000000 0.000000 0.000000 1.000000
0.999529 0.013901 -0.027364 0.021700 -0.014620 0.999549 -0.026244 14.099800 0.026986 0.026632 0.999281 -1.489600 0.000000 0.000000 0.000000 1.000000
0.999557 0.012836 -0.026866 0.021700 -0.013540 0.999565 -0.026187 14.099800 0.026519 0.026539 0.999296 -1.489600 0.000000 0.000000 0.000000 1.000000
0.999559 0.011080 -0.027535 0.021700 -0.011792 0.999596 -0.025861 14.099800 0.027237 0.026174 0.999286 -1.489600 0.000000 0.000000 0.000000 1.000000
0.999554 0.009006 -0.028480 0.021700 -0.009738 0.999622 -0.025694 14.099800 0.028238 0.025960 0.999264 -1.489600 0.000000 0.000000 0.000000 1.000000
0.999533 0.007124 -0.029721 0.021700 -0.007900 0.999629 -0.026059 14.099800 0.029525 0.026281 0.999218 -1.489600 0.000000 0.000000 0.000000 1.000000
0.999482 0.005792 -0.031647 0.021700 -0.006648 0.999614 -0.026993 14.099800 0.031478 0.027189 0.999135 -1.489600 0.000000 0.000000 0.000000 1.000000
0.999405 0.004829 -0.034147 0.021700 -0.005793 0.999586 -0.028190 14.099800 0.033997 0.028371 0.999019 -1.489600 0.000000 0.000000 0.000000 1.000000
0.999290 0.004085 -0.037464 0.021700 -0.005176 0.999564 -0.029080 14.099800 0.037329 0.029254 0.998875 -1.489600 0.000000 0.000000 0.000000 1.000000
0.999128 0.003450 -0.041605 0.021700 -0.004677 0.999556 -0.029432 14.099800 0.041485 0.029601 0.998701 -1.489600 0.000000 0.000000 0.000000 1.000000
0.998931 0.002818 -0.046135 0.021700 -0.004179 0.999558 -0.029428 14.099800 0.046032 0.029590 0.998502 -1.489600 0.000000 0.000000 0.000000 1.000000
0.998716 0.002233 -0.050612 0.021700 -0.003712 0.999568 -0.029155 14.099800 0.050525 0.029306 0.998293 -1.489600 0.000000 0.000000 0.000000 1.000000
0.998501 0.001742 -0.054704 0.021700 -0.003310 0.999586 -0.028584 14.099800 0.054631 0.028722 0.998093 -1.489600 0.000000 0.000000 0.000000 1.000000
0.998292 0.001342 -0.058400 0.021700 -0.002978 0.999605 -0.027945 14.099800 0.058339 0.028072 0.997902 -1.489600 0.000000 0.000000 0.000000 1.000000
0.998101 0.001188 -0.061594 0.021700 -0.002876 0.999623 -0.027315 14.099800 0.061538 0.027440 0.997727 -1.489600 0.000000 0.000000 0.000000 1.000000
0.997928 0.001458 -0.064328 0.021700 -0.003183 0.999638 -0.026713 14.099800 0.064265 0.026863 0.997571 -1.489600 0.000000 0.000000 0.000000 1.000000
0.997769 0.002132 -0.066722 0.021700 -0.003884 0.999651 -0.026135 14.099800 0.066643 0.026335 0.997429 -1.489600 0.000000 0.000000 0.000000 1.000000
0.997617 0.003100 -0.068923 0.021700 -0.004862 0.999665 -0.025408 14.099800 0.068822 0.025682 0.997298 -1.489600 0.000000 0.000000 0.000000 1.000000
0.997464 0.003773 -0.071071 0.021700 -0.005498 0.999695 -0.024089 14.099800 0.070958 0.024419 0.997180 -1.489600 0.000000 0.000000 0.000000 1.000000
0.997322 0.003731 -0.073035 0.021700 -0.005356 0.999742 -0.022066 14.099800 0.072934 0.022398 0.997085 -1.489600 0.000000 0.000000 0.000000 1.000000
0.997216 0.002800 -0.074517 0.021700 -0.004279 0.999797 -0.019685 14.099800 0.074447 0.019949 0.997025 -1.489600 0.000000 0.000000 0.000000 1.000000
0.997202 0.001525 -0.074732 0.021700 -0.002897 0.999829 -0.018243 14.099800 0.074691 0.018408 0.997037 -1.489600 0.000000 0.000000 0.000000 1.000000
0.997293 0.000543 -0.073524 0.021700 -0.001884 0.999833 -0.018166 14.099800 0.073502 0.018255 0.997128 -1.489600 0.000000 0.000000 0.000000 1.000000
0.997544 0.000444 -0.070044 0.021700 -0.001837 0.999802 -0.019819 14.099800 0.070021 0.019899 0.997347 -1.489600 0.000000 0.000000 0.000000 1.000000
0.997917 0.001307 -0.064502 0.021700 -0.002748 0.999749 -0.022243 14.099800 0.064457 0.022374 0.997670 -1.489600 0.000000 0.000000 0.000000 1.000000
0.998299 0.002676 -0.058237 0.021700 -0.004089 0.999700 -0.024168 14.099800 0.058155 0.024365 0.998010 -1.489600 0.000000 0.000000 0.000000 1.000000
0.998620 0.004254 -0.052353 0.021700 -0.005577 0.999668 -0.025156 14.099800 0.052229 0.025413 0.998312 -1.489600 0.000000 0.000000 0.000000 1.000000
0.998885 0.006068 -0.046813 0.021700 -0.007276 0.999644 -0.025677 14.099800 0.046640 0.025989 0.998574 -1.489600 0.000000 0.000000 0.000000 1.000000
0.999100 0.008092 -0.041629 0.021700 -0.009177 0.999621 -0.025958 14.099800 0.041404 0.026316 0.998796 -1.489600 0.000000 0.000000 0.000000 1.000000</float_array><technique_common><accessor source="#Spine2-Matrix-animation-output-transform-array" count="34" stride="16"><param type="float4x4"/></accessor></technique_common></source><source id="Spine2-Interpolations"><Name_array id="Spine2-Interpolations-array" count="34">
 LINEAR LINEAR LINEAR LINEAR LINEAR LINEAR LINEAR LINEAR LINEAR LINEAR LINEAR
LINEAR LINEAR LINEAR LINEAR LINEAR LINEAR LINEAR LINEAR LINEAR LINEAR LINEAR LINEAR
LINEAR LINEAR LINEAR LINEAR LINEAR LINEAR LINEAR LINEAR LINEAR LINEAR LINEAR</Name_array><technique_common><accessor source="#Spine2-Interpolations-array" count="34"><param type="name"/></accessor></technique_common></source><sampler id="Spine2-Matrix-animation-transform"><input semantic="INPUT" source="#Spine2-Matrix-animation-input"/><input semantic="OUTPUT" source="#Spine2-Matrix-animation-output-transform"/><input semantic="INTERPOLATION" source="#Spine2-Interpolations"/></sampler><channel source="#Spine2-Matrix-animation-transform" target="Spine2/matrix"/></animation>
    <animation id="Neck-anim" name="Neck"><source id="Neck-Matrix-animation-input"><float_array id="Neck-Matrix-animation-input-array" count="34">

0.000000 0.033333 0.066667 0.100000 0.133333 0.166667 0.200000 0.233333 0.266667 0.300000 0.333333 0.366667 0.400000 0.433333 0.466667 0.500000
0.533333 0.566667 0.600000 0.633333 0.666667 0.700000 0.733333 0.766667 0.800000 0.833333 0.866667 0.900000 0.933333 0.966667 1.000000 1.033333
1.066667 1.100000</float_array><technique_common><accessor source="#Neck-Matrix-animation-input-array" count="34"><param name="TIME" type="float"/></accessor></technique_common></source><source id="Neck-Matrix-animation-output-transform"><float_array id="Neck-Matrix-animation-output-transform-array" count="544">

0.997691 0.065360 0.018444 0.024400 -0.061866 0.986723 -0.150170 15.862300 -0.028014 0.148683 0.988488 -1.675800 0.000000 0.000000 0.000000 1.000000
0.997636 0.066294 0.018122 0.024400 -0.062758 0.986236 -0.152972 15.862300 -0.028014 0.151473 0.988064 -1.675800 0.000000 0.000000 0.000000 1.000000
0.997530 0.067887 0.018061 0.024400 -0.064236 0.985561 -0.156665 15.862300 -0.028436 0.155117 0.987487 -1.675800 0.000000 0.000000 0.000000 1.000000
0.997383 0.069815 0.018784 0.024400 -0.065916 0.984842 -0.160443 15.862300 -0.029700 0.158785 0.986866 -1.675800 0.000000 0.000000 0.000000 1.000000
0.997185 0.072084 0.020642 0.024400 -0.067793 0.984370 -0.162544 15.862300 -0.032036 0.160687 0.986485 -1.675800 0.000000 0.000000 0.000000 1.000000
0.996955 0.074471 0.023114 0.024400 -0.069757 0.984256 -0.162402 15.862300 -0.034844 0.160295 0.986454 -1.675800 0.000000 0.000000 0.000000 1.000000
0.996752 0.076362 0.025571 0.024400 -0.071304 0.984465 -0.160451 15.862300 -0.037426 0.158106 0.986713 -1.675800 0.000000 0.000000 0.000000 1.000000
0.996651 0.077021 0.027472 0.024400 -0.071723 0.984713 -0.158735 15.862300 -0.039278 0.156233 0.986939 -1.675800 0.000000 0.000000 0.000000 1.000000
0.996663 0.076403 0.028722 0.024400 -0.070920 0.984784 -0.158655 15.862300 -0.040407 0.156088 0.986916 -1.675800 0.000000 0.000000 0.000000 1.000000
0.996754 0.074892 0.029533 0.024400 -0.069257 0.984735 -0.159691 15.862300 -0.041041 0.157128 0.986725 -1.675800 0.000000 0.000000 0.000000 1.000000
0.996808 0.073778 0.030513 0.024400 -0.067984 0.984753 -0.160121 15.862300 -0.041861 0.157536 0.986626 -1.675800 0.000000 0.000000 0.000000 1.000000
0.996713 0.074342 0.032194 0.024400 -0.068339 0.984959 -0.158700 15.862300 -0.043508 0.155978 0.986802 -1.675800 0.000000 0.000000 0.000000 1.000000
0.996510 0.076076 0.034359 0.024400 -0.069837 0.985273 -0.156077 15.862300 -0.045727 0.153133 0.987147 -1.675800 0.000000 0.000000 0.000000 1.000000
0.996276 0.078027 0.036683 0.024400 -0.071561 0.985634 -0.152983 15.862300 -0.048093 0.149788 0.987548 -1.675800 0.000000 0.000000 0.000000 1.000000
0.996055 0.079706 0.039016 0.024400 -0.073033 0.986010 -0.149835 15.862300 -0.050413 0.146394 0.987941 -1.675800 0.000000 0.000000 0.000000 1.000000
0.995847 0.081156 0.041253 0.024400 -0.074313 0.986400 -0.146606 15.862300 -0.052590 0.142931 0.988334 -1.675800 0.000000 0.000000 0.000000 1.000000
0.995663 0.082420 0.043154 0.024400 -0.075491 0.986838 -0.143008 15.862300 -0.054372 0.139130 0.988780 -1.675800 0.000000 0.000000 0.000000 1.000000
0.995523 0.083475 0.044335 0.024400 -0.076617 0.987373 -0.138655 15.862300 -0.055349 0.134638 0.989348 -1.675800 0.000000 0.000000 0.000000 1.000000
0.995435 0.084216 0.044918 0.024400 -0.077536 0.987944 -0.133997 15.862300 -0.055661 0.129902 0.989963 -1.675800 0.000000 0.000000 0.000000 1.000000
0.995439 0.084164 0.044913 0.024400 -0.077743 0.988542 -0.129384 15.862300 -0.055288 0.125303 0.990577 -1.675800 0.000000 0.000000 0.000000 1.000000
0.995556 0.083070 0.044358 0.024400 -0.076970 0.989173 -0.124947 15.862300 -0.054257 0.120978 0.991171 -1.675800 0.000000 0.000000 0.000000 1.000000
0.995768 0.081065 0.043306 0.024400 -0.075330 0.989822 -0.120736 15.862300 -0.052653 0.116963 0.991740 -1.675800 0.000000 0.000000 0.000000 1.000000
0.996026 0.078634 0.041817 0.024400 -0.073266 0.990395 -0.117260 15.862300 -0.050636 0.113730 0.992220 -1.675800 0.000000 0.000000 0.000000 1.000000
0.996205 0.077063 0.040453 0.024400 -0.071962 0.990734 -0.115181 15.862300 -0.048955 0.111833 0.992520 -1.675800 0.000000 0.000000 0.000000 1.000000
0.996295 0.076444 0.039398 0.024400 -0.071507 0.990869 -0.114304 15.862300 -0.047776 0.111063 0.992664 -1.675800 0.000000 0.000000 0.000000 1.000000
0.996367 0.076041 0.038350 0.024400 -0.071237 0.990922 -0.114011 15.862300 -0.046671 0.110865 0.992739 -1.675800 0.000000 0.000000 0.000000 1.000000
0.996565 0.074411 0.036346 0.024400 -0.069860 0.991074 -0.113539 15.862300 -0.044471 0.110610 0.992869 -1.675800 0.000000 0.000000 0.000000 1.000000
0.996864 0.071812 0.033245 0.024400 -0.067618 0.991227 -0.113561 15.862300 -0.041108 0.110957 0.992975 -1.675800 0.000000 0.000000 0.000000 1.000000
0.997183 0.069170 0.029017 0.024400 -0.065367 0.991080 -0.116137 15.862300 -0.036791 0.113913 0.992809 -1.675800 0.000000 0.000000 0.000000 1.000000
0.997373 0.068058 0.024792 0.024400 -0.064528 0.990340 -0.122727 15.862300 -0.032905 0.120805 0.992131 -1.675800 0.000000 0.000000 0.000000 1.000000
0.997411 0.068542 0.021764 0.024400 -0.065110 0.989192 -0.131373 15.862300 -0.030534 0.129616 0.991094 -1.675800 0.000000 0.000000 0.000000 1.000000
0.997398 0.069181 0.020275 0.024400 -0.065715 0.988126 -0.138881 15.862300 -0.029642 0.137187 0.990102 -1.675800 0.000000 0.000000 0.000000 1.000000
0.997466 0.068417 0.019517 0.024400 -0.064898 0.987377 -0.144480 15.862300 -0.029156 0.142847 0.989315 -1.675800 0.000000 0.000000 0.000000 1.000000
0.997691 0.065360 0.018444 0.024400 -0.061866 0.986723 -0.150170 15.862300 -0.028014 0.148682 0.988488 -1.675800 0.000000 0.000000 0.000000 1.000000</float_array><technique_common><accessor source="#Neck-Matrix-animation-output-transform-array" count="34" stride="16"><param type="float4x4"/></accessor></technique_common></source><source id="Neck-Interpolations"><Name_array id="Neck-Interpolations-array" count="34">
 LINEAR LINEAR LINEAR LINEAR LINEAR LINEAR LINEAR LINEAR LINEAR LINEAR LINEAR
LINEAR LINEAR LINEAR LINEAR LINEAR LINEAR LINEAR LINEAR LINEAR LINEAR LINEAR LINEAR
LINEAR LINEAR LINEAR LINEAR LINEAR LINEAR LINEAR LINEAR LINEAR LINEAR LINEAR</Name_array><technique_common><accessor source="#Neck-Interpolations-array" count="34"><param type="name"/></accessor></technique_common></source><sampler id="Neck-Matrix-animation-transform"><input semantic="INPUT" source="#Neck-Matrix-animation-input"/><input semantic="OUTPUT" source="#Neck-Matrix-animation-output-transform"/><input semantic="INTERPOLATION" source="#Neck-Interpolations"/></sampler><channel source="#Neck-Matrix-animation-transform" target="Neck/matrix"/></animation>
    <animation id="Head-anim" name="Head"><source id="Head-Matrix-animation-input"><float_array id="Head-Matrix-animation-input-array" count="34">

0.000000 0.033333 0.066667 0.100000 0.133333 0.166667 0.200000 0.233333 0.266667 0.300000 0.333333 0.366667 0.400000 0.433333 0.466667 0.500000
0.533333 0.566667 0.600000 0.633333 0.666667 0.700000 0.733333 0.766667 0.800000 0.833333 0.866667 0.900000 0.933333 0.966667 1.000000 1.033333
1.066667 1.100000</float_array><technique_common><accessor source="#Head-Matrix-animation-input-array" count="34"><param name="TIME" type="float"/></accessor></technique_common></source><source id="Head-Matrix-animation-output-transform"><float_array id="Head-Matrix-animation-output-transform-array" count="544">

0.979181 -0.053729 0.195749 0.000000 -0.007193 0.954544 0.297982 5.564000 -0.202862 -0.293187 0.934285 0.988100 0.000000 0.000000 0.000000 1.000000
0.978762 -0.056058 0.197185 -0.000000 -0.006495 0.952922 0.303147 5.564000 -0.204896 -0.297989 0.932320 0.988100 0.000000 0.000000 0.000000 1.000000
0.978190 -0.058698 0.199246 0.000000 -0.005652 0.951363 0.308019 5.564000 -0.207635 -0.302427 0.930282 0.988100 0.000000 0.000000 0.000000 1.000000
0.977180 -0.060619 0.203579 0.000000 -0.006036 0.950102 0.311880 5.564000 -0.212327 -0.305992 0.928055 0.988100 0.000000 0.000000 0.000000 1.000000
0.975515 -0.060603 0.211420 -0.000000 -0.008910 0.949608 0.313315 5.564000 -0.219754 -0.307527 0.925816 0.988100 0.000000 0.000000 0.000000 1.000000
0.973494 -0.059130 0.220938 -0.000000 -0.013296 0.949738 0.312763 5.564000 -0.228327 -0.307410 0.923778 0.988100 0.000000 0.000000 0.000000 1.000000
0.971583 -0.057328 0.229653 -0.000000 -0.017501 0.950172 0.311233 5.564000 -0.236053 -0.306408 0.922168 0.988100 0.000000 0.000000 0.000000 1.000000
0.970240 -0.056210 0.235532 0.000000 -0.019984 0.950778 0.309228 5.564000 -0.241321 -0.304732 0.921359 0.988100 0.000000 0.000000 0.000000 1.000000
0.969517 -0.055934 0.238555 0.000000 -0.020563 0.951587 0.306690 5.564000 -0.244161 -0.302246 0.921430 0.988100 0.000000 0.000000 0.000000 1.000000
0.969201 -0.056501 0.239701 0.000000 -0.019663 0.952463 0.304018 5.564000 -0.245483 -0.299368 0.922018 0.988100 0.000000 0.000000 0.000000 1.000000
0.968932 -0.057846 0.240467 -0.000000 -0.018222 0.952925 0.302657 5.564000 -0.246655 -0.297636 0.922266 0.988100 0.000000 0.000000 0.000000 1.000000
0.968393 -0.059304 0.242275 0.000000 -0.017504 0.952771 0.303185 5.564000 -0.248813 -0.297843 0.921619 0.988100 0.000000 0.000000 0.000000 1.000000
0.967646 -0.060585 0.244929 0.000000 -0.017499 0.952291 0.304689 5.564000 -0.251703 -0.299118 0.920421 0.988100 0.000000 0.000000 0.000000 1.000000
0.966807 -0.061417 0.248017 0.000000 -0.017953 0.951952 0.305720 5.564000 -0.254877 -0.300025 0.919251 0.988100 0.000000 0.000000 0.000000 1.000000
0.965920 -0.061749 0.251367 0.000000 -0.018681 0.951964 0.305639 5.564000 -0.258165 -0.299918 0.918368 0.988100 0.000000 0.000000 0.000000 1.000000
0.965076 -0.061926 0.254544 0.000000 -0.019343 0.952163 0.304979 5.564000 -0.261254 -0.299252 0.917712 0.988100 0.000000 0.000000 0.000000 1.000000
0.964494 -0.062474 0.256611 0.000000 -0.019310 0.952338 0.304432 5.564000 -0.263400 -0.298578 0.917318 0.988100 0.000000 0.000000 0.000000 1.000000
0.964512 -0.063890 0.256192 -0.000000 -0.017852 0.952283 0.304693 5.564000 -0.263434 -0.298454 0.917348 0.988100 0.000000 0.000000 0.000000 1.000000
0.965022 -0.066023 0.253720 0.000000 -0.015259 0.951986 0.305761 5.564000 -0.261725 -0.298938 0.917680 0.988100 0.000000 0.000000 0.000000 1.000000
0.965954 -0.069122 0.249310 0.000000 -0.011232 0.951535 0.307337 5.564000 -0.258471 -0.299673 0.918362 0.988100 0.000000 0.000000 0.000000 1.000000
0.967209 -0.073102 0.243232 0.000000 -0.005826 0.951045 0.308996 5.564000 -0.253913 -0.300281 0.919434 0.988100 0.000000 0.000000 0.000000 1.000000
0.968697 -0.077492 0.235840 0.000000 0.000469 0.950600 0.310419 5.564000 -0.248245 -0.300591 0.920880 0.988100 0.000000 0.000000 0.000000 1.000000
0.970314 -0.080823 0.227946 0.000000 0.006212 0.950525 0.310585 5.564000 -0.241770 -0.299949 0.922810 0.988100 0.000000 0.000000 0.000000 1.000000
0.971729 -0.081357 0.221640 0.000000 0.009431 0.951380 0.307876 5.564000 -0.235912 -0.297081 0.925250 0.988100 0.000000 0.000000 0.000000 1.000000
0.972892 -0.079109 0.217306 0.000000 0.010047 0.953242 0.302040 5.564000 -0.231040 -0.291669 0.928197 0.988100 0.000000 0.000000 0.000000 1.000000
0.973948 -0.074602 0.214150 0.000000 0.008478 0.955657 0.294359 5.564000 -0.226614 -0.284875 0.931393 0.988100 0.000000 0.000000 0.000000 1.000000
0.975253 -0.069701 0.209816 -0.000000 0.006128 0.957162 0.289489 5.564000 -0.221005 -0.281039 0.933902 0.988100 0.000000 0.000000 0.000000 1.000000
0.976830 -0.065467 0.203760 -0.000000 0.003950 0.957418 0.288679 5.564000 -0.213982 -0.281185 0.935493 0.988100 0.000000 0.000000 0.000000 1.000000
0.978586 -0.062389 0.196154 -0.000000 0.002443 0.956412 0.292011 5.564000 -0.205823 -0.285279 0.936084 0.988100 0.000000 0.000000 0.000000 1.000000
0.980049 -0.059905 0.189516 -0.000000 0.001202 0.955268 0.295740 5.564000 -0.198755 -0.289611 0.936281 0.988100 0.000000 0.000000 0.000000 1.000000
0.980813 -0.057265 0.186351 0.000000 -0.000745 0.954778 0.297320 5.564000 -0.194950 -0.291754 0.936416 0.988100 0.000000 0.000000 0.000000 1.000000
