<?xml version="1.0" encoding="utf-8"?>
<COLLADA xmlns="http://www.collada.org/2005/11/COLLADASchema" version="1.4.1">
  <asset><contributor><author>Mixamo</author><authoring_tool>COLLADA Mixamo exporter</authoring_tool><comments></comments></contributor><created>2018-10-27T18:19:58Z</created><modified>2018-10-27T18:19:58Z</modified><revision></revision><title></title><unit meter="0.010000"/><up_axis>Y_UP</up_axis></asset>
  <library_animations>
    <animation id="Hips-anim" name="Hips"><source id="Hips-Matrix-animation-input"><float_array id="Hips-Matrix-animation-input-array" count="22">

0.000000 0.033333 0.066667 0.100000 0.133333 0.166667 0.200000 0.233333 0.266667 0.300000 0.333333 0.366667 0.400000 0.433333 0.466667 0.500000
0.533333 0.566667 0.600000 0.633333 0.666667 0.700000</float_array><technique_common><accessor source="#Hips-Matrix-animation-input-array" count="22"><param name="TIME" type="float"/></accessor></technique_common></source><source id="Hips-Matrix-animation-output-transform"><float_array id="Hips-Matrix-animation-output-transform-array" count="352">

0.977919 -0.113384 -0.175549 0.000064 0.048008 0.939440 -0.339334 85.604675 0.203393 0.323414 0.924140 -0.000001 0.000000 0.000000 0.000000 1.000000
0.972362 -0.140932 -0.186144 0.305570 0.072430 0.940019 -0.333344 86.912209 0.221958 0.310648 0.924247 12.574328 0.000000 0.000000 0.000000 1.000000
0.974383 -0.144587 -0.172259 0.353729 0.077159 0.934377 -0.347829 88.087448 0.211247 0.325628 0.921597 24.878183 0.000000 0.000000 0.000000 1.000000
0.980429 -0.129138 -0.148600 0.360902 0.066536 0.927742 -0.367243 89.091919 0.185287 0.350168 0.918178 36.914032 0.000000 0.000000 0.000000 1.000000
0.986558 -0.108277 -0.122389 0.504181 0.056165 0.928018 -0.368277 89.623329 0.153455 0.356453 0.921625 48.630718 0.000000 0.000000 0.000000 1.000000
0.991116 -0.093163 -0.094921 0.794412 0.055506 0.938294 -0.341354 89.290253 0.120865 0.333053 0.935130 60.070774 0.000000 0.000000 0.000000 1.000000
0.993976 -0.087783 -0.065615 1.181185 0.064236 0.951720 -0.300173 88.169472 0.088798 0.294150 0.951625 71.421394 0.000000 0.000000 0.000000 1.000000
0.995467 -0.091119 -0.027248 1.651144 0.080546 0.960070 -0.267914 86.839043 0.050572 0.264504 0.963058 82.931183 0.000000 0.000000 0.000000 1.000000
0.995826 -0.087928 0.024492 2.110824 0.091275 0.960614 -0.262469 85.937386 -0.000448 0.263609 0.964629 94.819489 0.000000 0.000000 0.000000 1.000000
0.995270 -0.054302 0.080550 2.394777 0.075463 0.954329 -0.289068 85.981934 -0.061174 0.293780 0.953914 107.206421 0.000000 0.000000 0.000000 1.000000
0.992285 0.010603 0.123524 2.492585 0.032038 0.940564 -0.338103 87.257179 -0.119767 0.339452 0.932967 120.109825 0.000000 0.000000 0.000000 1.000000
0.987426 0.075020 0.139144 2.589752 -0.014757 0.920117 -0.391365 89.462257 -0.157389 0.384391 0.909655 133.468781 0.000000 0.000000 0.000000 1.000000
0.986252 0.105099 0.127522 2.821404 -0.039997 0.900564 -0.432881 91.699631 -0.160337 0.421829 0.892386 147.152267 0.000000 0.000000 0.000000 1.000000
0.990532 0.093956 0.100095 3.131368 -0.039151 0.892166 -0.450008 93.067871 -0.131583 0.441828 0.887397 161.024384 0.000000 0.000000 0.000000 1.000000
0.995872 0.059693 0.068386 3.341579 -0.024214 0.900759 -0.433645 93.194534 -0.087485 0.430199 0.898485 174.922272 0.000000 0.000000 0.000000 1.000000
0.998873 0.024382 0.040717 3.264105 -0.006739 0.922119 -0.386847 92.169250 -0.046977 0.386137 0.921245 188.757324 0.000000 0.000000 0.000000 1.000000
0.999709 0.000565 0.024127 2.827433 0.007414 0.944190 -0.329318 90.245064 -0.022967 0.329401 0.943911 202.557755 0.000000 0.000000 0.000000 1.000000
0.999841 -0.007844 0.016017 2.141751 0.012124 0.957603 -0.287836 87.800613 -0.013080 0.287984 0.957546 216.402252 0.000000 0.000000 0.000000 1.000000
0.999963 -0.008453 -0.001672 1.398934 0.007659 0.960833 -0.277023 85.473625 0.003948 0.276999 0.960862 230.298813 0.000000 0.000000 0.000000 1.000000
0.998828 -0.021635 -0.043289 0.753488 0.008211 0.957296 -0.288993 84.095810 0.047693 0.288298 0.956352 244.120499 0.000000 0.000000 0.000000 1.000000
0.992707 -0.059831 -0.104658 0.275621 0.024516 0.950200 -0.310674 84.171967 0.118034 0.305842 0.944737 257.692902 0.000000 0.000000 0.000000 1.000000
0.977919 -0.113384 -0.175549 0.005002 0.048008 0.939440 -0.339334 85.604675 0.203393 0.323414 0.924140 270.896667 0.000000 0.000000 0.000000 1.000000</float_array><technique_common><accessor source="#Hips-Matrix-animation-output-transform-array" count="22" stride="16"><param type="float4x4"/></accessor></technique_common></source><source id="Hips-Interpolations"><Name_array id="Hips-Interpolations-array" count="22">
 LINEAR LINEAR LINEAR LINEAR LINEAR LINEAR LINEAR LINEAR LINEAR LINEAR LINEAR
LINEAR LINEAR LINEAR LINEAR LINEAR LINEAR LINEAR LINEAR LINEAR LINEAR LINEAR</Name_array><technique_common><accessor source="#Hips-Interpolations-array" count="22"><param type="name"/></accessor></technique_common></source><sampler id="Hips-Matrix-animation-transform"><input semantic="INPUT" source="#Hips-Matrix-animation-input"/><input semantic="OUTPUT" source="#Hips-Matrix-animation-output-transform"/><input semantic="INTERPOLATION" source="#Hips-Interpolations"/></sampler><channel source="#Hips-Matrix-animation-transform" target="Hips/matrix"/></animation>
    <animation id="Spine-anim" name="Spine"><source id="Spine-Matrix-animation-input"><float_array id="Spine-Matrix-animation-input-array" count="22">

0.000000 0.033333 0.066667 0.100000 0.133333 0.166667 0.200000 0.233333 0.266667 0.300000 0.333333 0.366667 0.400000 0.433333 0.466667 0.500000
0.533333 0.566667 0.600000 0.633333 0.666667 0.700000</float_array><technique_common><accessor source="#Spine-Matrix-animation-input-array" count="22"><param name="TIME" type="float"/></accessor></technique_common></source><source id="Spine-Matrix-animation-output-transform"><float_array id="Spine-Matrix-animation-output-transform-array" count="352">

0.990622 0.109057 0.082314 0.017300 -0.057291 0.878457 -0.474374 10.574800 -0.124043 0.465209 0.876467 -1.117200 0.000000 0.000000 0.000000 1.000000
0.963011 0.185644 0.195312 0.017300 -0.076507 0.883361 -0.462406 10.574800 -0.258374 0.430360 0.864889 -1.117200 0.000000 0.000000 0.000000 1.000000
0.934393 0.220096 0.280121 0.017300 -0.085367 0.901742 -0.423761 10.574800 -0.345865 0.372046 0.861370 -1.117200 0.000000 0.000000 0.000000 1.000000
0.919439 0.218450 0.326975 0.017300 -0.084111 0.921509 -0.379138 10.574800 -0.384133 0.321092 0.865645 -1.117200 0.000000 0.000000 0.000000 1.000000
0.920452 0.202851 0.334094 0.017300 -0.075026 0.930580 -0.358317 10.574800 -0.383587 0.304748 0.871774 -1.117200 0.000000 0.000000 0.000000 1.000000
0.933685 0.189442 0.303883 0.017300 -0.065599 0.924731 -0.374926 10.574800 -0.352037 0.330128 0.875834 -1.117200 0.000000 0.000000 0.000000 1.000000
0.954194 0.180548 0.238571 0.017300 -0.066994 0.906083 -0.417763 10.574800 -0.291591 0.382644 0.876675 -1.117200 0.000000 0.000000 0.000000 1.000000
0.975436 0.168206 0.142234 0.017300 -0.085156 0.883434 -0.460753 10.574800 -0.203156 0.437323 0.876057 -1.117200 0.000000 0.000000 0.000000 1.000000
0.990230 0.135660 0.032271 0.017300 -0.104374 0.874524 -0.473618 10.574800 -0.092473 0.465622 0.880139 -1.117200 0.000000 0.000000 0.000000 1.000000
0.995247 0.069675 -0.068037 0.017300 -0.092839 0.889786 -0.446835 10.574800 0.029405 0.451028 0.892026 -1.117200 0.000000 0.000000 0.000000 1.000000
0.988043 -0.023706 -0.152345 0.017300 -0.039944 0.915011 -0.401446 10.574800 0.148914 0.402731 0.903124 -1.117200 0.000000 0.000000 0.000000 1.000000
0.967519 -0.115380 -0.224934 0.017300 0.027498 0.932524 -0.360060 10.574800 0.251300 0.342180 0.905407 -1.117200 0.000000 0.000000 0.000000 1.000000
0.943362 -0.169790 -0.285027 0.017300 0.071511 0.942988 -0.325054 10.574800 0.323968 0.286261 0.901720 -1.117200 0.000000 0.000000 0.000000 1.000000
0.929335 -0.173772 -0.325790 0.017300 0.074094 0.952152 -0.296506 10.574800 0.361726 0.251415 0.897744 -1.117200 0.000000 0.000000 0.000000 1.000000
0.928914 -0.144655 -0.340872 0.017300 0.043939 0.957096 -0.286422 10.574800 0.367679 0.251084 0.895415 -1.117200 0.000000 0.000000 0.000000 1.000000
0.936926 -0.109937 -0.331788 0.017300 0.004824 0.953224 -0.302226 10.574800 0.349495 0.281563 0.893631 -1.117200 0.000000 0.000000 0.000000 1.000000
0.948309 -0.090275 -0.304237 0.017300 -0.018176 0.941661 -0.336070 10.574800 0.316827 0.324228 0.891345 -1.117200 0.000000 0.000000 0.000000 1.000000
0.962138 -0.092246 -0.256480 0.017300 -0.010948 0.927150 -0.374531 10.574800 0.272345 0.363158 0.891036 -1.117200 0.000000 0.000000 0.000000 1.000000
0.978565 -0.096577 -0.181887 0.017300 0.014677 0.913677 -0.406175 10.574800 0.205413 0.394799 0.895510 -1.117200 0.000000 0.000000 0.000000 1.000000
0.993876 -0.068160 -0.086977 0.017300 0.024667 0.904091 -0.426627 10.574800 0.107714 0.421869 0.900236 -1.117200 0.000000 0.000000 0.000000 1.000000
0.999948 0.006703 0.007628 0.017300 -0.002604 0.895345 -0.445366 10.574800 -0.009815 0.445323 0.895316 -1.117200 0.000000 0.000000 0.000000 1.000000
0.990622 0.109057 0.082314 0.017300 -0.057291 0.878457 -0.474374 10.574800 -0.124043 0.465209 0.876467 -1.117200 0.000000 0.000000 0.000000 1.000000</float_array><technique_common><accessor source="#Spine-Matrix-animation-output-transform-array" count="22" stride="16"><param type="float4x4"/></accessor></technique_common></source><source id="Spine-Interpolations"><Name_array id="Spine-Interpolations-array" count="22">
 LINEAR LINEAR LINEAR LINEAR LINEAR LINEAR LINEAR LINEAR LINEAR LINEAR LINEAR
LINEAR LINEAR LINEAR LINEAR LINEAR LINEAR LINEAR LINEAR LINEAR LINEAR LINEAR</Name_array><technique_common><accessor source="#Spine-Interpolations-array" count="22"><param type="name"/></accessor></technique_common></source><sampler id="Spine-Matrix-animation-transform"><input semantic="INPUT" source="#Spine-Matrix-animation-input"/><input semantic="OUTPUT" source="#Spine-Matrix-animation-output-transform"/><input semantic="INTERPOLATION" source="#Spine-Interpolations"/></sampler><channel source="#Spine-Matrix-animation-transform" target="Spine/matrix"/></animation>
    <animation id="Spine1-anim" name="Spine1"><source id="Spine1-Matrix-animation-input"><float_array id="Spine1-Matrix-animation-input-array" count="22">

0.000000 0.033333 0.066667 0.100000 0.133333 0.166667 0.200000 0.233333 0.266667 0.300000 0.333333 0.366667 0.400000 0.433333 0.466667 0.500000
0.533333 0.566667 0.600000 0.633333 0.666667 0.700000</float_array><technique_common><accessor source="#Spine1-Matrix-animation-input-array" count="22"><param name="TIME" type="float"/></accessor></technique_common></source><source id="Spine1-Matrix-animation-output-transform"><float_array id="Spine1-Matrix-animation-output-transform-array" count="352">

0.999427 0.011377 0.031871 0.019000 -0.010210 0.999280 -0.036533 12.337300 -0.032264 0.036186 0.998824 -1.303400 0.000000 0.000000 0.000000 1.000000
0.997650 0.011419 0.067555 0.019000 -0.008610 0.999092 -0.041719 12.337300 -0.067970 0.041039 0.996843 -1.303400 0.000000 0.000000 0.000000 1.000000
0.995807 0.005398 0.091317 0.019000 -0.001339 0.999010 -0.044458 12.337300 -0.091467 0.044149 0.994829 -1.303400 0.000000 0.000000 0.000000 1.000000
0.994754 -0.001253 0.102293 0.019000 0.005994 0.998921 -0.046052 12.337300 -0.102125 0.046423 0.993688 -1.303400 0.000000 0.000000 0.000000 1.000000
0.994730 -0.005261 0.102390 0.019000 0.010184 0.998814 -0.047615 12.337300 -0.102018 0.048407 0.993604 -1.303400 0.000000 0.000000 0.000000 1.000000
0.995644 -0.006165 0.093033 0.019000 0.010776 0.998733 -0.049146 12.337300 -0.092612 0.049934 0.994449 -1.303400 0.000000 0.000000 0.000000 1.000000
0.997196 -0.004914 0.074675 0.019000 0.008657 0.998718 -0.049878 12.337300 -0.074334 0.050384 0.995960 -1.303400 0.000000 0.000000 0.000000 1.000000
0.998832 -0.002127 0.048275 0.019000 0.004521 0.998762 -0.049539 12.337300 -0.048110 0.049700 0.997605 -1.303400 0.000000 0.000000 0.000000 1.000000
0.999851 0.001020 0.017231 0.019000 -0.000182 0.998822 -0.048522 12.337300 -0.017260 0.048512 0.998673 -1.303400 0.000000 0.000000 0.000000 1.000000
0.999900 0.002143 -0.013990 0.019000 -0.002789 0.998922 -0.046343 12.337300 0.013876 0.046377 0.998828 -1.303400 0.000000 0.000000 0.000000 1.000000
0.999074 -0.000785 -0.043006 0.019000 -0.000969 0.999169 -0.040759 12.337300 0.043003 0.040763 0.998243 -1.303400 0.000000 0.000000 0.000000 1.000000
0.997601 -0.007120 -0.068852 0.019000 0.004978 0.999500 -0.031227 12.337300 0.069040 0.030809 0.997138 -1.303400 0.000000 0.000000 0.000000 1.000000
0.995956 -0.012215 -0.089006 0.019000 0.010220 0.999687 -0.022844 12.337300 0.089257 0.021842 0.995769 -1.303400 0.000000 0.000000 0.000000 1.000000
0.994918 -0.011111 -0.100074 0.019000 0.008975 0.999723 -0.021771 12.337300 0.100288 0.020762 0.994742 -1.303400 0.000000 0.000000 0.000000 1.000000
0.994819 -0.003913 -0.101584 0.019000 0.001128 0.999622 -0.027460 12.337300 0.101653 0.027203 0.994448 -1.303400 0.000000 0.000000 0.000000 1.000000
0.995323 0.004904 -0.096482 0.019000 -0.008251 0.999377 -0.034315 12.337300 0.096254 0.034950 0.994743 -1.303400 0.000000 0.000000 0.000000 1.000000
0.996076 0.010780 -0.087839 0.019000 -0.014242 0.999142 -0.038887 12.337300 0.087344 0.039986 0.995375 -1.303400 0.000000 0.000000 0.000000 1.000000
0.997185 0.012060 -0.074010 0.019000 -0.015186 0.999010 -0.041818 12.337300 0.073432 0.042824 0.996380 -1.303400 0.000000 0.000000 0.000000 1.000000
0.998687 0.010711 -0.050092 0.019000 -0.012929 0.998940 -0.044171 12.337300 0.049566 0.044761 0.997767 -1.303400 0.000000 0.000000 0.000000 1.000000
0.999777 0.009989 -0.018594 0.019000 -0.010814 0.998936 -0.044827 12.337300 0.018126 0.045018 0.998822 -1.303400 0.000000 0.000000 0.000000 1.000000
0.999888 0.010746 0.010425 0.019000 -0.010297 0.999056 -0.042195 12.337300 -0.010868 0.042082 0.999055 -1.303400 0.000000 0.000000 0.000000 1.000000
0.999427 0.011377 0.031871 0.019000 -0.010210 0.999280 -0.036533 12.337300 -0.032264 0.036186 0.998824 -1.303400 0.000000 0.000000 0.000000 1.000000</float_array><technique_common><accessor source="#Spine1-Matrix-animation-output-transform-array" count="22" stride="16"><param type="float4x4"/></accessor></technique_common></source><source id="Spine1-Interpolations"><Name_array id="Spine1-Interpolations-array" count="22">
 LINEAR LINEAR LINEAR LINEAR LINEAR LINEAR LINEAR LINEAR LINEAR LINEAR LINEAR
LINEAR LINEAR LINEAR LINEAR LINEAR LINEAR LINEAR LINEAR LINEAR LINEAR LINEAR</Name_array><technique_common><accessor source="#Spine1-Interpolations-array" count="22"><param type="name"/></accessor></technique_common></source><sampler id="Spine1-Matrix-animation-transform"><input semantic="INPUT" source="#Spine1-Matrix-animation-input"/><input semantic="OUTPUT" source="#Spine1-Matrix-animation-output-transform"/><input semantic="INTERPOLATION" source="#Spine1-Interpolations"/></sampler><channel source="#Spine1-Matrix-animation-transform" target="Spine1/matrix"/></animation>
    <animation id="Spine2-anim" name="Spine2"><source id="Spine2-Matrix-animation-input"><float_array id="Spine2-Matrix-animation-input-array" count="22">

0.000000 0.033333 0.066667 0.100000 0.133333 0.166667 0.200000 0.233333 0.266667 0.300000 0.333333 0.366667 0.400000 0.433333 0.466667 0.500000
0.533333 0.566667 0.600000 0.633333 0.666667 0.700000</float_array><technique_common><accessor source="#Spine2-Matrix-animation-input-array" count="22"><param name="TIME" type="float"/></accessor></technique_common></source><source id="Spine2-Matrix-animation-output-transform"><float_array id="Spine2-Matrix-animation-output-transform-array" count="352">

0.999388 0.012962 0.032497 0.021700 -0.011782 0.999273 -0.036249 14.099800 -0.032943 0.035844 0.998814 -1.489600 0.000000 0.000000 0.000000 1.000000
0.997590 0.014673 0.067812 0.021700 -0.011966 0.999122 -0.040148 14.099800 -0.068341 0.039240 0.996890 -1.489600 0.000000 0.000000 0.000000 1.000000
0.995812 0.009334 0.090946 0.021700 -0.005676 0.999168 -0.040399 14.099800 -0.091247 0.039713 0.995036 -1.489600 0.000000 0.000000 0.000000 1.000000
0.994851 0.002705 0.101307 0.021700 0.001446 0.999163 -0.040874 14.099800 -0.101333 0.040810 0.994015 -1.489600 0.000000 0.000000 0.000000 1.000000
0.994887 -0.001444 0.100987 0.021700 0.005935 0.999006 -0.044180 14.099800 -0.100823 0.044554 0.993906 -1.489600 0.000000 0.000000 0.000000 1.000000
0.995800 -0.002607 0.091518 0.021700 0.007033 0.998819 -0.048077 14.099800 -0.091284 0.048518 0.994642 -1.489600 0.000000 0.000000 0.000000 1.000000
0.997307 -0.001953 0.073315 0.021700 0.005563 0.998780 -0.049064 14.099800 -0.073130 0.049339 0.996101 -1.489600 0.000000 0.000000 0.000000 1.000000
0.998886 -0.000172 0.047191 0.021700 0.002420 0.998864 -0.047595 14.099800 -0.047129 0.047656 0.997751 -1.489600 0.000000 0.000000 0.000000 1.000000
0.999864 0.001636 0.016431 0.021700 -0.000879 0.998943 -0.045958 14.099800 -0.016489 0.045938 0.998808 -1.489600 0.000000 0.000000 0.000000 1.000000
0.999894 0.001349 -0.014486 0.021700 -0.001983 0.999037 -0.043833 14.099800 0.014413 0.043857 0.998934 -1.489600 0.000000 0.000000 0.000000 1.000000
0.999061 -0.002671 -0.043247 0.021700 0.000993 0.999248 -0.038767 14.099800 0.043318 0.038688 0.998312 -1.489600 0.000000 0.000000 0.000000 1.000000
0.997568 -0.009583 -0.069038 0.021700 0.007534 0.999525 -0.029880 14.099800 0.069292 0.029288 0.997166 -1.489600 0.000000 0.000000 0.000000 1.000000
0.995901 -0.014832 -0.089225 0.021700 0.012937 0.999679 -0.021790 14.099800 0.089519 0.020546 0.995773 -1.489600 0.000000 0.000000 0.000000 1.000000
0.994881 -0.013783 -0.100107 0.021700 0.011723 0.999708 -0.021136 14.099800 0.100370 0.019854 0.994752 -1.489600 0.000000 0.000000 0.000000 1.000000
0.994843 -0.006751 -0.101206 0.021700 0.003967 0.999609 -0.027687 14.099800 0.101354 0.027143 0.994480 -1.489600 0.000000 0.000000 0.000000 1.000000
0.995403 0.001940 -0.095758 0.021700 -0.005272 0.999389 -0.034558 14.099800 0.095632 0.034904 0.994805 -1.489600 0.000000 0.000000 0.000000 1.000000
0.996179 0.007930 -0.086974 0.021700 -0.011167 0.999261 -0.036788 14.099800 0.086618 0.037618 0.995531 -1.489600 0.000000 0.000000 0.000000 1.000000
0.997277 0.009638 -0.073111 0.021700 -0.012313 0.999267 -0.036234 14.099800 0.072708 0.037035 0.996665 -1.489600 0.000000 0.000000 0.000000 1.000000
0.998751 0.009070 -0.049127 0.021700 -0.010932 0.999227 -0.037757 14.099800 0.048747 0.038247 0.998079 -1.489600 0.000000 0.000000 0.000000 1.000000
0.999801 0.009530 -0.017547 0.021700 -0.010250 0.999088 -0.041453 14.099800 0.017136 0.041625 0.998986 -1.489600 0.000000 0.000000 0.000000 1.000000
0.999868 0.011556 0.011386 0.021700 -0.011068 0.999055 -0.042040 14.099800 -0.011861 0.041909 0.999051 -1.489600 0.000000 0.000000 0.000000 1.000000
0.999388 0.012962 0.032497 0.021700 -0.011782 0.999273 -0.036249 14.099800 -0.032943 0.035844 0.998814 -1.489600 0.000000 0.000000 0.000000 1.000000</float_array><technique_common><accessor source="#Spine2-Matrix-animation-output-transform-array" count="22" stride="16"><param type="float4x4"/></accessor></technique_common></source><source id="Spine2-Interpolations"><Name_array id="Spine2-Interpolations-array" count="22">
 LINEAR LINEAR LINEAR LINEAR LINEAR LINEAR LINEAR LINEAR LINEAR LINEAR LINEAR
LINEAR LINEAR LINEAR LINEAR LINEAR LINEAR LINEAR LINEAR LINEAR LINEAR LINEAR</Name_array><technique_common><accessor source="#Spine2-Interpolations-array" count="22"><param type="name"/></accessor></technique_common></source><sampler id="Spine2-Matrix-animation-transform"><input semantic="INPUT" source="#Spine2-Matrix-animation-input"/><input semantic="OUTPUT" source="#Spine2-Matrix-animation-output-transform"/><input semantic="INTERPOLATION" source="#Spine2-Interpolations"/></sampler><channel source="#Spine2-Matrix-animation-transform" target="Spine2/matrix"/></animation>
    <animation id="Neck-anim" name="Neck"><source id="Neck-Matrix-animation-input"><float_array id="Neck-Matrix-animation-input-array" count="22">

0.000000 0.033333 0.066667 0.100000 0.133333 0.166667 0.200000 0.233333 0.266667 0.300000 0.333333 0.366667 0.400000 0.433333 0.466667 0.500000
0.533333 0.566667 0.600000 0.633333 0.666667 0.700000</float_array><technique_common><accessor source="#Neck-Matrix-animation-input-array" count="22"><param name="TIME" type="float"/></accessor></technique_common></source><source id="Neck-Matrix-animation-output-transform"><float_array id="Neck-Matrix-animation-output-transform-array" count="352">

0.999574 0.013516 0.025873 0.024400 -0.018030 0.982935 0.183068 15.862300 -0.022957 -0.183457 0.982760 -1.675800 0.000000 0.000000 0.000000 1.000000
0.999486 -0.010569 -0.030273 0.024400 0.014639 0.990387 0.137550 15.862300 0.028529 -0.137923 0.990032 -1.675800 0.000000 0.000000 0.000000 1.000000
0.996709 -0.031173 -0.074835 0.024400 0.037345 0.995887 0.082547 15.862300 0.071954 -0.085070 0.993774 -1.675800 0.000000 0.000000 0.000000 1.000000
0.993746 -0.045569 -0.101945 0.024400 0.049952 0.997915 0.040864 15.862300 0.099870 -0.045701 0.993950 -1.675800 0.000000 0.000000 0.000000 1.000000
0.992756 -0.044504 -0.111600 0.024400 0.047746 0.998507 0.026541 15.862300 0.110252 -0.031677 0.993399 -1.675800 0.000000 0.000000 0.000000 1.000000
0.993980 -0.031561 -0.104913 0.024400 0.035539 0.998710 0.036268 15.862300 0.103633 -0.039778 0.993820 -1.675800 0.000000 0.000000 0.000000 1.000000
0.996447 -0.017236 -0.082442 0.024400 0.022246 0.997935 0.060249 15.862300 0.081233 -0.061869 0.994773 -1.675800 0.000000 0.000000 0.000000 1.000000
0.998771 -0.007192 -0.049030 0.024400 0.011748 0.995570 0.093283 15.862300 0.048142 -0.093744 0.994432 -1.675800 0.000000 0.000000 0.000000 1.000000
0.999910 -0.002772 -0.013159 0.024400 0.004442 0.991689 0.128581 15.862300 0.012693 -0.128628 0.991612 -1.675800 0.000000 0.000000 0.000000 1.000000
0.999799 -0.005653 0.019257 0.024400 0.002596 0.987881 0.155194 15.862300 -0.019901 -0.155113 0.987696 -1.675800 0.000000 0.000000 0.000000 1.000000
0.998675 -0.009894 0.050495 0.024400 0.001479 0.986452 0.164041 15.862300 -0.051434 -0.163749 0.985160 -1.675800 0.000000 0.000000 0.000000 1.000000
0.996297 -0.000517 0.085972 0.024400 -0.012400 0.988663 0.149640 15.862300 -0.085074 -0.150152 0.984996 -1.675800 0.000000 0.000000 0.000000 1.000000
0.992459 0.023020 0.120397 0.024400 -0.037774 0.991843 0.121740 15.862300 -0.116613 -0.125369 0.985233 -1.675800 0.000000 0.000000 0.000000 1.000000
0.988424 0.044749 0.144968 0.024400 -0.060039 0.992881 0.102872 15.862300 -0.139333 -0.110385 0.984074 -1.675800 0.000000 0.000000 0.000000 1.000000
0.985387 0.056395 0.160722 0.024400 -0.073528 0.991988 0.102730 15.862300 -0.153640 -0.113046 0.981639 -1.675800 0.000000 0.000000 0.000000 1.000000
0.983320 0.060510 0.171524 0.024400 -0.080904 0.990122 0.114511 15.862300 -0.162901 -0.126478 0.978502 -1.675800 0.000000 0.000000 0.000000 1.000000
0.982992 0.059727 0.173663 0.024400 -0.083007 0.988028 0.130043 15.862300 -0.163817 -0.142246 0.976181 -1.675800 0.000000 0.000000 0.000000 1.000000
0.985969 0.053472 0.158129 0.024400 -0.077002 0.986188 0.146643 15.862300 -0.148104 -0.156762 0.976469 -1.675800 0.000000 0.000000 0.000000 1.000000
0.991434 0.041769 0.123748 0.024400 -0.061805 0.984723 0.162791 15.862300 -0.115057 -0.169045 0.978870 -1.675800 0.000000 0.000000 0.000000 1.000000
0.996189 0.028036 0.082595 0.024400 -0.042182 0.983690 0.174858 15.862300 -0.076345 -0.177675 0.981123 -1.675800 0.000000 0.000000 0.000000 1.000000
0.998673 0.017295 0.048513 0.024400 -0.025800 0.983221 0.180585 15.862300 -0.044576 -0.181597 0.982362 -1.675800 0.000000 0.000000 0.000000 1.000000
0.999574 0.013516 0.025873 0.024400 -0.018030 0.982935 0.183069 15.862300 -0.022957 -0.183457 0.982760 -1.675800 0.000000 0.000000 0.000000 1.000000</float_array><technique_common><accessor source="#Neck-Matrix-animation-output-transform-array" count="22" stride="16"><param type="float4x4"/></accessor></technique_common></source><source id="Neck-Interpolations"><Name_array id="Neck-Interpolations-array" count="22">
 LINEAR LINEAR LINEAR LINEAR LINEAR LINEAR LINEAR LINEAR LINEAR LINEAR LINEAR
LINEAR LINEAR LINEAR LINEAR LINEAR LINEAR LINEAR LINEAR LINEAR LINEAR LINEAR</Name_array><technique_common><accessor source="#Neck-Interpolations-array" count="22"><param type="name"/></accessor></technique_common></source><sampler id="Neck-Matrix-animation-transform"><input semantic="INPUT" source="#Neck-Matrix-animation-input"/><input semantic="OUTPUT" source="#Neck-Matrix-animation-output-transform"/><input semantic="INTERPOLATION" source="#Neck-Interpolations"/></sampler><channel source="#Neck-Matrix-animation-transform" target="Neck/matrix"/></animation>
    <animation id="Head-anim" name="Head"><source id="Head-Matrix-animation-input"><float_array id="Head-Matrix-animation-input-array" count="22">

0.000000 0.033333 0.066667 0.100000 0.133333 0.166667 0.200000 0.233333 0.266667 0.300000 0.333333 0.366667 0.400000 0.433333 0.466667 0.500000
0.533333 0.566667 0.600000 0.633333 0.666667 0.700000</float_array><technique_common><accessor source="#Head-Matrix-animation-input-array" count="22"><param name="TIME" type="float"/></accessor></technique_common></source><source id="Head-Matrix-animation-output-transform"><float_array id="Head-Matrix-animation-output-transform-array" count="352">

0.993772 0.096051 -0.056498 0.000000 -0.061389 0.895015 0.441792 5.564000 0.093002 -0.435572 0.895337 0.988100 0.000000 0.000000 0.000000 1.000000
0.980630 0.099979 -0.168431 0.000000 -0.016139 0.898234 0.439221 5.564000 0.195203 -0.427995 0.882449 0.988100 0.000000 0.000000 0.000000 1.000000
0.960296 0.111589 -0.255694 0.000000 0.011518 0.899882 0.435981 5.564000 0.278745 -0.421616 0.862868 0.988100 0.000000 0.000000 0.000000 1.000000
0.944039 0.114389 -0.309364 0.000000 0.034025 0.899159 0.436297 5.564000 0.328075 -0.422408 0.844949 0.988100 0.000000 0.000000 0.000000 1.000000
0.936260 0.102453 -0.336036 0.000000 0.057262 0.899232 0.433708 5.564000 0.346609 -0.425306 0.836048 0.988100 0.000000 0.000000 0.000000 1.000000
0.939456 0.086152 -0.331662 0.000000 0.068837 0.900701 0.428950 5.564000 0.335684 -0.425811 0.840239 0.988100 0.000000 0.000000 0.000000 1.000000
0.954238 0.074229 -0.289688 0.000000 0.061134 0.899825 0.431946 5.564000 0.292732 -0.429889 0.854110 0.988100 0.000000 0.000000 0.000000 1.000000
0.972745 0.058397 -0.224404 -0.000000 0.049027 0.894091 0.445193 5.564000 0.226636 -0.444061 0.866860 0.988100 0.000000 0.000000 0.000000 1.000000
0.986802 0.027723 -0.159539 0.000000 0.049184 0.887375 0.458417 5.564000 0.154279 -0.460214 0.874300 0.988100 0.000000 0.000000 0.000000 1.000000
0.995340 -0.008845 -0.096023 0.000000 0.052170 0.886860 0.459084 5.564000 0.081098 -0.461954 0.883188 0.988100 0.000000 0.000000 0.000000 1.000000
0.999251 -0.033952 -0.018567 -0.000000 0.038670 0.893960 0.446475 5.564000 0.001439 -0.446859 0.894603 0.988100 0.000000 0.000000 0.000000 1.000000
0.996408 -0.048372 0.069501 -0.000000 0.013838 0.902761 0.429920 5.564000 -0.083539 -0.427414 0.900188 0.988100 0.000000 0.000000 0.000000 1.000000
0.986905 -0.066872 0.146788 0.000000 -0.000511 0.908714 0.417419 5.564000 -0.161302 -0.412028 0.896780 0.988100 0.000000 0.000000 0.000000 1.000000
0.975989 -0.091522 0.197660 0.000000 0.002335 0.911789 0.410651 5.564000 -0.217808 -0.400330 0.890110 0.988100 0.000000 0.000000 0.000000 1.000000
0.969340 -0.107079 0.221166 0.000000 0.008205 0.913661 0.406394 5.564000 -0.245587 -0.392119 0.886527 0.988100 0.000000 0.000000 0.000000 1.000000
0.969612 -0.100593 0.223012 0.000000 0.002900 0.916219 0.400668 5.564000 -0.244632 -0.387845 0.888668 0.988100 0.000000 0.000000 0.000000 1.000000
0.976234 -0.073289 0.203951 0.000000 -0.013027 0.919538 0.392786 5.564000 -0.216328 -0.386108 0.896729 0.988100 0.000000 0.000000 0.000000 1.000000
0.986513 -0.034026 0.160108 0.000000 -0.030909 0.921832 0.386356 5.564000 -0.160739 -0.386094 0.908347 0.988100 0.000000 0.000000 0.000000 1.000000
0.995316 0.008405 0.096308 -0.000000 -0.045264 0.920789 0.387426 5.564000 -0.085423 -0.389970 0.916857 0.988100 0.000000 0.000000 0.000000 1.000000
0.998423 0.046783 0.031018 -0.000000 -0.055297 0.914690 0.400355 5.564000 -0.009642 -0.401439 0.915835 0.988100 0.000000 0.000000 0.000000 1.000000
0.996878 0.076386 -0.019967 0.000000 -0.060844 0.904424 0.422274 5.564000 0.050314 -0.419741 0.906248 0.988100 0.000000 0.000000 0.000000 1.000000
0.993772 0.096051 -0.056498 0.000000 -0.061389 0.895015 0.441792 5.564000 0.093002 -0.435572 0.895337 0.988100 0.000000 0.000000 0.000000 1.000000</float_array><technique_common><accessor source="#Head-Matrix-animation-output-transform-array" count="22" stride="16"><param type="float4x4"/></accessor></technique_common></source><source id="Head-Interpolations"><Name_array id="Head-Interpolations-array" count="22">
 LINEAR LINEAR LINEAR LINEAR LINEAR LINEAR LINEAR LINEAR LINEAR LINEAR LINEAR
LINEAR LINEAR LINEAR LINEAR LINEAR LINEAR LINEAR LINEAR LINEAR LINEAR LINEAR</Name_array><technique_common><accessor source="#Head-Interpolations-array" count="22"><param type="name"/></accessor></technique_common></source><sampler id="Head-Matrix-animation-transform"><input semantic="INPUT" source="#Head-Matrix-animation-input"/><input semantic="OUTPUT" source="#Head-Matrix-animation-output-transform"/><input semantic="INTERPOLATION" source="#Head-Interpolations"/></sampler><channel source="#Head-Matrix-animation-transform" target="Head/matrix"/></animation>
    <animation id="LeftShoulder-anim" name="LeftShoulder"><source id="LeftShoulder-Matrix-animation-input"><float_array id="LeftShoulder-Matrix-animation-input-array" count="22">

0.000000 0.033333 0.066667 0.100000 0.133333 0.166667 0.200000 0.233333 0.266667 0.300000 0.333333 0.366667 0.400000 0.433333 0.466667 0.500000
0.533333 0.566667 0.600000 0.633333 0.666667 0.700000</float_array><technique_common><accessor source="#LeftShoulder-Matrix-animation-input-array" count="22"><param name="TIME" type="float"/></accessor></technique_common></source><source id="LeftShoulder-Matrix-animation-output-transform"><float_array id="LeftShoulder-Matrix-animation-output-transform-array" count="352">

0.947874 0.275323 0.160415 5.935000 -0.265379 0.960748 -0.080857 13.670200 -0.176380 0.034071 0.983732 -1.662600 0.000000 0.000000 0.000000 1.000000
0.970583 0.213904 0.110514 5.935000 -0.208495 0.976271 -0.058514 13.670200 -0.120408 0.033751 0.992151 -1.662600 0.000000 0.000000 0.000000 1.000000
0.984915 0.169885 0.032871 5.935000 -0.168572 0.984905 -0.039314 13.670200 -0.039053 0.033180 0.998686 -1.662600 0.000000 0.000000 0.000000 1.000000
0.987821 0.155239 -0.010547 5.935000 -0.155470 0.987482 -0.026618 13.670200 0.006283 0.027934 0.999590 -1.662600 0.000000 0.000000 0.000000 1.000000
0.984628 0.172508 -0.027351 5.935000 -0.173057 0.984725 -0.019156 13.670200 0.023628 0.023595 0.999442 -1.662600 0.000000 0.000000 0.000000 1.000000
0.977247 0.205660 -0.051877 5.935000 -0.206612 0.978328 -0.013646 13.670200 0.047946 0.024054 0.998560 -1.662600 0.000000 0.000000 0.000000 1.000000
0.967204 0.234795 -0.096889 5.935000 -0.236688 0.971550 -0.008369 13.670200 0.092168 0.031027 0.995260 -1.662600 0.000000 0.000000 0.000000 1.000000
0.958500 0.234985 -0.161433 5.935000 -0.238867 0.971041 -0.004793 13.670200 0.155631 0.043155 0.986872 -1.662600 0.000000 0.000000 0.000000 1.000000
0.952980 0.187892 -0.237752 5.935000 -0.195102 0.980758 -0.006946 13.670200 0.231872 0.053005 0.971301 -1.662600 0.000000 0.000000 0.000000 1.000000
0.945665 0.111943 -0.305265 5.935000 -0.122488 0.992348 -0.015547 13.670200 0.301189 0.052093 0.952140 -1.662600 0.000000 0.000000 0.000000 1.000000
0.937460 0.049423 -0.344567 5.935000 -0.061626 0.997797 -0.024546 13.670200 0.342595 0.044245 0.938441 -1.662600 0.000000 0.000000 0.000000 1.000000
0.935302 0.019409 -0.353317 5.935000 -0.031427 0.999105 -0.028309 13.670200 0.352451 0.037581 0.935075 -1.662600 0.000000 0.000000 0.000000 1.000000
0.939175 0.008312 -0.343339 5.935000 -0.019123 0.999422 -0.028113 13.670200 0.342906 0.032969 0.938791 -1.662600 0.000000 0.000000 0.000000 1.000000
0.944082 -0.004153 -0.329686 5.935000 -0.005609 0.999574 -0.028654 13.670200 0.329664 0.028901 0.943656 -1.662600 0.000000 0.000000 0.000000 1.000000
0.947463 -0.020225 -0.319225 5.935000 0.010855 0.999457 -0.031102 13.670200 0.319681 0.026003 0.947168 -1.662600 0.000000 0.000000 0.000000 1.000000
0.953624 -0.017143 -0.300511 5.935000 0.007817 0.999451 -0.032208 13.670200 0.300898 0.028365 0.953235 -1.662600 0.000000 0.000000 0.000000 1.000000
0.966652 0.027872 -0.254573 5.935000 -0.036684 0.998879 -0.029931 13.670200 0.253453 0.038271 0.966590 -1.662600 0.000000 0.000000 0.000000 1.000000
0.977101 0.097077 -0.189341 5.935000 -0.104118 0.994183 -0.027574 13.670200 0.185562 0.046657 0.981524 -1.662600 0.000000 0.000000 0.000000 1.000000
0.979982 0.143362 -0.138142 5.935000 -0.148784 0.988423 -0.029707 13.670200 0.132284 0.049666 0.989967 -1.662600 0.000000 0.000000 0.000000 1.000000
0.982484 0.160798 -0.094180 5.935000 -0.164964 0.985559 -0.038218 13.670200 0.086675 0.053085 0.994821 -1.662600 0.000000 0.000000 0.000000 1.000000
0.980543 0.196274 -0.003576 5.935000 -0.196174 0.979048 -0.054593 13.670200 -0.007214 0.054233 0.998502 -1.662600 0.000000 0.000000 0.000000 1.000000
0.947874 0.275323 0.160415 5.935000 -0.265379 0.960748 -0.080857 13.670200 -0.176380 0.034071 0.983732 -1.662600 0.000000 0.000000 0.000000 1.000000</float_array><technique_common><accessor source="#LeftShoulder-Matrix-animation-output-transform-array" count="22" stride="16"><param type="float4x4"/></accessor></technique_common></source><source id="LeftShoulder-Interpolations"><Name_array id="LeftShoulder-Interpolations-array" count="22">
 LINEAR LINEAR LINEAR LINEAR LINEAR LINEAR LINEAR LINEAR LINEAR LINEAR LINEAR
LINEAR LINEAR LINEAR LINEAR LINEAR LINEAR LINEAR LINEAR LINEAR LINEAR LINEAR</Name_array><technique_common><accessor source="#LeftShoulder-Interpolations-array" count="22"><param type="name"/></accessor></technique_common></source><sampler id="LeftShoulder-Matrix-animation-transform"><input semantic="INPUT" source="#LeftShoulder-Matrix-animation-input"/><input semantic="OUTPUT" source="#LeftShoulder-Matrix-animation-output-transform"/><input semantic="INTERPOLATION" source="#LeftShoulder-Interpolations"/></sampler><channel source="#LeftShoulder-Matrix-animation-transform" target="LeftShoulder/matrix"/></animation>
    <animation id="LeftArm-anim" name="LeftArm"><source id="LeftArm-Matrix-animation-input"><float_array id="LeftArm-Matrix-animation-input-array" count="22">

0.000000 0.033333 0.066667 0.100000 0.133333 0.166667 0.200000 0.233333 0.266667 0.300000 0.333333 0.366667 0.400000 0.433333 0.466667 0.500000
0.533333 0.566667 0.600000 0.633333 0.666667 0.700000</float_array><technique_common><accessor source="#LeftArm-Matrix-animation-input-array" count="22"><param name="TIME" type="float"/></accessor></technique_common></source><source id="LeftArm-Matrix-animation-output-transform"><float_array id="LeftArm-Matrix-animation-output-transform-array" count="352">

0.501586 0.819527 -0.277105 12.499400 -0.821968 0.551351 0.142762 -1.650000 0.269780 0.156164 0.950175 0.026500 0.000000 0.000000 0.000000 1.000000
0.466602 0.870582 -0.156107 12.499400 -0.884464 0.458771 -0.085168 -1.650000 -0.002529 0.177811 0.984061 0.026500 0.000000 0.000000 0.000000 1.000000
0.446195 0.894934 -0.001891 12.499400 -0.856548 0.426442 -0.290643 -1.650000 -0.259299 0.131303 0.956830 0.026500 0.000000 0.000000 0.000000 1.000000
0.448158 0.891230 0.069736 12.499400 -0.795251 0.433093 -0.424271 -1.650000 -0.408326 0.134683 0.902846 0.026500 0.000000 0.000000 0.000000 1.000000
0.483530 0.874658 0.034236 12.499400 -0.768588 0.442960 -0.461583 -1.650000 -0.418892 0.196876 0.886436 0.026500 0.000000 0.000000 0.000000 1.000000
0.529540 0.845540 -0.068186 12.499400 -0.789854 0.462152 -0.403170 -1.650000 -0.309384 0.267351 0.912581 0.026500 0.000000 0.000000 0.000000 1.000000
0.570223 0.798049 -0.194844 12.499400 -0.815100 0.520116 -0.255130 -1.650000 -0.102265 0.304298 0.947072 0.026500 0.000000 0.000000 0.000000 1.000000
0.599497 0.739532 -0.306098 12.499400 -0.782233 0.622336 -0.028452 -1.650000 0.169454 0.256497 0.951575 0.026500 0.000000 0.000000 0.000000 1.000000
0.606335 0.704647 -0.368552 12.499400 -0.668067 0.702766 0.244551 -1.650000 0.431329 0.097938 0.896863 0.026500 0.000000 0.000000 0.000000 1.000000
0.599491 0.710924 -0.367693 12.499400 -0.519489 0.695095 0.496965 -1.650000 0.608885 -0.106914 0.786020 0.026500 0.000000 0.000000 0.000000 1.000000
0.617787 0.720751 -0.314417 12.499400 -0.394193 0.629837 0.669266 -1.650000 0.680405 -0.289523 0.673220 0.026500 0.000000 0.000000 0.000000 1.000000
0.686747 0.685537 -0.241697 12.499400 -0.305323 0.573797 0.759957 -1.650000 0.659664 -0.448102 0.603364 0.026500 0.000000 0.000000 0.000000 1.000000
0.777862 0.602327 -0.179259 12.499400 -0.241202 0.549550 0.799886 -1.650000 0.580304 -0.578963 0.572756 0.026500 0.000000 0.000000 0.000000 1.000000
0.844630 0.517373 -0.137566 12.499400 -0.205131 0.550123 0.809497 -1.650000 0.494490 -0.655507 0.570780 0.026500 0.000000 0.000000 0.000000 1.000000
0.871628 0.476004 -0.116985 12.499400 -0.211030 0.579826 0.786936 -1.650000 0.442415 -0.661228 0.605844 0.026500 0.000000 0.000000 0.000000 1.000000
0.865962 0.483182 -0.129018 12.499400 -0.254618 0.647998 0.717822 -1.650000 0.430442 -0.588756 0.684168 0.026500 0.000000 0.000000 0.000000 1.000000
0.834910 0.517653 -0.186976 12.499400 -0.322518 0.735429 0.595925 -1.650000 0.445990 -0.437241 0.780969 0.026500 0.000000 0.000000 0.000000 1.000000
0.777985 0.567812 -0.268941 12.499400 -0.416472 0.786570 0.455915 -1.650000 0.470415 -0.242689 0.848417 0.026500 0.000000 0.000000 0.000000 1.000000
0.692620 0.644539 -0.323801 12.499400 -0.539053 0.760810 0.361374 -1.650000 0.479270 -0.075749 0.874392 0.026500 0.000000 0.000000 0.000000 1.000000
0.590495 0.737752 -0.327166 12.499400 -0.667184 0.674340 0.316435 -1.650000 0.454072 0.031427 0.890411 0.026500 0.000000 0.000000 0.000000 1.000000
0.514648 0.802881 -0.300865 12.499400 -0.766614 0.588042 0.257893 -1.650000 0.383979 0.097923 0.918135 0.026500 0.000000 0.000000 0.000000 1.000000
0.501586 0.819527 -0.277105 12.499400 -0.821968 0.551351 0.142762 -1.650000 0.269780 0.156164 0.950175 0.026500 0.000000 0.000000 0.000000 1.000000</float_array><technique_common><accessor source="#LeftArm-Matrix-animation-output-transform-array" count="22" stride="16"><param type="float4x4"/></accessor></technique_common></source><source id="LeftArm-Interpolations"><Name_array id="LeftArm-Interpolations-array" count="22">
 LINEAR LINEAR LINEAR LINEAR LINEAR LINEAR LINEAR LINEAR LINEAR LINEAR LINEAR
LINEAR LINEAR LINEAR LINEAR LINEAR LINEAR LINEAR LINEAR LINEAR LINEAR LINEAR</Name_array><technique_common><accessor source="#LeftArm-Interpolations-array" count="22"><param type="name"/></accessor></technique_common></source><sampler id="LeftArm-Matrix-animation-transform"><input semantic="INPUT" source="#LeftArm-Matrix-animation-input"/><input semantic="OUTPUT" source="#LeftArm-Matrix-animation-output-transform"/><input semantic="INTERPOLATION" source="#LeftArm-Interpolations"/></sampler><channel source="#LeftArm-Matrix-animation-transform" target="LeftArm/matrix"/></animation>
    <animation id="LeftForeArm-anim" name="LeftForeArm"><source id="LeftForeArm-Matrix-animation-input"><float_array id="LeftForeArm-Matrix-animation-input-array" count="22">

0.000000 0.033333 0.066667 0.100000 0.133333 0.166667 0.200000 0.233333 0.266667 0.300000 0.333333 0.366667 0.400000 0.433333 0.466667 0.500000
