<?xml version="1.0" encoding="utf-8"?>
<COLLADA xmlns="http://www.collada.org/2005/11/COLLADASchema" version="1.4.1">
  <asset><contributor><author>Mixamo</author><authoring_tool>COLLADA Mixamo exporter</authoring_tool><comments></comments></contributor><created>2018-11-01T11:12:43Z</created><modified>2018-11-01T11:12:43Z</modified><revision></revision><title></title><unit meter="0.010000"/><up_axis>Y_UP</up_axis></asset>
  <library_animations>
    <animation id="Hips-anim" name="Hips"><source id="Hips-Matrix-animation-input"><float_array id="Hips-Matrix-animation-input-array" count="30">

0.000000 0.033333 0.066667 0.100000 0.133333 0.166667 0.200000 0.233333 0.266667 0.300000 0.333333 0.366667 0.400000 0.433333 0.466667 0.500000
0.533333 0.566667 0.600000 0.633333 0.666667 0.700000 0.733333 0.766667 0.800000 0.833333 0.866667 0.900000 0.933333 0.966667</float_array><technique_common><accessor source="#Hips-Matrix-animation-input-array" count="30"><param name="TIME" type="float"/></accessor></technique_common></source><source id="Hips-Matrix-animation-output-transform"><float_array id="Hips-Matrix-animation-output-transform-array" count="480">

0.565491 -0.123517 -0.815453 0.000071 -0.014041 0.987137 -0.159259 80.553780 0.824635 0.101509 0.556483 0.000049 0.000000 0.000000 0.000000 1.000000
0.578389 -0.144539 -0.802854 0.951694 0.014713 0.985866 -0.166887 77.899338 0.815628 0.084714 0.572341 0.032438 0.000000 0.000000 0.000000 1.000000
0.591819 -0.148113 -0.792346 1.610303 0.034784 0.986751 -0.158472 76.169029 0.805320 0.066226 0.589130 0.283286 0.000000 0.000000 0.000000 1.000000
0.607280 -0.095959 -0.788672 1.356329 0.026590 0.994578 -0.100537 76.982384 0.794043 0.040083 0.606538 1.171000 0.000000 0.000000 0.000000 1.000000
0.631055 -0.023658 -0.775378 0.015490 0.005778 0.999650 -0.025798 80.656845 0.775717 0.011800 0.630971 2.429701 0.000000 0.000000 0.000000 1.000000
0.661206 0.051734 -0.748419 -2.372116 -0.020906 0.998503 0.050552 86.977112 0.749913 -0.017779 0.661297 3.905881 0.000000 0.000000 0.000000 1.000000
0.691937 0.075136 -0.718038 -5.119928 -0.032940 0.996820 0.072565 95.485550 0.721206 -0.026558 0.692211 5.530236 0.000000 0.000000 0.000000 1.000000
0.741236 0.024615 -0.670793 -5.830329 -0.017495 0.999696 0.017352 104.078552 0.671017 -0.001127 0.741441 6.258060 0.000000 0.000000 0.000000 1.000000
0.768610 -0.000261 -0.639718 -4.731739 -0.019620 0.999520 -0.023981 109.855110 0.639417 0.030984 0.768236 5.431932 0.000000 0.000000 0.000000 1.000000
0.731980 -0.027701 -0.680763 -3.562244 -0.003564 0.999004 -0.044482 115.620247 0.681317 0.034986 0.731152 4.290469 0.000000 0.000000 0.000000 1.000000
0.706399 -0.069280 -0.704415 -1.413393 0.008740 0.995976 -0.089191 121.842682 0.707760 0.056848 0.704162 2.970975 0.000000 0.000000 0.000000 1.000000
0.712847 -0.128775 -0.689396 1.167724 0.009593 0.984696 -0.174017 126.266678 0.701254 0.117434 0.703173 2.270186 0.000000 0.000000 0.000000 1.000000
0.711691 -0.117286 -0.692632 2.183703 0.002792 0.986429 -0.164167 128.060043 0.702487 0.114903 0.702360 2.190933 0.000000 0.000000 0.000000 1.000000
0.705521 -0.081196 -0.704023 2.565948 -0.005530 0.992754 -0.120038 128.881119 0.708668 0.088583 0.699959 2.345655 0.000000 0.000000 0.000000 1.000000
0.694654 -0.069873 -0.715942 3.005016 -0.008292 0.994427 -0.105097 129.435059 0.719296 0.078943 0.690204 2.323414 0.000000 0.000000 0.000000 1.000000
0.676502 -0.128212 -0.725194 3.589253 0.005093 0.985520 -0.169485 129.435516 0.736423 0.110963 0.667359 2.026584 0.000000 0.000000 0.000000 1.000000
0.654387 -0.172312 -0.736266 3.751466 0.011566 0.975857 -0.218105 128.218445 0.756072 0.134209 0.640581 1.907588 0.000000 0.000000 0.000000 1.000000
0.636800 -0.170935 -0.751843 3.494013 0.005221 0.976049 -0.217487 125.601143 0.771012 0.134571 0.622440 2.032696 0.000000 0.000000 0.000000 1.000000
0.616269 -0.158547 -0.771412 2.888578 0.003172 0.980017 -0.198888 121.699524 0.787530 0.120121 0.604457 1.903122 0.000000 0.000000 0.000000 1.000000
0.602414 -0.130083 -0.787512 2.036277 -0.003949 0.986133 -0.165913 116.446838 0.798174 0.103058 0.593546 1.600122 0.000000 0.000000 0.000000 1.000000
0.588937 -0.095161 -0.802557 1.203007 -0.016852 0.991382 -0.129917 110.191521 0.808003 0.090037 0.582258 1.527893 0.000000 0.000000 0.000000 1.000000
0.581784 -0.067022 -0.810578 0.704727 -0.030836 0.994065 -0.104326 102.812477 0.812759 0.085690 0.576264 1.637743 0.000000 0.000000 0.000000 1.000000
0.576068 -0.044750 -0.816176 0.302883 -0.042279 0.995532 -0.084425 95.448097 0.816308 0.083142 0.571602 1.633532 0.000000 0.000000 0.000000 1.000000
0.578393 -0.038649 -0.814843 0.352015 -0.046591 0.995681 -0.080297 88.132317 0.814427 0.084408 0.574094 1.282625 0.000000 0.000000 0.000000 1.000000
0.577320 -0.046067 -0.815217 0.717860 -0.043725 0.995230 -0.087204 83.243607 0.815346 0.085990 0.572552 1.020449 0.000000 0.000000 0.000000 1.000000
0.574880 -0.062816 -0.815823 1.105504 -0.037268 0.994004 -0.102797 81.185478 0.817388 0.089500 0.569092 0.788351 0.000000 0.000000 0.000000 1.000000
0.571859 -0.083155 -0.816127 1.063939 -0.029401 0.992133 -0.121689 80.469849 0.819825 0.093584 0.564915 0.529874 0.000000 0.000000 0.000000 1.000000
0.568805 -0.102822 -0.816020 0.730816 -0.021876 0.989912 -0.139981 80.314308 0.822181 0.097473 0.560818 0.280531 0.000000 0.000000 0.000000 1.000000
0.566422 -0.117656 -0.815673 0.309087 -0.016247 0.987970 -0.153791 80.435944 0.823955 0.100363 0.557697 0.088375 0.000000 0.000000 0.000000 1.000000
0.565491 -0.123517 -0.815453 0.001416 -0.014041 0.987137 -0.159259 80.553780 0.824635 0.101509 0.556483 0.002436 0.000000 0.000000 0.000000 1.000000</float_array><technique_common><accessor source="#Hips-Matrix-animation-output-transform-array" count="30" stride="16"><param type="float4x4"/></accessor></technique_common></source><source id="Hips-Interpolations"><Name_array id="Hips-Interpolations-array" count="30">
 LINEAR LINEAR LINEAR LINEAR LINEAR LINEAR LINEAR LINEAR LINEAR LINEAR LINEAR
LINEAR LINEAR LINEAR LINEAR LINEAR LINEAR LINEAR LINEAR LINEAR LINEAR LINEAR LINEAR
LINEAR LINEAR LINEAR LINEAR LINEAR LINEAR LINEAR</Name_array><technique_common><accessor source="#Hips-Interpolations-array" count="30"><param type="name"/></accessor></technique_common></source><sampler id="Hips-Matrix-animation-transform"><input semantic="INPUT" source="#Hips-Matrix-animation-input"/><input semantic="OUTPUT" source="#Hips-Matrix-animation-output-transform"/><input semantic="INTERPOLATION" source="#Hips-Interpolations"/></sampler><channel source="#Hips-Matrix-animation-transform" target="Hips/matrix"/></animation>
    <animation id="Spine-anim" name="Spine"><source id="Spine-Matrix-animation-input"><float_array id="Spine-Matrix-animation-input-array" count="30">

0.000000 0.033333 0.066667 0.100000 0.133333 0.166667 0.200000 0.233333 0.266667 0.300000 0.333333 0.366667 0.400000 0.433333 0.466667 0.500000
0.533333 0.566667 0.600000 0.633333 0.666667 0.700000 0.733333 0.766667 0.800000 0.833333 0.866667 0.900000 0.933333 0.966667</float_array><technique_common><accessor source="#Spine-Matrix-animation-input-array" count="30"><param name="TIME" type="float"/></accessor></technique_common></source><source id="Spine-Matrix-animation-output-transform"><float_array id="Spine-Matrix-animation-output-transform-array" count="480">

0.996569 0.054883 0.061949 0.017300 -0.046550 0.990584 -0.128751 10.574800 -0.068431 0.125426 0.989740 -1.117200 0.000000 0.000000 0.000000 1.000000
0.995341 0.074891 0.060722 0.017300 -0.064773 0.985912 -0.154217 10.574800 -0.071416 0.149565 0.986169 -1.117200 0.000000 0.000000 0.000000 1.000000
0.993993 0.097568 0.049575 0.017300 -0.085387 0.974746 -0.206349 10.574800 -0.068456 0.200876 0.977222 -1.117200 0.000000 0.000000 0.000000 1.000000
0.993844 0.097103 0.053338 0.017300 -0.081397 0.966596 -0.243036 10.574800 -0.075156 0.237198 0.968550 -1.117200 0.000000 0.000000 0.000000 1.000000
0.995680 0.084990 0.037385 0.017300 -0.072341 0.962504 -0.261444 10.574800 -0.058203 0.257610 0.964494 -1.117200 0.000000 0.000000 0.000000 1.000000
0.997741 0.066333 0.010643 0.017300 -0.060878 0.959706 -0.274332 10.574800 -0.028412 0.273064 0.961576 -1.117200 0.000000 0.000000 0.000000 1.000000
0.998322 0.057561 -0.006306 0.017300 -0.057361 0.968163 -0.243661 10.574800 -0.007920 0.243614 0.969840 -1.117200 0.000000 0.000000 0.000000 1.000000
0.998337 0.052768 -0.023223 0.017300 -0.056449 0.976561 -0.207708 10.574800 0.011718 0.208673 0.977915 -1.117200 0.000000 0.000000 0.000000 1.000000
0.999594 0.026412 -0.010706 0.017300 -0.028246 0.968127 -0.248862 10.574800 0.003792 0.249064 0.968480 -1.117200 0.000000 0.000000 0.000000 1.000000
0.998076 0.059929 0.015924 0.017300 -0.051627 0.945353 -0.321936 10.574800 -0.034347 0.320495 0.946627 -1.117200 0.000000 0.000000 0.000000 1.000000
0.997516 0.069925 0.008494 0.017300 -0.060243 0.909395 -0.411549 10.574800 -0.036502 0.410015 0.911348 -1.117200 0.000000 0.000000 0.000000 1.000000
0.999128 0.041461 -0.004836 0.017300 -0.038457 0.869265 -0.492848 10.574800 -0.016230 0.492604 0.870102 -1.117200 0.000000 0.000000 0.000000 1.000000
0.999610 0.022813 -0.016110 0.017300 -0.027927 0.819676 -0.572146 10.574800 0.000152 0.572373 0.819994 -1.117200 0.000000 0.000000 0.000000 1.000000
0.999387 0.032239 -0.013628 0.017300 -0.033573 0.772874 -0.633671 10.574800 -0.009896 0.633741 0.773482 -1.117200 0.000000 0.000000 0.000000 1.000000
0.999650 0.026455 0.000913 0.017300 -0.019953 0.775728 -0.630752 10.574800 -0.017395 0.630512 0.775984 -1.117200 0.000000 0.000000 0.000000 1.000000
0.999169 0.036249 0.018634 0.017300 -0.020545 0.842797 -0.537839 10.574800 -0.035201 0.537009 0.842842 -1.117200 0.000000 0.000000 0.000000 1.000000
0.998380 0.046724 0.032461 0.017300 -0.027698 0.897556 -0.440029 10.574800 -0.049696 0.438417 0.897397 -1.117200 0.000000 0.000000 0.000000 1.000000
0.998078 0.046842 0.040564 0.017300 -0.028124 0.925761 -0.377062 10.574800 -0.055215 0.375197 0.925299 -1.117200 0.000000 0.000000 0.000000 1.000000
0.997001 0.059672 0.049280 0.017300 -0.040680 0.945788 -0.322227 10.574800 -0.065836 0.319256 0.945379 -1.117200 0.000000 0.000000 0.000000 1.000000
0.996527 0.065937 0.050859 0.017300 -0.049852 0.961603 -0.269879 10.574800 -0.066702 0.266406 0.961550 -1.117200 0.000000 0.000000 0.000000 1.000000
0.996589 0.063462 0.052762 0.017300 -0.049768 0.972104 -0.229207 10.574800 -0.065836 0.225800 0.971947 -1.117200 0.000000 0.000000 0.000000 1.000000
0.996362 0.055589 0.064590 0.017300 -0.042416 0.980889 -0.189889 10.574800 -0.073911 0.186459 0.979679 -1.117200 0.000000 0.000000 0.000000 1.000000
0.996170 0.047018 0.073723 0.017300 -0.035156 0.987343 -0.154657 10.574800 -0.080061 0.151473 0.985214 -1.117200 0.000000 0.000000 0.000000 1.000000
0.996935 0.040345 0.067025 0.017300 -0.030730 0.989850 -0.138753 10.574800 -0.071943 0.136269 0.988056 -1.117200 0.000000 0.000000 0.000000 1.000000
0.997481 0.047745 0.052466 0.017300 -0.038377 0.985219 -0.166944 10.574800 -0.059661 0.164510 0.984569 -1.117200 0.000000 0.000000 0.000000 1.000000
0.997505 0.053200 0.046412 0.017300 -0.044540 0.984274 -0.170942 10.574800 -0.054777 0.168448 0.984187 -1.117200 0.000000 0.000000 0.000000 1.000000
0.997287 0.055164 0.048749 0.017300 -0.046644 0.985803 -0.161296 10.574800 -0.056955 0.158585 0.985701 -1.117200 0.000000 0.000000 0.000000 1.000000
0.996987 0.055562 0.054121 0.017300 -0.047074 0.987995 -0.147140 10.574800 -0.061647 0.144149 0.987634 -1.117200 0.000000 0.000000 0.000000 1.000000
0.996699 0.055205 0.059520 0.017300 -0.046803 0.989831 -0.134325 10.574800 -0.066330 0.131095 0.989148 -1.117200 0.000000 0.000000 0.000000 1.000000
0.996569 0.054883 0.061948 0.017300 -0.046550 0.990584 -0.128751 10.574800 -0.068431 0.125426 0.989740 -1.117200 0.000000 0.000000 0.000000 1.000000</float_array><technique_common><accessor source="#Spine-Matrix-animation-output-transform-array" count="30" stride="16"><param type="float4x4"/></accessor></technique_common></source><source id="Spine-Interpolations"><Name_array id="Spine-Interpolations-array" count="30">
 LINEAR LINEAR LINEAR LINEAR LINEAR LINEAR LINEAR LINEAR LINEAR LINEAR LINEAR
LINEAR LINEAR LINEAR LINEAR LINEAR LINEAR LINEAR LINEAR LINEAR LINEAR LINEAR LINEAR
LINEAR LINEAR LINEAR LINEAR LINEAR LINEAR LINEAR</Name_array><technique_common><accessor source="#Spine-Interpolations-array" count="30"><param type="name"/></accessor></technique_common></source><sampler id="Spine-Matrix-animation-transform"><input semantic="INPUT" source="#Spine-Matrix-animation-input"/><input semantic="OUTPUT" source="#Spine-Matrix-animation-output-transform"/><input semantic="INTERPOLATION" source="#Spine-Interpolations"/></sampler><channel source="#Spine-Matrix-animation-transform" target="Spine/matrix"/></animation>
    <animation id="Spine1-anim" name="Spine1"><source id="Spine1-Matrix-animation-input"><float_array id="Spine1-Matrix-animation-input-array" count="30">

0.000000 0.033333 0.066667 0.100000 0.133333 0.166667 0.200000 0.233333 0.266667 0.300000 0.333333 0.366667 0.400000 0.433333 0.466667 0.500000
0.533333 0.566667 0.600000 0.633333 0.666667 0.700000 0.733333 0.766667 0.800000 0.833333 0.866667 0.900000 0.933333 0.966667</float_array><technique_common><accessor source="#Spine1-Matrix-animation-input-array" count="30"><param name="TIME" type="float"/></accessor></technique_common></source><source id="Spine1-Matrix-animation-output-transform"><float_array id="Spine1-Matrix-animation-output-transform-array" count="480">

0.998874 -0.040468 0.024769 0.019000 0.040994 0.998937 -0.021099 12.337300 -0.023889 0.022090 0.999471 -1.303400 0.000000 0.000000 0.000000 1.000000
0.999133 -0.033000 0.025377 0.019000 0.033436 0.999297 -0.016958 12.337300 -0.024799 0.017792 0.999534 -1.303400 0.000000 0.000000 0.000000 1.000000
0.999415 -0.024608 0.023743 0.019000 0.025078 0.999491 -0.019706 12.337300 -0.023246 0.020290 0.999524 -1.303400 0.000000 0.000000 0.000000 1.000000
0.999470 -0.021120 0.024792 0.019000 0.021514 0.999645 -0.015741 12.337300 -0.024451 0.016267 0.999569 -1.303400 0.000000 0.000000 0.000000 1.000000
0.999640 -0.018425 0.019478 0.019000 0.018569 0.999801 -0.007223 12.337300 -0.019341 0.007582 0.999784 -1.303400 0.000000 0.000000 0.000000 1.000000
0.999823 -0.015564 0.010544 0.019000 0.015533 0.999875 0.002975 12.337300 -0.010589 -0.002811 0.999940 -1.303400 0.000000 0.000000 0.000000 1.000000
0.999950 -0.008868 0.004660 0.019000 0.008816 0.999899 0.011175 12.337300 -0.004759 -0.011133 0.999927 -1.303400 0.000000 0.000000 0.000000 1.000000
0.999993 -0.003207 -0.001803 0.019000 0.003216 0.999983 0.004846 12.337300 0.001787 -0.004852 0.999987 -1.303400 0.000000 0.000000 0.000000 1.000000
0.999999 -0.000933 -0.001172 0.019000 0.000909 0.999795 -0.020251 12.337300 0.001191 0.020250 0.999794 -1.303400 0.000000 0.000000 0.000000 1.000000
0.999971 0.002083 0.007315 0.019000 -0.001760 0.999037 -0.043850 12.337300 -0.007399 0.043836 0.999011 -1.303400 0.000000 0.000000 0.000000 1.000000
0.999975 0.002955 0.006409 0.019000 -0.002624 0.998696 -0.050989 12.337300 -0.006551 0.050971 0.998679 -1.303400 0.000000 0.000000 0.000000 1.000000
0.999990 0.003841 0.002295 0.019000 -0.003734 0.998983 -0.044941 12.337300 -0.002465 0.044932 0.998987 -1.303400 0.000000 0.000000 0.000000 1.000000
0.999987 0.005158 -0.000361 0.019000 -0.005169 0.999138 -0.041189 12.337300 0.000149 0.041191 0.999151 -1.303400 0.000000 0.000000 0.000000 1.000000
0.999993 0.003629 0.001249 0.019000 -0.003565 0.998840 -0.048022 12.337300 -0.001421 0.048017 0.998846 -1.303400 0.000000 0.000000 0.000000 1.000000
0.999989 0.003660 0.002774 0.019000 -0.003497 0.998386 -0.056676 12.337300 -0.002977 0.056666 0.998389 -1.303400 0.000000 0.000000 0.000000 1.000000
0.999962 0.001121 0.008588 0.019000 -0.000787 0.999246 -0.038806 12.337300 -0.008625 0.038797 0.999210 -1.303400 0.000000 0.000000 0.000000 1.000000
0.999919 0.001842 0.012613 0.019000 -0.001474 0.999574 -0.029133 12.337300 -0.012661 0.029112 0.999496 -1.303400 0.000000 0.000000 0.000000 1.000000
0.999898 0.001616 0.014202 0.019000 -0.001212 0.999597 -0.028376 12.337300 -0.014242 0.028356 0.999496 -1.303400 0.000000 0.000000 0.000000 1.000000
0.999853 0.002498 0.016992 0.019000 -0.002003 0.999576 -0.029059 12.337300 -0.017057 0.029021 0.999433 -1.303400 0.000000 0.000000 0.000000 1.000000
0.999836 0.003799 0.017688 0.019000 -0.003287 0.999578 -0.028879 12.337300 -0.017790 0.028816 0.999426 -1.303400 0.000000 0.000000 0.000000 1.000000
0.999825 0.004016 0.018262 0.019000 -0.003495 0.999588 -0.028476 12.337300 -0.018368 0.028407 0.999428 -1.303400 0.000000 0.000000 0.000000 1.000000
0.999774 -0.001092 0.021246 0.019000 0.001639 0.999666 -0.025783 12.337300 -0.021211 0.025812 0.999442 -1.303400 0.000000 0.000000 0.000000 1.000000
0.999698 -0.006904 0.023564 0.019000 0.007447 0.999707 -0.023031 12.337300 -0.023398 0.023200 0.999457 -1.303400 0.000000 0.000000 0.000000 1.000000
0.999677 -0.012412 0.022155 0.019000 0.012824 0.999746 -0.018556 12.337300 -0.021919 0.018834 0.999582 -1.303400 0.000000 0.000000 0.000000 1.000000
0.999595 -0.020323 0.019914 0.019000 0.020567 0.999715 -0.012109 12.337300 -0.019662 0.012513 0.999728 -1.303400 0.000000 0.000000 0.000000 1.000000
0.999503 -0.024958 0.019248 0.019000 0.025176 0.999620 -0.011219 12.337300 -0.018961 0.011698 0.999752 -1.303400 0.000000 0.000000 0.000000 1.000000
0.999337 -0.030115 0.020472 0.019000 0.030395 0.999447 -0.013501 12.337300 -0.020054 0.014115 0.999699 -1.303400 0.000000 0.000000 0.000000 1.000000
0.999133 -0.035142 0.022329 0.019000 0.035521 0.999228 -0.016812 12.337300 -0.021721 0.017591 0.999609 -1.303400 0.000000 0.000000 0.000000 1.000000
0.998952 -0.038953 0.024026 0.019000 0.039432 0.999026 -0.019792 12.337300 -0.023232 0.020719 0.999515 -1.303400 0.000000 0.000000 0.000000 1.000000
0.998874 -0.040468 0.024769 0.019000 0.040994 0.998937 -0.021099 12.337300 -0.023889 0.022090 0.999471 -1.303400 0.000000 0.000000 0.000000 1.000000</float_array><technique_common><accessor source="#Spine1-Matrix-animation-output-transform-array" count="30" stride="16"><param type="float4x4"/></accessor></technique_common></source><source id="Spine1-Interpolations"><Name_array id="Spine1-Interpolations-array" count="30">
 LINEAR LINEAR LINEAR LINEAR LINEAR LINEAR LINEAR LINEAR LINEAR LINEAR LINEAR
LINEAR LINEAR LINEAR LINEAR LINEAR LINEAR LINEAR LINEAR LINEAR LINEAR LINEAR LINEAR
LINEAR LINEAR LINEAR LINEAR LINEAR LINEAR LINEAR</Name_array><technique_common><accessor source="#Spine1-Interpolations-array" count="30"><param type="name"/></accessor></technique_common></source><sampler id="Spine1-Matrix-animation-transform"><input semantic="INPUT" source="#Spine1-Matrix-animation-input"/><input semantic="OUTPUT" source="#Spine1-Matrix-animation-output-transform"/><input semantic="INTERPOLATION" source="#Spine1-Interpolations"/></sampler><channel source="#Spine1-Matrix-animation-transform" target="Spine1/matrix"/></animation>
    <animation id="Spine2-anim" name="Spine2"><source id="Spine2-Matrix-animation-input"><float_array id="Spine2-Matrix-animation-input-array" count="30">

0.000000 0.033333 0.066667 0.100000 0.133333 0.166667 0.200000 0.233333 0.266667 0.300000 0.333333 0.366667 0.400000 0.433333 0.466667 0.500000
0.533333 0.566667 0.600000 0.633333 0.666667 0.700000 0.733333 0.766667 0.800000 0.833333 0.866667 0.900000 0.933333 0.966667</float_array><technique_common><accessor source="#Spine2-Matrix-animation-input-array" count="30"><param name="TIME" type="float"/></accessor></technique_common></source><source id="Spine2-Matrix-animation-output-transform"><float_array id="Spine2-Matrix-animation-output-transform-array" count="480">

0.999578 -0.018211 0.022651 0.021700 0.018298 0.999826 -0.003654 14.099800 -0.022581 0.004067 0.999737 -1.489600 0.000000 0.000000 0.000000 1.000000
0.999633 -0.013147 0.023683 0.021700 0.013182 0.999912 -0.001314 14.099800 -0.023664 0.001626 0.999719 -1.489600 0.000000 0.000000 0.000000 1.000000
0.999720 -0.007365 0.022486 0.021700 0.007505 0.999953 -0.006130 14.099800 -0.022440 0.006297 0.999728 -1.489600 0.000000 0.000000 0.000000 1.000000
0.999695 -0.006769 0.023759 0.021700 0.006876 0.999967 -0.004422 14.099800 -0.023729 0.004584 0.999708 -1.489600 0.000000 0.000000 0.000000 1.000000
0.999801 -0.007079 0.018644 0.021700 0.007048 0.999974 0.001711 14.099800 -0.018655 -0.001579 0.999825 -1.489600 0.000000 0.000000 0.000000 1.000000
0.999926 -0.007144 0.009879 0.021700 0.007049 0.999929 0.009573 14.099800 -0.009947 -0.009503 0.999905 -1.489600 0.000000 0.000000 0.000000 1.000000
0.999986 -0.003104 0.004331 0.021700 0.003036 0.999873 0.015675 14.099800 -0.004379 -0.015661 0.999868 -1.489600 0.000000 0.000000 0.000000 1.000000
0.999998 0.000233 -0.001982 0.021700 -0.000218 0.999972 0.007516 14.099800 0.001983 -0.007515 0.999970 -1.489600 0.000000 0.000000 0.000000 1.000000
0.999999 0.000636 -0.001345 0.021700 -0.000661 0.999819 -0.018990 14.099800 0.001333 0.018991 0.999819 -1.489600 0.000000 0.000000 0.000000 1.000000
0.999972 0.002770 0.007022 0.021700 -0.002462 0.999051 -0.043486 14.099800 -0.007136 0.043468 0.999029 -1.489600 0.000000 0.000000 0.000000 1.000000
0.999976 0.003234 0.006065 0.021700 -0.002921 0.998696 -0.050962 14.099800 -0.006222 0.050943 0.998682 -1.489600 0.000000 0.000000 0.000000 1.000000
0.999990 0.003966 0.002282 0.021700 -0.003859 0.998982 -0.044953 14.099800 -0.002458 0.044944 0.998986 -1.489600 0.000000 0.000000 0.000000 1.000000
0.999986 0.005242 -0.000093 0.021700 -0.005241 0.999138 -0.041188 14.099800 -0.000123 0.041188 0.999151 -1.489600 0.000000 0.000000 0.000000 1.000000
0.999992 0.003765 0.001311 0.021700 -0.003698 0.998840 -0.048016 14.099800 -0.001491 0.048011 0.998846 -1.489600 0.000000 0.000000 0.000000 1.000000
0.999990 0.003803 0.002539 0.021700 -0.003653 0.998386 -0.056683 14.099800 -0.002750 0.056673 0.998389 -1.489600 0.000000 0.000000 0.000000 1.000000
0.999962 0.001552 0.008532 0.021700 -0.001220 0.999246 -0.038795 14.099800 -0.008586 0.038783 0.999211 -1.489600 0.000000 0.000000 0.000000 1.000000
0.999918 0.002346 0.012584 0.021700 -0.001979 0.999574 -0.029106 14.099800 -0.012647 0.029079 0.999497 -1.489600 0.000000 0.000000 0.000000 1.000000
0.999898 0.002118 0.014121 0.021700 -0.001717 0.999597 -0.028350 14.099800 -0.014175 0.028323 0.999498 -1.489600 0.000000 0.000000 0.000000 1.000000
0.999853 0.003131 0.016850 0.021700 -0.002642 0.999577 -0.028947 14.099800 -0.016934 0.028898 0.999439 -1.489600 0.000000 0.000000 0.000000 1.000000
0.999834 0.005021 0.017507 0.021700 -0.004526 0.999591 -0.028233 14.099800 -0.017641 0.028150 0.999448 -1.489600 0.000000 0.000000 0.000000 1.000000
0.999817 0.006427 0.018007 0.021700 -0.005943 0.999623 -0.026809 14.099800 -0.018172 0.026697 0.999478 -1.489600 0.000000 0.000000 0.000000 1.000000
0.999780 0.002902 0.020751 0.021700 -0.002428 0.999737 -0.022817 14.099800 -0.020812 0.022762 0.999524 -1.489600 0.000000 0.000000 0.000000 1.000000
0.999739 -0.001127 0.022814 0.021700 0.001552 0.999826 -0.018603 14.099800 -0.022789 0.018634 0.999567 -1.489600 0.000000 0.000000 0.000000 1.000000
0.999765 -0.004501 0.021222 0.021700 0.004763 0.999913 -0.012334 14.099800 -0.021165 0.012433 0.999699 -1.489600 0.000000 0.000000 0.000000 1.000000
0.999773 -0.010061 0.018757 0.021700 0.010138 0.999941 -0.003994 14.099800 -0.018716 0.004183 0.999816 -1.489600 0.000000 0.000000 0.000000 1.000000
0.999765 -0.012183 0.017914 0.021700 0.012205 0.999925 -0.001115 14.099800 -0.017899 0.001333 0.999839 -1.489600 0.000000 0.000000 0.000000 1.000000
0.999720 -0.014259 0.018891 0.021700 0.014281 0.999898 -0.000992 14.099800 -0.018875 0.001261 0.999821 -1.489600 0.000000 0.000000 0.000000 1.000000
0.999659 -0.016204 0.020493 0.021700 0.016246 0.999866 -0.001916 14.099800 -0.020459 0.002248 0.999788 -1.489600 0.000000 0.000000 0.000000 1.000000
0.999602 -0.017644 0.021989 0.021700 0.017716 0.999838 -0.003073 14.099800 -0.021932 0.003461 0.999753 -1.489600 0.000000 0.000000 0.000000 1.000000
0.999578 -0.018211 0.022651 0.021700 0.018298 0.999826 -0.003654 14.099800 -0.022581 0.004067 0.999737 -1.489600 0.000000 0.000000 0.000000 1.000000</float_array><technique_common><accessor source="#Spine2-Matrix-animation-output-transform-array" count="30" stride="16"><param type="float4x4"/></accessor></technique_common></source><source id="Spine2-Interpolations"><Name_array id="Spine2-Interpolations-array" count="30">
 LINEAR LINEAR LINEAR LINEAR LINEAR LINEAR LINEAR LINEAR LINEAR LINEAR LINEAR
LINEAR LINEAR LINEAR LINEAR LINEAR LINEAR LINEAR LINEAR LINEAR LINEAR LINEAR LINEAR
LINEAR LINEAR LINEAR LINEAR LINEAR LINEAR LINEAR</Name_array><technique_common><accessor source="#Spine2-Interpolations-array" count="30"><param type="name"/></accessor></technique_common></source><sampler id="Spine2-Matrix-animation-transform"><input semantic="INPUT" source="#Spine2-Matrix-animation-input"/><input semantic="OUTPUT" source="#Spine2-Matrix-animation-output-transform"/><input semantic="INTERPOLATION" source="#Spine2-Interpolations"/></sampler><channel source="#Spine2-Matrix-animation-transform" target="Spine2/matrix"/></animation>
    <animation id="Neck-anim" name="Neck"><source id="Neck-Matrix-animation-input"><float_array id="Neck-Matrix-animation-input-array" count="30">

0.000000 0.033333 0.066667 0.100000 0.133333 0.166667 0.200000 0.233333 0.266667 0.300000 0.333333 0.366667 0.400000 0.433333 0.466667 0.500000
0.533333 0.566667 0.600000 0.633333 0.666667 0.700000 0.733333 0.766667 0.800000 0.833333 0.866667 0.900000 0.933333 0.966667</float_array><technique_common><accessor source="#Neck-Matrix-animation-input-array" count="30"><param name="TIME" type="float"/></accessor></technique_common></source><source id="Neck-Matrix-animation-output-transform"><float_array id="Neck-Matrix-animation-output-transform-array" count="480">

0.985070 0.027001 0.170026 0.024400 -0.032879 0.998952 0.031849 15.862300 -0.168988 -0.036964 0.984925 -1.675800 0.000000 0.000000 0.000000 1.000000
0.987329 0.016712 0.157806 0.024400 -0.029558 0.996404 0.079408 15.862300 -0.155912 -0.083066 0.984272 -1.675800 0.000000 0.000000 0.000000 1.000000
0.988944 0.007844 0.148081 0.024400 -0.025567 0.992665 0.118162 15.862300 -0.146068 -0.120642 0.981891 -1.675800 0.000000 0.000000 0.000000 1.000000
0.989793 0.004575 0.142442 0.024400 -0.020452 0.993698 0.110204 15.862300 -0.141041 -0.111993 0.983649 -1.675800 0.000000 0.000000 0.000000 1.000000
0.990147 0.011532 0.139556 0.024400 -0.019145 0.998393 0.053331 15.862300 -0.138717 -0.055477 0.988777 -1.675800 0.000000 0.000000 0.000000 1.000000
0.989738 0.046146 0.135238 0.024400 -0.041826 0.998525 -0.034619 15.862300 -0.136636 0.028607 0.990208 -1.675800 0.000000 0.000000 0.000000 1.000000
0.988636 0.080133 0.127188 0.024400 -0.067745 0.992788 -0.098907 15.862300 -0.134196 0.089167 0.986935 -1.675800 0.000000 0.000000 0.000000 1.000000
0.989600 0.088986 0.113016 0.024400 -0.080962 0.993987 -0.073718 15.862300 -0.118897 0.063801 0.990855 -1.675800 0.000000 0.000000 0.000000 1.000000
0.990883 0.087307 0.102610 0.024400 -0.086262 0.996166 -0.014584 15.862300 -0.103490 0.005599 0.994615 -1.675800 0.000000 0.000000 0.000000 1.000000
0.991473 0.079547 0.103218 0.024400 -0.084635 0.995355 0.045887 15.862300 -0.099089 -0.054231 0.993600 -1.675800 0.000000 0.000000 0.000000 1.000000
0.991703 0.067502 0.109400 0.024400 -0.079891 0.990363 0.113133 15.862300 -0.100709 -0.120934 0.987539 -1.675800 0.000000 0.000000 0.000000 1.000000
0.991518 0.057924 0.116347 0.024400 -0.078522 0.980322 0.181114 15.862300 -0.103567 -0.188714 0.976556 -1.675800 0.000000 0.000000 0.000000 1.000000
0.991917 0.042548 0.119543 0.024400 -0.067940 0.973772 0.217145 15.862300 -0.107169 -0.223512 0.968792 -1.675800 0.000000 0.000000 0.000000 1.000000
0.990950 0.047164 0.125672 0.024400 -0.073876 0.973318 0.217241 15.862300 -0.112073 -0.224559 0.967994 -1.675800 0.000000 0.000000 0.000000 1.000000
0.990822 0.049063 0.125954 0.024400 -0.074547 0.975627 0.206387 15.862300 -0.112758 -0.213882 0.970330 -1.675800 0.000000 0.000000 0.000000 1.000000
0.990739 0.048804 0.126707 0.024400 -0.070939 0.981733 0.176545 15.862300 -0.115776 -0.183898 0.976103 -1.675800 0.000000 0.000000 0.000000 1.000000
0.989929 0.056224 0.129925 0.024400 -0.075235 0.986361 0.146396 15.862300 -0.119922 -0.154697 0.980657 -1.675800 0.000000 0.000000 0.000000 1.000000
0.988511 0.069646 0.134144 0.024400 -0.086989 0.987940 0.128093 15.862300 -0.123605 -0.138291 0.982648 -1.675800 0.000000 0.000000 0.000000 1.000000
0.986947 0.081519 0.138886 0.024400 -0.095479 0.990694 0.097003 15.862300 -0.129686 -0.108998 0.985546 -1.675800 0.000000 0.000000 0.000000 1.000000
0.986722 0.078102 0.142406 0.024400 -0.086234 0.994925 0.051843 15.862300 -0.137634 -0.063435 0.988450 -1.675800 0.000000 0.000000 0.000000 1.000000
0.986888 0.066734 0.146967 0.024400 -0.070225 0.997356 0.018684 15.862300 -0.145331 -0.028760 0.988965 -1.675800 0.000000 0.000000 0.000000 1.000000
0.986939 0.060192 0.149427 0.024400 -0.062861 0.997935 0.013194 15.862300 -0.148324 -0.022415 0.988685 -1.675800 0.000000 0.000000 0.000000 1.000000
0.987117 0.052991 0.150969 0.024400 -0.056342 0.998249 0.018002 15.862300 -0.149751 -0.026276 0.988375 -1.675800 0.000000 0.000000 0.000000 1.000000
0.987296 0.045812 0.152145 0.024400 -0.050641 0.998324 0.028016 15.862300 -0.150606 -0.035365 0.987961 -1.675800 0.000000 0.000000 0.000000 1.000000
0.987364 0.039340 0.153507 0.024400 -0.045706 0.998226 0.038157 15.862300 -0.151734 -0.044691 0.987411 -1.675800 0.000000 0.000000 0.000000 1.000000
0.987224 0.034259 0.155613 0.024400 -0.041475 0.998198 0.043359 15.862300 -0.153847 -0.049259 0.986866 -1.675800 0.000000 0.000000 0.000000 1.000000
0.986838 0.031127 0.158688 0.024400 -0.038354 0.998352 0.042686 15.862300 -0.157098 -0.048211 0.986406 -1.675800 0.000000 0.000000 0.000000 1.000000
0.986293 0.029458 0.162352 0.024400 -0.036336 0.998556 0.039558 15.862300 -0.160952 -0.044915 0.985940 -1.675800 0.000000 0.000000 0.000000 1.000000
0.985675 0.028376 0.166249 0.024400 -0.034732 0.998768 0.035450 15.862300 -0.165038 -0.040716 0.985446 -1.675800 0.000000 0.000000 0.000000 1.000000
0.985070 0.027001 0.170026 0.024400 -0.032879 0.998952 0.031849 15.862300 -0.168988 -0.036964 0.984925 -1.675800 0.000000 0.000000 0.000000 1.000000</float_array><technique_common><accessor source="#Neck-Matrix-animation-output-transform-array" count="30" stride="16"><param type="float4x4"/></accessor></technique_common></source><source id="Neck-Interpolations"><Name_array id="Neck-Interpolations-array" count="30">
 LINEAR LINEAR LINEAR LINEAR LINEAR LINEAR LINEAR LINEAR LINEAR LINEAR LINEAR
LINEAR LINEAR LINEAR LINEAR LINEAR LINEAR LINEAR LINEAR LINEAR LINEAR LINEAR LINEAR
LINEAR LINEAR LINEAR LINEAR LINEAR LINEAR LINEAR</Name_array><technique_common><accessor source="#Neck-Interpolations-array" count="30"><param type="name"/></accessor></technique_common></source><sampler id="Neck-Matrix-animation-transform"><input semantic="INPUT" source="#Neck-Matrix-animation-input"/><input semantic="OUTPUT" source="#Neck-Matrix-animation-output-transform"/><input semantic="INTERPOLATION" source="#Neck-Interpolations"/></sampler><channel source="#Neck-Matrix-animation-transform" target="Neck/matrix"/></animation>
    <animation id="Head-anim" name="Head"><source id="Head-Matrix-animation-input"><float_array id="Head-Matrix-animation-input-array" count="30">

0.000000 0.033333 0.066667 0.100000 0.133333 0.166667 0.200000 0.233333 0.266667 0.300000 0.333333 0.366667 0.400000 0.433333 0.466667 0.500000
0.533333 0.566667 0.600000 0.633333 0.666667 0.700000 0.733333 0.766667 0.800000 0.833333 0.866667 0.900000 0.933333 0.966667</float_array><technique_common><accessor source="#Head-Matrix-animation-input-array" count="30"><param name="TIME" type="float"/></accessor></technique_common></source><source id="Head-Matrix-animation-output-transform"><float_array id="Head-Matrix-animation-output-transform-array" count="480">

0.912383 0.079625 0.401518 -0.000000 -0.112643 0.991866 0.059267 5.564000 -0.393533 -0.099302 0.913932 0.988100 0.000000 0.000000 0.000000 1.000000
0.922836 0.072354 0.378337 -0.000000 -0.137284 0.979482 0.147544 5.564000 -0.359899 -0.188098 0.913834 0.988100 0.000000 0.000000 0.000000 1.000000
0.931760 0.063857 0.357414 0.000000 -0.152085 0.962532 0.224507 5.564000 -0.329686 -0.263544 0.906561 0.988100 0.000000 0.000000 0.000000 1.000000
0.938465 0.046297 0.342258 -0.000000 -0.132821 0.963144 0.233907 5.564000 -0.318814 -0.264972 0.910026 0.988100 0.000000 0.000000 0.000000 1.000000
0.943928 0.020686 0.329503 0.000000 -0.082610 0.981085 0.175064 5.564000 -0.319649 -0.192468 0.927783 0.988100 0.000000 0.000000 0.000000 1.000000
0.953435 -0.006346 0.301533 0.000000 -0.023523 0.995169 0.095321 5.564000 -0.300681 -0.097975 0.948679 0.988100 0.000000 0.000000 0.000000 1.000000
0.962380 -0.021409 0.270861 -0.000000 0.012779 0.999354 0.033586 5.564000 -0.271405 -0.028861 0.962033 0.988100 0.000000 0.000000 0.000000 1.000000
0.969558 -0.003876 0.244829 0.000000 -0.010379 0.998325 0.056909 5.564000 -0.244640 -0.057717 0.967895 0.988100 0.000000 0.000000 0.000000 1.000000
0.971803 0.030046 0.233872 -0.000000 -0.055727 0.993017 0.103984 5.564000 -0.229114 -0.114085 0.966691 0.988100 0.000000 0.000000 0.000000 1.000000
0.965105 0.072179 0.251720 0.000000 -0.106341 0.986460 0.124853 5.564000 -0.239300 -0.147264 0.959713 0.988100 0.000000 0.000000 0.000000 1.000000
0.951769 0.118054 0.283196 0.000000 -0.162164 0.977112 0.137681 5.564000 -0.260460 -0.176964 0.949128 0.988100 0.000000 0.000000 0.000000 1.000000
0.938885 0.149992 0.309834 -0.000000 -0.205548 0.966280 0.155091 5.564000 -0.276124 -0.209299 0.938056 0.988100 0.000000 0.000000 0.000000 1.000000
0.927183 0.164512 0.336552 0.000000 -0.240030 0.950655 0.196573 5.564000 -0.287607 -0.263041 0.920919 0.988100 0.000000 0.000000 0.000000 1.000000
0.917732 0.175603 0.356274 0.000000 -0.267578 0.936219 0.227808 5.564000 -0.293546 -0.304398 0.906186 0.988100 0.000000 0.000000 0.000000 1.000000
0.912123 0.197275 0.359326 -0.000000 -0.282105 0.938072 0.201089 5.564000 -0.297404 -0.284786 0.911289 0.988100 0.000000 0.000000 0.000000 1.000000
0.910739 0.194470 0.364329 0.000000 -0.268981 0.948736 0.165979 5.564000 -0.313374 -0.249161 0.916360 0.988100 0.000000 0.000000 0.000000 1.000000
0.912094 0.181439 0.367648 -0.000000 -0.246285 0.959390 0.137534 5.564000 -0.327763 -0.215990 0.919739 0.988100 0.000000 0.000000 0.000000 1.000000
0.915120 0.168783 0.366153 0.000000 -0.224530 0.967644 0.115116 5.564000 -0.334876 -0.187558 0.923407 0.988100 0.000000 0.000000 0.000000 1.000000
0.917266 0.146966 0.370167 0.000000 -0.197751 0.974827 0.102990 5.564000 -0.345713 -0.167670 0.923238 0.988100 0.000000 0.000000 0.000000 1.000000
0.914314 0.131582 0.383036 0.000000 -0.175548 0.981048 0.082024 5.564000 -0.364984 -0.142237 0.920085 0.988100 0.000000 0.000000 0.000000 1.000000
0.910054 0.117384 0.397521 -0.000000 -0.155132 0.985816 0.064044 5.564000 -0.384364 -0.119952 0.915356 0.988100 0.000000 0.000000 0.000000 1.000000
0.910625 0.109355 0.398501 0.000000 -0.150340 0.985936 0.072989 5.564000 -0.384915 -0.126376 0.914259 0.988100 0.000000 0.000000 0.000000 1.000000
0.911418 0.106155 0.397552 0.000000 -0.156077 0.983137 0.095300 5.564000 -0.380731 -0.148907 0.912617 0.988100 0.000000 0.000000 0.000000 1.000000
0.912284 0.105484 0.395741 0.000000 -0.165972 0.978583 0.121768 5.564000 -0.374421 -0.176770 0.910253 0.988100 0.000000 0.000000 0.000000 1.000000
0.913035 0.105035 0.394125 -0.000000 -0.173906 0.974292 0.143222 5.564000 -0.368950 -0.199307 0.907829 0.988100 0.000000 0.000000 0.000000 1.000000
0.913483 0.102501 0.393755 0.000000 -0.174084 0.973157 0.150531 5.564000 -0.367756 -0.206054 0.906806 0.988100 0.000000 0.000000 0.000000 1.000000
0.913509 0.097556 0.394948 0.000000 -0.164378 0.976557 0.138984 5.564000 -0.372130 -0.191884 0.908130 0.988100 0.000000 0.000000 0.000000 1.000000
0.913229 0.091753 0.396982 0.000000 -0.148638 0.982191 0.114921 5.564000 -0.379368 -0.163955 0.910603 0.988100 0.000000 0.000000 0.000000 1.000000
0.912797 0.085605 0.399342 0.000000 -0.130188 0.987767 0.085835 5.564000 -0.387109 -0.130340 0.912775 0.988100 0.000000 0.000000 0.000000 1.000000
0.912383 0.079625 0.401518 0.000000 -0.112643 0.991866 0.059267 5.564000 -0.393533 -0.099302 0.913932 0.988100 0.000000 0.000000 0.000000 1.000000</float_array><technique_common><accessor source="#Head-Matrix-animation-output-transform-array" count="30" stride="16"><param type="float4x4"/></accessor></technique_common></source><source id="Head-Interpolations"><Name_array id="Head-Interpolations-array" count="30">
 LINEAR LINEAR LINEAR LINEAR LINEAR LINEAR LINEAR LINEAR LINEAR LINEAR LINEAR
LINEAR LINEAR LINEAR LINEAR LINEAR LINEAR LINEAR LINEAR LINEAR LINEAR LINEAR LINEAR
LINEAR LINEAR LINEAR LINEAR LINEAR LINEAR LINEAR</Name_array><technique_common><accessor source="#Head-Interpolations-array" count="30"><param type="name"/></accessor></technique_common></source><sampler id="Head-Matrix-animation-transform"><input semantic="INPUT" source="#Head-Matrix-animation-input"/><input semantic="OUTPUT" source="#Head-Matrix-animation-output-transform"/><input semantic="INTERPOLATION" source="#Head-Interpolations"/></sampler><channel source="#Head-Matrix-animation-transform" target="Head/matrix"/></animation>
    <animation id="LeftShoulder-anim" name="LeftShoulder"><source id="LeftShoulder-Matrix-animation-input"><float_array id="LeftShoulder-Matrix-animation-input-array" count="30">

0.000000 0.033333 0.066667 0.100000 0.133333 0.166667 0.200000 0.233333 0.266667 0.300000 0.333333 0.366667 0.400000 0.433333 0.466667 0.500000
0.533333 0.566667 0.600000 0.633333 0.666667 0.700000 0.733333 0.766667 0.800000 0.833333 0.866667 0.900000 0.933333 0.966667</float_array><technique_common><accessor source="#LeftShoulder-Matrix-animation-input-array" count="30"><param name="TIME" type="float"/></accessor></technique_common></source><source id="LeftShoulder-Matrix-animation-output-transform"><float_array id="LeftShoulder-Matrix-animation-output-transform-array" count="480">

0.982543 0.070527 -0.172149 5.935000 -0.064276 0.997064 0.041628 13.670200 0.174579 -0.029836 0.984191 -1.662600 0.000000 0.000000 0.000000 1.000000
0.983557 0.021767 -0.179280 5.935000 -0.016131 0.999331 0.032836 13.670200 0.179875 -0.029405 0.983250 -1.662600 0.000000 0.000000 0.000000 1.000000
0.979269 -0.047734 -0.196858 5.935000 0.052389 0.998455 0.018507 13.670200 0.195671 -0.028436 0.980257 -1.662600 0.000000 0.000000 0.000000 1.000000
0.968353 -0.110495 -0.223795 5.935000 0.114335 0.993433 0.004233 13.670200 0.221857 -0.029687 0.974627 -1.662600 0.000000 0.000000 0.000000 1.000000
0.929265 -0.274622 -0.247081 5.935000 0.276181 0.960667 -0.029037 13.670200 0.245336 -0.041256 0.968560 -1.662600 0.000000 0.000000 0.000000 1.000000
0.908635 -0.347307 -0.231862 5.935000 0.347443 0.936777 -0.041619 13.670200 0.231658 -0.042742 0.971858 -1.662600 0.000000 0.000000 0.000000 1.000000
0.931030 -0.308595 -0.194813 5.935000 0.308303 0.950730 -0.032600 13.670200 0.195274 -0.029710 0.980299 -1.662600 0.000000 0.000000 0.000000 1.000000
0.986865 -0.111787 -0.116621 5.935000 0.111654 0.993717 -0.007692 13.670200 0.116748 -0.005430 0.993147 -1.662600 0.000000 0.000000 0.000000 1.000000
0.990727 -0.006584 -0.135706 5.935000 0.004951 0.999911 -0.012369 13.670200 0.135775 0.011583 0.990672 -1.662600 0.000000 0.000000 0.000000 1.000000
0.966709 0.128808 -0.221094 5.935000 -0.134634 0.990830 -0.011420 13.670200 0.217596 0.040807 0.975186 -1.662600 0.000000 0.000000 0.000000 1.000000
0.969686 0.075549 -0.232383 5.935000 -0.081900 0.996482 -0.017792 13.670200 0.230221 0.036285 0.972462 -1.662600 0.000000 0.000000 0.000000 1.000000
0.969307 0.037253 -0.243014 5.935000 -0.043997 0.998781 -0.022384 13.670200 0.241884 0.032389 0.969764 -1.662600 0.000000 0.000000 0.000000 1.000000
