<?xml version="1.0" encoding="utf-8"?>
<COLLADA xmlns="http://www.collada.org/2005/11/COLLADASchema" version="1.4.1">
  <asset><contributor><author>Mixamo</author><authoring_tool>COLLADA Mixamo exporter</authoring_tool><comments></comments></contributor><created>2018-11-01T11:11:12Z</created><modified>2018-11-01T11:11:12Z</modified><revision></revision><title></title><unit meter="0.010000"/><up_axis>Y_UP</up_axis></asset>
  <library_animations>
    <animation id="Hips-anim" name="Hips"><source id="Hips-Matrix-animation-input"><float_array id="Hips-Matrix-animation-input-array" count="22">

0.000000 0.033333 0.066667 0.100000 0.133333 0.166667 0.200000 0.233333 0.266667 0.300000 0.333333 0.366667 0.400000 0.433333 0.466667 0.500000
0.533333 0.566667 0.600000 0.633333 0.666667 0.700000</float_array><technique_common><accessor source="#Hips-Matrix-animation-input-array" count="22"><param name="TIME" type="float"/></accessor></technique_common></source><source id="Hips-Matrix-animation-output-transform"><float_array id="Hips-Matrix-animation-output-transform-array" count="352">

0.582127 -0.121429 -0.803979 0.000074 -0.014041 0.987137 -0.159259 80.553772 0.812976 0.103998 0.572935 0.000044 0.000000 0.000000 0.000000 1.000000
0.587763 -0.124107 -0.799458 0.362524 0.021098 0.990179 -0.138202 79.818886 0.808758 0.064363 0.584609 0.987251 0.000000 0.000000 0.000000 1.000000
0.598169 -0.085041 -0.796845 -0.257731 0.061033 0.996300 -0.060512 79.301399 0.799043 -0.012437 0.601146 2.462507 0.000000 0.000000 0.000000 1.000000
0.610504 -0.005217 -0.791996 -1.789621 0.092087 0.993664 0.064440 78.914757 0.786641 -0.112274 0.607116 3.550349 0.000000 0.000000 0.000000 1.000000
0.610494 0.062589 -0.789544 -3.128059 0.114919 0.979323 0.166492 78.917465 0.783639 -0.192376 0.590678 2.636857 0.000000 0.000000 0.000000 1.000000
0.595550 0.106075 -0.796284 -4.843233 0.139382 0.962564 0.232471 79.511841 0.791134 -0.249436 0.558470 1.192246 0.000000 0.000000 0.000000 1.000000
0.567953 0.109172 -0.815788 -7.145089 0.165807 0.955667 0.243327 80.545097 0.806187 -0.273461 0.524673 -0.517324 0.000000 0.000000 0.000000 1.000000
0.542681 0.095831 -0.834454 -8.988105 0.188658 0.954179 0.232273 82.051865 0.818478 -0.283477 0.499735 -2.677087 0.000000 0.000000 0.000000 1.000000
0.526045 0.083998 -0.846298 -10.122502 0.202609 0.954081 0.220635 83.473602 0.825970 -0.287532 0.484871 -4.549901 0.000000 0.000000 0.000000 1.000000
0.542893 0.079481 -0.836032 -10.450766 0.190408 0.957937 0.214715 83.991783 0.817931 -0.275754 0.504924 -6.203140 0.000000 0.000000 0.000000 1.000000
0.590972 0.064413 -0.804117 -10.141360 0.164433 0.966261 0.198248 84.006775 0.789756 -0.249382 0.560441 -6.871319 0.000000 0.000000 0.000000 1.000000
0.609617 0.031513 -0.792070 -9.571292 0.160881 0.973496 0.162553 83.812454 0.776199 -0.226524 0.588389 -7.308521 0.000000 0.000000 0.000000 1.000000
0.583201 -0.011795 -0.812242 -8.787418 0.161851 0.981534 0.101958 83.419518 0.796041 -0.190924 0.574341 -7.822404 0.000000 0.000000 0.000000 1.000000
0.538234 -0.056539 -0.840897 -7.527372 0.150287 0.988195 0.029752 82.905693 0.829287 -0.142390 0.540377 -7.969140 0.000000 0.000000 0.000000 1.000000
0.509321 -0.086961 -0.856172 -5.937013 0.118795 0.992461 -0.030135 82.197754 0.852338 -0.086360 0.515812 -7.500542 0.000000 0.000000 0.000000 1.000000
0.530955 -0.090161 -0.842590 -4.586854 0.082806 0.995085 -0.054298 81.494347 0.843344 -0.040942 0.535811 -6.798665 0.000000 0.000000 0.000000 1.000000
0.573720 -0.093541 -0.813693 -3.490906 0.057949 0.995603 -0.073594 80.947716 0.816999 -0.004931 0.576618 -6.077390 0.000000 0.000000 0.000000 1.000000
0.597238 -0.123163 -0.792551 -2.627024 0.050654 0.991959 -0.115981 80.384460 0.800463 0.029123 0.598675 -5.097427 0.000000 0.000000 0.000000 1.000000
0.595522 -0.132255 -0.792377 -1.725600 0.036154 0.989768 -0.138029 80.209206 0.802525 0.053551 0.594210 -3.957756 0.000000 0.000000 0.000000 1.000000
0.588204 -0.112252 -0.800884 -0.860481 0.014475 0.991623 -0.128355 80.310272 0.808583 0.063906 0.584901 -2.783251 0.000000 0.000000 0.000000 1.000000
0.581423 -0.110723 -0.806032 -0.300747 0.000448 0.990740 -0.135773 80.449028 0.813601 0.078580 0.576089 -1.522710 0.000000 0.000000 0.000000 1.000000
0.582127 -0.121429 -0.803979 -0.000267 -0.014041 0.987137 -0.159259 80.553772 0.812976 0.103998 0.572935 -0.000837 0.000000 0.000000 0.000000 1.000000</float_array><technique_common><accessor source="#Hips-Matrix-animation-output-transform-array" count="22" stride="16"><param type="float4x4"/></accessor></technique_common></source><source id="Hips-Interpolations"><Name_array id="Hips-Interpolations-array" count="22">
 LINEAR LINEAR LINEAR LINEAR LINEAR LINEAR LINEAR LINEAR LINEAR LINEAR LINEAR
LINEAR LINEAR LINEAR LINEAR LINEAR LINEAR LINEAR LINEAR LINEAR LINEAR LINEAR</Name_array><technique_common><accessor source="#Hips-Interpolations-array" count="22"><param type="name"/></accessor></technique_common></source><sampler id="Hips-Matrix-animation-transform"><input semantic="INPUT" source="#Hips-Matrix-animation-input"/><input semantic="OUTPUT" source="#Hips-Matrix-animation-output-transform"/><input semantic="INTERPOLATION" source="#Hips-Interpolations"/></sampler><channel source="#Hips-Matrix-animation-transform" target="Hips/matrix"/></animation>
    <animation id="Spine-anim" name="Spine"><source id="Spine-Matrix-animation-input"><float_array id="Spine-Matrix-animation-input-array" count="22">

0.000000 0.033333 0.066667 0.100000 0.133333 0.166667 0.200000 0.233333 0.266667 0.300000 0.333333 0.366667 0.400000 0.433333 0.466667 0.500000
0.533333 0.566667 0.600000 0.633333 0.666667 0.700000</float_array><technique_common><accessor source="#Spine-Matrix-animation-input-array" count="22"><param name="TIME" type="float"/></accessor></technique_common></source><source id="Spine-Matrix-animation-output-transform"><float_array id="Spine-Matrix-animation-output-transform-array" count="352">

0.996569 0.054883 0.061948 0.017300 -0.046550 0.990584 -0.128751 10.574800 -0.068431 0.125426 0.989740 -1.117200 0.000000 0.000000 0.000000 1.000000
0.996929 0.040396 0.067084 0.017300 -0.031243 0.990718 -0.132291 10.574800 -0.071805 0.129789 0.988938 -1.117200 0.000000 0.000000 0.000000 1.000000
0.997192 0.024507 0.070764 0.017300 -0.013800 0.988891 -0.148003 10.574800 -0.073605 0.146611 0.986452 -1.117200 0.000000 0.000000 0.000000 1.000000
0.997331 0.004432 0.072878 0.017300 0.008526 0.984258 -0.176532 10.574800 -0.072513 0.176682 0.981593 -1.117200 0.000000 0.000000 0.000000 1.000000
0.997355 -0.026902 0.067526 0.017300 0.040174 0.978220 -0.203645 10.574800 -0.060577 0.205820 0.976713 -1.117200 0.000000 0.000000 0.000000 1.000000
0.996634 -0.054420 0.061312 0.017300 0.065697 0.977539 -0.200251 10.574800 -0.049038 0.203605 0.977824 -1.117200 0.000000 0.000000 0.000000 1.000000
0.996382 -0.058990 0.061186 0.017300 0.067927 0.985399 -0.156127 10.574800 -0.051082 0.159718 0.985840 -1.117200 0.000000 0.000000 0.000000 1.000000
0.997153 -0.046221 0.059576 0.017300 0.052875 0.991907 -0.115433 10.574800 -0.053758 0.118254 0.991527 -1.117200 0.000000 0.000000 0.000000 1.000000
0.998208 -0.030325 0.051594 0.017300 0.036249 0.992343 -0.118070 10.574800 -0.047618 0.119729 0.991664 -1.117200 0.000000 0.000000 0.000000 1.000000
0.999100 -0.025343 0.034013 0.017300 0.030298 0.987584 -0.154144 10.574800 -0.029685 0.155036 0.987463 -1.117200 0.000000 0.000000 0.000000 1.000000
0.999448 -0.027292 0.018936 0.017300 0.030497 0.979841 -0.197439 10.574800 -0.013166 0.197908 0.980132 -1.117200 0.000000 0.000000 0.000000 1.000000
0.999592 -0.011999 0.025915 0.017300 0.017641 0.973052 -0.229911 10.574800 -0.022458 0.230275 0.972867 -1.117200 0.000000 0.000000 0.000000 1.000000
0.998634 0.021960 0.047409 0.017300 -0.010131 0.971548 -0.236627 10.574800 -0.051256 0.235824 0.970443 -1.117200 0.000000 0.000000 0.000000 1.000000
0.996707 0.053696 0.060757 0.017300 -0.039327 0.975401 -0.216900 10.574800 -0.070909 0.213796 0.974301 -1.117200 0.000000 0.000000 0.000000 1.000000
0.996445 0.065995 0.052362 0.017300 -0.054713 0.979582 -0.193459 10.574800 -0.064060 0.189906 0.979710 -1.117200 0.000000 0.000000 0.000000 1.000000
0.997809 0.057860 0.032090 0.017300 -0.050805 0.980740 -0.188595 10.574800 -0.042384 0.186551 0.981531 -1.117200 0.000000 0.000000 0.000000 1.000000
0.998010 0.057890 0.025002 0.017300 -0.052646 0.983165 -0.174973 10.574800 -0.034711 0.173308 0.984256 -1.117200 0.000000 0.000000 0.000000 1.000000
0.996297 0.076444 0.039363 0.017300 -0.070460 0.988230 -0.135779 10.574800 -0.049279 0.132503 0.989957 -1.117200 0.000000 0.000000 0.000000 1.000000
0.995358 0.080964 0.052032 0.017300 -0.074225 0.989937 -0.120482 10.574800 -0.061263 0.116061 0.991351 -1.117200 0.000000 0.000000 0.000000 1.000000
0.996278 0.069135 0.051479 0.017300 -0.061159 0.987831 -0.143001 10.574800 -0.060739 0.139321 0.988383 -1.117200 0.000000 0.000000 0.000000 1.000000
0.996569 0.062741 0.053980 0.017300 -0.053984 0.987106 -0.150690 10.574800 -0.062738 0.147259 0.987106 -1.117200 0.000000 0.000000 0.000000 1.000000
0.996569 0.054883 0.061948 0.017300 -0.046550 0.990584 -0.128751 10.574800 -0.068431 0.125426 0.989740 -1.117200 0.000000 0.000000 0.000000 1.000000</float_array><technique_common><accessor source="#Spine-Matrix-animation-output-transform-array" count="22" stride="16"><param type="float4x4"/></accessor></technique_common></source><source id="Spine-Interpolations"><Name_array id="Spine-Interpolations-array" count="22">
 LINEAR LINEAR LINEAR LINEAR LINEAR LINEAR LINEAR LINEAR LINEAR LINEAR LINEAR
LINEAR LINEAR LINEAR LINEAR LINEAR LINEAR LINEAR LINEAR LINEAR LINEAR LINEAR</Name_array><technique_common><accessor source="#Spine-Interpolations-array" count="22"><param type="name"/></accessor></technique_common></source><sampler id="Spine-Matrix-animation-transform"><input semantic="INPUT" source="#Spine-Matrix-animation-input"/><input semantic="OUTPUT" source="#Spine-Matrix-animation-output-transform"/><input semantic="INTERPOLATION" source="#Spine-Interpolations"/></sampler><channel source="#Spine-Matrix-animation-transform" target="Spine/matrix"/></animation>
    <animation id="Spine1-anim" name="Spine1"><source id="Spine1-Matrix-animation-input"><float_array id="Spine1-Matrix-animation-input-array" count="22">

0.000000 0.033333 0.066667 0.100000 0.133333 0.166667 0.200000 0.233333 0.266667 0.300000 0.333333 0.366667 0.400000 0.433333 0.466667 0.500000
0.533333 0.566667 0.600000 0.633333 0.666667 0.700000</float_array><technique_common><accessor source="#Spine1-Matrix-animation-input-array" count="22"><param name="TIME" type="float"/></accessor></technique_common></source><source id="Spine1-Matrix-animation-output-transform"><float_array id="Spine1-Matrix-animation-output-transform-array" count="352">

0.998870 -0.040556 0.024793 0.019000 0.041082 0.998933 -0.021096 12.337300 -0.023911 0.022091 0.999470 -1.303400 0.000000 0.000000 0.000000 1.000000
0.998670 -0.043775 0.027236 0.019000 0.044654 0.998472 -0.032551 12.337300 -0.025769 0.033724 0.999099 -1.303400 0.000000 0.000000 0.000000 1.000000
0.997931 -0.057135 0.029500 0.019000 0.058468 0.997206 -0.046491 12.337300 -0.026762 0.048119 0.998483 -1.303400 0.000000 0.000000 0.000000 1.000000
0.995615 -0.092471 0.014161 0.019000 0.093281 0.992768 -0.075563 12.337300 -0.007071 0.076552 0.997040 -1.303400 0.000000 0.000000 0.000000 1.000000
0.990026 -0.133989 -0.043546 0.019000 0.126359 0.981155 -0.146178 12.337300 0.062312 0.139217 0.988299 -1.303400 0.000000 0.000000 0.000000 1.000000
0.986233 -0.158686 -0.046517 0.019000 0.150797 0.978484 -0.140816 12.337300 0.067862 0.131862 0.988942 -1.303400 0.000000 0.000000 0.000000 1.000000
0.985005 -0.170044 -0.029159 0.019000 0.166812 0.981819 -0.090584 12.337300 0.044033 0.084361 0.995462 -1.303400 0.000000 0.000000 0.000000 1.000000
0.985630 -0.168899 -0.002502 0.019000 0.168685 0.984945 -0.037797 12.337300 0.008849 0.036832 0.999282 -1.303400 0.000000 0.000000 0.000000 1.000000
0.987292 -0.157771 0.019067 0.019000 0.158246 0.987038 -0.026723 12.337300 -0.014604 0.029401 0.999461 -1.303400 0.000000 0.000000 0.000000 1.000000
0.988995 -0.146643 0.019594 0.019000 0.147350 0.988212 -0.041534 12.337300 -0.013273 0.043964 0.998945 -1.303400 0.000000 0.000000 0.000000 1.000000
0.990531 -0.136315 0.016308 0.019000 0.137042 0.988858 -0.058139 12.337300 -0.008201 0.059823 0.998175 -1.303400 0.000000 0.000000 0.000000 1.000000
0.991784 -0.126445 0.019417 0.019000 0.127408 0.989976 -0.060955 12.337300 -0.011515 0.062928 0.997952 -1.303400 0.000000 0.000000 0.000000 1.000000
0.993342 -0.112277 0.025783 0.019000 0.113443 0.992316 -0.049388 12.337300 -0.020039 0.051984 0.998447 -1.303400 0.000000 0.000000 0.000000 1.000000
0.994845 -0.096860 0.030015 0.019000 0.097867 0.994614 -0.034138 12.337300 -0.026547 0.036899 0.998966 -1.303400 0.000000 0.000000 0.000000 1.000000
0.995916 -0.086058 0.027291 0.019000 0.086611 0.996046 -0.019774 12.337300 -0.025482 0.022057 0.999432 -1.303400 0.000000 0.000000 0.000000 1.000000
0.996619 -0.079391 0.021136 0.019000 0.079699 0.996719 -0.014138 12.337300 -0.019944 0.015775 0.999677 -1.303400 0.000000 0.000000 0.000000 1.000000
0.997340 -0.070358 0.019059 0.019000 0.070660 0.997378 -0.015662 12.337300 -0.017907 0.016967 0.999696 -1.303400 0.000000 0.000000 0.000000 1.000000
0.997920 -0.060200 0.023047 0.019000 0.060653 0.997969 -0.019475 12.337300 -0.021827 0.020832 0.999545 -1.303400 0.000000 0.000000 0.000000 1.000000
0.998219 -0.053589 0.026202 0.019000 0.054242 0.998218 -0.024859 12.337300 -0.024823 0.026236 0.999348 -1.303400 0.000000 0.000000 0.000000 1.000000
0.998408 -0.050235 0.025667 0.019000 0.050936 0.998325 -0.027439 12.337300 -0.024246 0.028703 0.999294 -1.303400 0.000000 0.000000 0.000000 1.000000
0.998614 -0.046075 0.025459 0.019000 0.046715 0.998592 -0.025125 12.337300 -0.024265 0.026279 0.999360 -1.303400 0.000000 0.000000 0.000000 1.000000
0.998870 -0.040556 0.024793 0.019000 0.041082 0.998933 -0.021096 12.337300 -0.023911 0.022091 0.999470 -1.303400 0.000000 0.000000 0.000000 1.000000</float_array><technique_common><accessor source="#Spine1-Matrix-animation-output-transform-array" count="22" stride="16"><param type="float4x4"/></accessor></technique_common></source><source id="Spine1-Interpolations"><Name_array id="Spine1-Interpolations-array" count="22">
 LINEAR LINEAR LINEAR LINEAR LINEAR LINEAR LINEAR LINEAR LINEAR LINEAR LINEAR
LINEAR LINEAR LINEAR LINEAR LINEAR LINEAR LINEAR LINEAR LINEAR LINEAR LINEAR</Name_array><technique_common><accessor source="#Spine1-Interpolations-array" count="22"><param type="name"/></accessor></technique_common></source><sampler id="Spine1-Matrix-animation-transform"><input semantic="INPUT" source="#Spine1-Matrix-animation-input"/><input semantic="OUTPUT" source="#Spine1-Matrix-animation-output-transform"/><input semantic="INTERPOLATION" source="#Spine1-Interpolations"/></sampler><channel source="#Spine1-Matrix-animation-transform" target="Spine1/matrix"/></animation>
    <animation id="Spine2-anim" name="Spine2"><source id="Spine2-Matrix-animation-input"><float_array id="Spine2-Matrix-animation-input-array" count="22">

0.000000 0.033333 0.066667 0.100000 0.133333 0.166667 0.200000 0.233333 0.266667 0.300000 0.333333 0.366667 0.400000 0.433333 0.466667 0.500000
0.533333 0.566667 0.600000 0.633333 0.666667 0.700000</float_array><technique_common><accessor source="#Spine2-Matrix-animation-input-array" count="22"><param name="TIME" type="float"/></accessor></technique_common></source><source id="Spine2-Matrix-animation-output-transform"><float_array id="Spine2-Matrix-animation-output-transform-array" count="352">

0.999575 -0.018316 0.022667 0.021700 0.018403 0.999824 -0.003651 14.099800 -0.022596 0.004067 0.999736 -1.489600 0.000000 0.000000 0.000000 1.000000
0.999221 -0.026201 -0.029520 0.021700 0.018500 0.971555 -0.236092 14.099800 0.034866 0.235362 0.971282 -1.489600 0.000000 0.000000 0.000000 1.000000
0.997328 -0.038051 -0.062369 0.021700 0.014603 0.940263 -0.340137 14.099800 0.071586 0.338317 0.938305 -1.489600 0.000000 0.000000 0.000000 1.000000
0.997661 -0.049053 -0.047609 0.021700 0.038334 0.978120 -0.204480 14.099800 0.056598 0.202177 0.977712 -1.489600 0.000000 0.000000 0.000000 1.000000
0.998436 -0.052627 -0.018852 0.021700 0.053682 0.996710 0.060716 14.099800 0.015594 -0.061633 0.997977 -1.489600 0.000000 0.000000 0.000000 1.000000
0.998434 -0.055704 0.005190 0.021700 0.053054 0.972199 0.228068 14.099800 -0.017750 -0.227436 0.973631 -1.489600 0.000000 0.000000 0.000000 1.000000
0.997301 -0.072525 0.011449 0.021700 0.069658 0.983881 0.164698 14.099800 -0.023210 -0.163456 0.986278 -1.489600 0.000000 0.000000 0.000000 1.000000
0.997090 -0.075281 0.011988 0.021700 0.072856 0.987372 0.140675 14.099800 -0.022427 -0.139392 0.989983 -1.489600 0.000000 0.000000 0.000000 1.000000
0.998335 -0.056914 0.009374 0.021700 0.054486 0.983835 0.170586 14.099800 -0.018931 -0.169791 0.985298 -1.489600 0.000000 0.000000 0.000000 1.000000
0.999417 -0.033881 0.004305 0.021700 0.032270 0.978054 0.205839 14.099800 -0.011185 -0.205580 0.978576 -1.489600 0.000000 0.000000 0.000000 1.000000
0.999901 -0.014078 0.000549 0.021700 0.013573 0.973064 0.230135 14.099800 -0.003774 -0.230104 0.973159 -1.489600 0.000000 0.000000 0.000000 1.000000
0.999975 -0.004987 0.005045 0.021700 0.003650 0.971553 0.236795 14.099800 -0.006082 -0.236770 0.971547 -1.489600 0.000000 0.000000 0.000000 1.000000
0.999891 -0.000099 0.014755 0.021700 -0.003135 0.975718 0.219009 14.099800 -0.014419 -0.219031 0.975611 -1.489600 0.000000 0.000000 0.000000 1.000000
0.999743 0.004842 0.022125 0.021700 -0.009060 0.980813 0.194740 14.099800 -0.020758 -0.194890 0.980605 -1.489600 0.000000 0.000000 0.000000 1.000000
0.999775 0.006165 0.020304 0.021700 -0.009610 0.984655 0.174250 14.099800 -0.018918 -0.174406 0.984492 -1.489600 0.000000 0.000000 0.000000 1.000000
0.999897 0.003426 0.013921 0.021700 -0.005751 0.985328 0.170573 14.099800 -0.013133 -0.170635 0.985247 -1.489600 0.000000 0.000000 0.000000 1.000000
0.999923 0.002624 0.012157 0.021700 -0.004821 0.982849 0.184349 14.099800 -0.011465 -0.184393 0.982786 -1.489600 0.000000 0.000000 0.000000 1.000000
0.999861 0.001980 0.016540 0.021700 -0.005155 0.980939 0.194248 14.099800 -0.015840 -0.194306 0.980813 -1.489600 0.000000 0.000000 0.000000 1.000000
0.999809 -0.002024 0.019425 0.021700 -0.001339 0.985173 0.171559 14.099800 -0.019484 -0.171553 0.984982 -1.489600 0.000000 0.000000 0.000000 1.000000
0.999784 -0.008446 0.018990 0.021700 0.006109 0.992762 0.119940 14.099800 -0.019866 -0.119798 0.992600 -1.489600 0.000000 0.000000 0.000000 1.000000
0.999693 -0.014102 0.020396 0.021700 0.012912 0.998271 0.057336 14.099800 -0.021170 -0.057055 0.998147 -1.489600 0.000000 0.000000 0.000000 1.000000
0.999575 -0.018316 0.022667 0.021700 0.018403 0.999824 -0.003651 14.099800 -0.022596 0.004067 0.999736 -1.489600 0.000000 0.000000 0.000000 1.000000</float_array><technique_common><accessor source="#Spine2-Matrix-animation-output-transform-array" count="22" stride="16"><param type="float4x4"/></accessor></technique_common></source><source id="Spine2-Interpolations"><Name_array id="Spine2-Interpolations-array" count="22">
 LINEAR LINEAR LINEAR LINEAR LINEAR LINEAR LINEAR LINEAR LINEAR LINEAR LINEAR
LINEAR LINEAR LINEAR LINEAR LINEAR LINEAR LINEAR LINEAR LINEAR LINEAR LINEAR</Name_array><technique_common><accessor source="#Spine2-Interpolations-array" count="22"><param type="name"/></accessor></technique_common></source><sampler id="Spine2-Matrix-animation-transform"><input semantic="INPUT" source="#Spine2-Matrix-animation-input"/><input semantic="OUTPUT" source="#Spine2-Matrix-animation-output-transform"/><input semantic="INTERPOLATION" source="#Spine2-Interpolations"/></sampler><channel source="#Spine2-Matrix-animation-transform" target="Spine2/matrix"/></animation>
    <animation id="Neck-anim" name="Neck"><source id="Neck-Matrix-animation-input"><float_array id="Neck-Matrix-animation-input-array" count="22">

0.000000 0.033333 0.066667 0.100000 0.133333 0.166667 0.200000 0.233333 0.266667 0.300000 0.333333 0.366667 0.400000 0.433333 0.466667 0.500000
0.533333 0.566667 0.600000 0.633333 0.666667 0.700000</float_array><technique_common><accessor source="#Neck-Matrix-animation-input-array" count="22"><param name="TIME" type="float"/></accessor></technique_common></source><source id="Neck-Matrix-animation-output-transform"><float_array id="Neck-Matrix-animation-output-transform-array" count="352">

0.985070 0.027001 0.170026 0.024400 -0.032879 0.998952 0.031849 15.862300 -0.168988 -0.036964 0.984925 -1.675800 0.000000 0.000000 0.000000 1.000000
0.982819 0.008095 0.184397 0.024400 -0.039514 0.985104 0.167360 15.862300 -0.180295 -0.171771 0.968498 -1.675800 0.000000 0.000000 0.000000 1.000000
0.988940 0.029053 0.145440 0.024400 -0.050177 0.988341 0.143753 15.862300 -0.139568 -0.149461 0.978868 -1.675800 0.000000 0.000000 0.000000 1.000000
0.993975 0.100818 0.043009 0.024400 -0.097873 0.993020 -0.065827 15.862300 -0.049346 0.061221 0.996904 -1.675800 0.000000 0.000000 0.000000 1.000000
0.988397 0.059003 -0.139964 0.024400 -0.085911 0.977074 -0.194797 15.862300 0.125262 0.204561 0.970806 -1.675800 0.000000 0.000000 0.000000 1.000000
0.932976 -0.165634 -0.319565 0.024400 0.131576 0.983326 -0.125529 15.862300 0.335029 0.075068 0.939213 -1.675800 0.000000 0.000000 0.000000 1.000000
0.861700 -0.368145 -0.349203 0.024400 0.396823 0.917822 0.011602 15.862300 0.316235 -0.148569 0.936975 -1.675800 0.000000 0.000000 0.000000 1.000000
0.857571 -0.419158 -0.298126 0.024400 0.469985 0.874059 0.123024 15.862300 0.209013 -0.245617 0.946565 -1.675800 0.000000 0.000000 0.000000 1.000000
0.891290 -0.395106 -0.222471 0.024400 0.437784 0.877622 0.195257 15.862300 0.118099 -0.271425 0.955187 -1.675800 0.000000 0.000000 0.000000 1.000000
0.936356 -0.329716 -0.120523 0.024400 0.349738 0.905839 0.239039 15.862300 0.030359 -0.265977 0.963501 -1.675800 0.000000 0.000000 0.000000 1.000000
0.969423 -0.245365 -0.003834 0.024400 0.238596 0.938799 0.248451 15.862300 -0.057362 -0.241769 0.968637 -1.675800 0.000000 0.000000 0.000000 1.000000
0.980739 -0.165692 0.103431 0.024400 0.137663 0.962009 0.235768 15.862300 -0.138566 -0.216988 0.966290 -1.675800 0.000000 0.000000 0.000000 1.000000
0.979098 -0.111903 0.169836 0.024400 0.071791 0.971434 0.226192 15.862300 -0.190296 -0.209272 0.959163 -1.675800 0.000000 0.000000 0.000000 1.000000
0.981403 -0.080318 0.174346 0.024400 0.043867 0.978062 0.203645 15.862300 -0.186878 -0.192210 0.963396 -1.675800 0.000000 0.000000 0.000000 1.000000
0.984941 -0.049905 0.165530 0.024400 0.020362 0.984254 0.175581 15.862300 -0.171686 -0.169566 0.970449 -1.675800 0.000000 0.000000 0.000000 1.000000
0.987091 -0.020461 0.158850 0.024400 -0.000995 0.991003 0.133836 15.862300 -0.160159 -0.132266 0.978190 -1.675800 0.000000 0.000000 0.000000 1.000000
0.988526 0.014198 0.150379 0.024400 -0.025331 0.997056 0.072377 15.862300 -0.148909 -0.075356 0.985976 -1.675800 0.000000 0.000000 0.000000 1.000000
0.988705 0.047505 0.142145 0.024400 -0.049262 0.998747 0.008861 15.862300 -0.141546 -0.015763 0.989806 -1.675800 0.000000 0.000000 0.000000 1.000000
0.987943 0.070040 0.138072 0.024400 -0.065668 0.997193 -0.035973 15.862300 -0.140204 0.026472 0.989769 -1.675800 0.000000 0.000000 0.000000 1.000000
0.987208 0.072149 0.142176 0.024400 -0.066658 0.996848 -0.043015 15.862300 -0.144832 0.032987 0.988906 -1.675800 0.000000 0.000000 0.000000 1.000000
0.986518 0.051999 0.155171 0.024400 -0.051058 0.998645 -0.010045 15.862300 -0.155483 0.001987 0.987837 -1.675800 0.000000 0.000000 0.000000 1.000000
0.985070 0.027001 0.170026 0.024400 -0.032879 0.998952 0.031849 15.862300 -0.168988 -0.036964 0.984925 -1.675800 0.000000 0.000000 0.000000 1.000000</float_array><technique_common><accessor source="#Neck-Matrix-animation-output-transform-array" count="22" stride="16"><param type="float4x4"/></accessor></technique_common></source><source id="Neck-Interpolations"><Name_array id="Neck-Interpolations-array" count="22">
 LINEAR LINEAR LINEAR LINEAR LINEAR LINEAR LINEAR LINEAR LINEAR LINEAR LINEAR
LINEAR LINEAR LINEAR LINEAR LINEAR LINEAR LINEAR LINEAR LINEAR LINEAR LINEAR</Name_array><technique_common><accessor source="#Neck-Interpolations-array" count="22"><param type="name"/></accessor></technique_common></source><sampler id="Neck-Matrix-animation-transform"><input semantic="INPUT" source="#Neck-Matrix-animation-input"/><input semantic="OUTPUT" source="#Neck-Matrix-animation-output-transform"/><input semantic="INTERPOLATION" source="#Neck-Interpolations"/></sampler><channel source="#Neck-Matrix-animation-transform" target="Neck/matrix"/></animation>
    <animation id="Head-anim" name="Head"><source id="Head-Matrix-animation-input"><float_array id="Head-Matrix-animation-input-array" count="22">

0.000000 0.033333 0.066667 0.100000 0.133333 0.166667 0.200000 0.233333 0.266667 0.300000 0.333333 0.366667 0.400000 0.433333 0.466667 0.500000
0.533333 0.566667 0.600000 0.633333 0.666667 0.700000</float_array><technique_common><accessor source="#Head-Matrix-animation-input-array" count="22"><param name="TIME" type="float"/></accessor></technique_common></source><source id="Head-Matrix-animation-output-transform"><float_array id="Head-Matrix-animation-output-transform-array" count="352">

0.912383 0.079625 0.401518 0.000000 -0.112643 0.991866 0.059267 5.564000 -0.393533 -0.099302 0.913932 0.988100 0.000000 0.000000 0.000000 1.000000
0.908237 0.077359 0.411244 0.000000 -0.172351 0.964689 0.199172 5.564000 -0.381315 -0.251774 0.889499 0.988100 0.000000 0.000000 0.000000 1.000000
0.915155 0.110620 0.387626 0.000000 -0.196079 0.962340 0.188295 5.564000 -0.352198 -0.248325 0.902381 0.988100 0.000000 0.000000 0.000000 1.000000
0.927056 0.189561 0.323472 0.000000 -0.198500 0.980086 -0.005459 5.564000 -0.318065 -0.059148 0.946222 0.988100 0.000000 0.000000 0.000000 1.000000
0.964502 0.221717 0.143446 0.000000 -0.213082 0.974289 -0.073189 5.564000 -0.155985 0.040025 0.986948 0.988100 0.000000 0.000000 0.000000 1.000000
0.983712 0.137165 -0.116173 -0.000000 -0.114793 0.976725 0.181192 5.564000 0.138323 -0.164905 0.976562 0.988100 0.000000 0.000000 0.000000 1.000000
0.965891 0.011620 -0.258688 0.000000 0.113264 0.879403 0.462408 5.564000 0.232864 -0.475936 0.848092 0.988100 0.000000 0.000000 0.000000 1.000000
0.968609 -0.052171 -0.243052 0.000000 0.189417 0.788084 0.585701 5.564000 0.160989 -0.613353 0.773227 0.988100 0.000000 0.000000 0.000000 1.000000
0.984654 -0.078624 -0.155804 -0.000000 0.160990 0.753861 0.637006 5.564000 0.067371 -0.652313 0.754949 0.988100 0.000000 0.000000 0.000000 1.000000
0.996073 -0.085529 -0.022865 0.000000 0.079885 0.756956 0.648565 5.564000 -0.038163 -0.647845 0.760816 0.988100 0.000000 0.000000 0.000000 1.000000
0.988970 -0.079914 0.124706 0.000000 -0.015955 0.779582 0.626097 5.564000 -0.147253 -0.621181 0.769708 0.988100 0.000000 0.000000 0.000000 1.000000
0.964776 -0.068634 0.253963 0.000000 -0.097745 0.802741 0.588262 5.564000 -0.244241 -0.592365 0.767756 0.988100 0.000000 0.000000 0.000000 1.000000
0.940845 -0.054861 0.334366 0.000000 -0.151823 0.813948 0.560748 5.564000 -0.302920 -0.578342 0.757470 0.988100 0.000000 0.000000 0.000000 1.000000
0.936146 -0.026285 0.350627 0.000000 -0.175359 0.829429 0.530375 5.564000 -0.304761 -0.557994 0.771857 0.988100 0.000000 0.000000 0.000000 1.000000
0.934636 0.007437 0.355528 0.000000 -0.192095 0.851917 0.487172 5.564000 -0.299258 -0.523623 0.797661 0.988100 0.000000 0.000000 0.000000 1.000000
0.932373 0.035620 0.359738 0.000000 -0.196815 0.884734 0.422504 5.564000 -0.303222 -0.464733 0.831913 0.988100 0.000000 0.000000 0.000000 1.000000
0.929745 0.064994 0.362421 0.000000 -0.192066 0.925383 0.326768 5.564000 -0.314140 -0.373420 0.872854 0.988100 0.000000 0.000000 0.000000 1.000000
0.926501 0.092052 0.364859 0.000000 -0.181306 0.958849 0.218486 5.564000 -0.329733 -0.268578 0.905065 0.988100 0.000000 0.000000 0.000000 1.000000
0.922854 0.110407 0.368987 0.000000 -0.166978 0.978007 0.124985 5.564000 -0.347073 -0.176956 0.920992 0.988100 0.000000 0.000000 0.000000 1.000000
0.919345 0.113065 0.376858 0.000000 -0.150713 0.985963 0.071856 5.564000 -0.363443 -0.122858 0.923480 0.988100 0.000000 0.000000 0.000000 1.000000
0.916056 0.098290 0.388820 0.000000 -0.132084 0.989354 0.061090 5.564000 -0.378676 -0.107319 0.919286 0.988100 0.000000 0.000000 0.000000 1.000000
0.912383 0.079625 0.401518 0.000000 -0.112643 0.991866 0.059267 5.564000 -0.393533 -0.099302 0.913932 0.988100 0.000000 0.000000 0.000000 1.000000</float_array><technique_common><accessor source="#Head-Matrix-animation-output-transform-array" count="22" stride="16"><param type="float4x4"/></accessor></technique_common></source><source id="Head-Interpolations"><Name_array id="Head-Interpolations-array" count="22">
 LINEAR LINEAR LINEAR LINEAR LINEAR LINEAR LINEAR LINEAR LINEAR LINEAR LINEAR
LINEAR LINEAR LINEAR LINEAR LINEAR LINEAR LINEAR LINEAR LINEAR LINEAR LINEAR</Name_array><technique_common><accessor source="#Head-Interpolations-array" count="22"><param type="name"/></accessor></technique_common></source><sampler id="Head-Matrix-animation-transform"><input semantic="INPUT" source="#Head-Matrix-animation-input"/><input semantic="OUTPUT" source="#Head-Matrix-animation-output-transform"/><input semantic="INTERPOLATION" source="#Head-Interpolations"/></sampler><channel source="#Head-Matrix-animation-transform" target="Head/matrix"/></animation>
    <animation id="LeftShoulder-anim" name="LeftShoulder"><source id="LeftShoulder-Matrix-animation-input"><float_array id="LeftShoulder-Matrix-animation-input-array" count="22">

0.000000 0.033333 0.066667 0.100000 0.133333 0.166667 0.200000 0.233333 0.266667 0.300000 0.333333 0.366667 0.400000 0.433333 0.466667 0.500000
0.533333 0.566667 0.600000 0.633333 0.666667 0.700000</float_array><technique_common><accessor source="#LeftShoulder-Matrix-animation-input-array" count="22"><param name="TIME" type="float"/></accessor></technique_common></source><source id="LeftShoulder-Matrix-animation-output-transform"><float_array id="LeftShoulder-Matrix-animation-output-transform-array" count="352">

0.982539 0.070510 -0.172178 5.935000 -0.064273 0.997067 0.041541 13.670200 0.174602 -0.029749 0.984190 -1.662600 0.000000 0.000000 0.000000 1.000000
0.987338 0.088312 -0.131773 5.935000 -0.084280 0.995796 0.035874 13.670200 0.134387 -0.024314 0.990631 -1.662600 0.000000 0.000000 0.000000 1.000000
0.989827 0.109252 -0.091137 5.935000 -0.107068 0.993842 0.028531 13.670200 0.093693 -0.018483 0.995430 -1.662600 0.000000 0.000000 0.000000 1.000000
0.990348 0.128926 -0.050877 5.935000 -0.128083 0.991572 0.019502 13.670200 0.052962 -0.012797 0.998515 -1.662600 0.000000 0.000000 0.000000 1.000000
0.989674 0.142882 -0.011400 5.935000 -0.142777 0.989709 0.009544 13.670200 0.012646 -0.007818 0.999889 -1.662600 0.000000 0.000000 0.000000 1.000000
0.988821 0.146618 0.027120 5.935000 -0.146675 0.989185 0.000124 13.670200 -0.026809 -0.004101 0.999632 -1.662600 0.000000 0.000000 0.000000 1.000000
0.988934 0.132969 0.065791 5.935000 -0.132878 0.991116 -0.005785 13.670200 -0.065975 -0.003021 0.997817 -1.662600 0.000000 0.000000 0.000000 1.000000
0.992621 0.077122 0.093567 5.935000 -0.077130 0.997015 -0.003545 13.670200 -0.093561 -0.003698 0.995607 -1.662600 0.000000 0.000000 0.000000 1.000000
0.997669 0.013559 0.066880 5.935000 -0.013600 0.999908 0.000161 13.670200 -0.066871 -0.001070 0.997761 -1.662600 0.000000 0.000000 0.000000 1.000000
0.999515 -0.004424 -0.030837 5.935000 0.004233 0.999971 -0.006268 13.670200 0.030864 0.006134 0.999505 -1.662600 0.000000 0.000000 0.000000 1.000000
0.989003 -0.002245 -0.147879 5.935000 0.000141 0.999899 -0.014236 13.670200 0.147896 0.014059 0.988903 -1.662600 0.000000 0.000000 0.000000 1.000000
0.984750 -0.004391 -0.173918 5.935000 0.001803 0.999885 -0.015039 13.670200 0.173964 0.014497 0.984645 -1.662600 0.000000 0.000000 0.000000 1.000000
0.993638 -0.002378 -0.112594 5.935000 0.001306 0.999953 -0.009594 13.670200 0.112611 0.009386 0.993595 -1.662600 0.000000 0.000000 0.000000 1.000000
0.994443 -0.001755 -0.105260 5.935000 0.000542 0.999933 -0.011552 13.670200 0.105273 0.011430 0.994378 -1.662600 0.000000 0.000000 0.000000 1.000000
0.985588 -0.006883 -0.169023 5.935000 0.004087 0.999849 -0.016886 13.670200 0.169114 0.015952 0.985467 -1.662600 0.000000 0.000000 0.000000 1.000000
0.977575 -0.015095 -0.210047 5.935000 0.012354 0.999821 -0.014355 13.670200 0.210226 0.011438 0.977586 -1.662600 0.000000 0.000000 0.000000 1.000000
0.974786 -0.013968 -0.222704 5.935000 0.012755 0.999895 -0.006880 13.670200 0.222777 0.003866 0.974862 -1.662600 0.000000 0.000000 0.000000 1.000000
0.975382 -0.001547 -0.220519 5.935000 0.002150 0.999995 0.002492 13.670200 0.220514 -0.002905 0.975380 -1.662600 0.000000 0.000000 0.000000 1.000000
0.977442 0.015641 -0.210626 5.935000 -0.013270 0.999832 0.012666 13.670200 0.210789 -0.009585 0.977485 -1.662600 0.000000 0.000000 0.000000 1.000000
0.979336 0.033281 -0.199481 5.935000 -0.029355 0.999313 0.022608 13.670200 0.200096 -0.016285 0.979641 -1.662600 0.000000 0.000000 0.000000 1.000000
0.981175 0.052002 -0.185986 5.935000 -0.046790 0.998382 0.032310 13.670200 0.187366 -0.022999 0.982021 -1.662600 0.000000 0.000000 0.000000 1.000000
0.982539 0.070510 -0.172178 5.935000 -0.064273 0.997067 0.041541 13.670200 0.174602 -0.029749 0.984190 -1.662600 0.000000 0.000000 0.000000 1.000000</float_array><technique_common><accessor source="#LeftShoulder-Matrix-animation-output-transform-array" count="22" stride="16"><param type="float4x4"/></accessor></technique_common></source><source id="LeftShoulder-Interpolations"><Name_array id="LeftShoulder-Interpolations-array" count="22">
 LINEAR LINEAR LINEAR LINEAR LINEAR LINEAR LINEAR LINEAR LINEAR LINEAR LINEAR
LINEAR LINEAR LINEAR LINEAR LINEAR LINEAR LINEAR LINEAR LINEAR LINEAR LINEAR</Name_array><technique_common><accessor source="#LeftShoulder-Interpolations-array" count="22"><param type="name"/></accessor></technique_common></source><sampler id="LeftShoulder-Matrix-animation-transform"><input semantic="INPUT" source="#LeftShoulder-Matrix-animation-input"/><input semantic="OUTPUT" source="#LeftShoulder-Matrix-animation-output-transform"/><input semantic="INTERPOLATION" source="#LeftShoulder-Interpolations"/></sampler><channel source="#LeftShoulder-Matrix-animation-transform" target="LeftShoulder/matrix"/></animation>
    <animation id="LeftArm-anim" name="LeftArm"><source id="LeftArm-Matrix-animation-input"><float_array id="LeftArm-Matrix-animation-input-array" count="22">

0.000000 0.033333 0.066667 0.100000 0.133333 0.166667 0.200000 0.233333 0.266667 0.300000 0.333333 0.366667 0.400000 0.433333 0.466667 0.500000
0.533333 0.566667 0.600000 0.633333 0.666667 0.700000</float_array><technique_common><accessor source="#LeftArm-Matrix-animation-input-array" count="22"><param name="TIME" type="float"/></accessor></technique_common></source><source id="LeftArm-Matrix-animation-output-transform"><float_array id="LeftArm-Matrix-animation-output-transform-array" count="352">

0.663052 0.694173 -0.280155 12.499400 -0.698630 0.708254 0.101455 -1.650000 0.268848 0.128454 0.954579 0.026500 0.000000 0.000000 0.000000 1.000000
0.733333 0.650660 -0.197138 12.499400 -0.631740 0.759302 0.156092 -1.650000 0.251250 0.010073 0.967870 0.026500 0.000000 0.000000 0.000000 1.000000
0.715297 0.675905 -0.177489 12.499400 -0.655152 0.736984 0.166222 -1.650000 0.243157 -0.002616 0.969983 0.026500 0.000000 0.000000 0.000000 1.000000
0.598893 0.779826 -0.182203 12.499400 -0.778737 0.620170 0.094644 -1.650000 0.186802 0.085206 0.978695 0.026500 0.000000 0.000000 0.000000 1.000000
0.502001 0.862908 -0.058174 12.499400 -0.864834 0.500255 -0.042515 -1.650000 -0.007585 0.071654 0.997401 0.026500 0.000000 0.000000 0.000000 1.000000
0.398008 0.914052 0.078092 12.499400 -0.906532 0.404927 -0.119309 -1.650000 -0.140676 -0.023307 0.989781 0.026500 0.000000 0.000000 0.000000 1.000000
0.318806 0.929249 0.186706 12.499400 -0.933184 0.342216 -0.109796 -1.650000 -0.165921 -0.139228 0.976261 0.026500 0.000000 0.000000 0.000000 1.000000
0.281570 0.931556 0.230049 12.499400 -0.955880 0.293237 -0.017473 -1.650000 -0.083736 -0.214980 0.973022 0.026500 0.000000 0.000000 0.000000 1.000000
0.373007 0.895616 0.242359 12.499400 -0.927789 0.357641 0.106302 -1.650000 0.008528 -0.264510 0.964345 0.026500 0.000000 0.000000 0.000000 1.000000
0.588937 0.769417 0.247289 12.499400 -0.805452 0.533681 0.257744 -1.650000 0.066339 -0.350974 0.934032 0.026500 0.000000 0.000000 0.000000 1.000000
0.774337 0.603427 0.190470 12.499400 -0.629851 0.706112 0.323566 -1.650000 0.060755 -0.370516 0.926837 0.026500 0.000000 0.000000 0.000000 1.000000
0.839311 0.530733 0.117811 12.499400 -0.541609 0.797520 0.265748 -1.650000 0.047085 -0.286853 0.956817 0.026500 0.000000 0.000000 0.000000 1.000000
0.815654 0.578105 -0.022426 12.499400 -0.557678 0.795966 0.235444 -1.650000 0.153962 -0.179534 0.971629 0.026500 0.000000 0.000000 0.000000 1.000000
0.768009 0.635703 -0.077747 12.499400 -0.604972 0.759950 0.237665 -1.650000 0.210168 -0.135494 0.968231 0.026500 0.000000 0.000000 0.000000 1.000000
0.729505 0.683090 -0.034804 12.499400 -0.662324 0.718198 0.213353 -1.650000 0.170735 -0.132591 0.976355 0.026500 0.000000 0.000000 0.000000 1.000000
0.677098 0.734858 -0.038998 12.499400 -0.720075 0.672542 0.170822 -1.650000 0.151758 -0.087582 0.984530 0.026500 0.000000 0.000000 0.000000 1.000000
0.636886 0.764084 -0.102722 12.499400 -0.748086 0.644695 0.157277 -1.650000 0.186397 -0.023322 0.982198 0.026500 0.000000 0.000000 0.000000 1.000000
0.611789 0.772921 -0.168248 12.499400 -0.757660 0.633698 0.156138 -1.650000 0.227301 0.031951 0.973300 0.026500 0.000000 0.000000 0.000000 1.000000
0.613618 0.762624 -0.204640 12.499400 -0.752574 0.643294 0.140730 -1.650000 0.238968 0.067653 0.968668 0.026500 0.000000 0.000000 0.000000 1.000000
0.633729 0.741048 -0.221890 12.499400 -0.735804 0.665985 0.122703 -1.650000 0.238704 0.085507 0.967320 0.026500 0.000000 0.000000 0.000000 1.000000
0.656530 0.715061 -0.240116 12.499400 -0.713632 0.691935 0.109342 -1.650000 0.244331 0.099568 0.964566 0.026500 0.000000 0.000000 0.000000 1.000000
0.663052 0.694173 -0.280155 12.499400 -0.698630 0.708254 0.101455 -1.650000 0.268848 0.128454 0.954579 0.026500 0.000000 0.000000 0.000000 1.000000</float_array><technique_common><accessor source="#LeftArm-Matrix-animation-output-transform-array" count="22" stride="16"><param type="float4x4"/></accessor></technique_common></source><source id="LeftArm-Interpolations"><Name_array id="LeftArm-Interpolations-array" count="22">
 LINEAR LINEAR LINEAR LINEAR LINEAR LINEAR LINEAR LINEAR LINEAR LINEAR LINEAR
LINEAR LINEAR LINEAR LINEAR LINEAR LINEAR LINEAR LINEAR LINEAR LINEAR LINEAR</Name_array><technique_common><accessor source="#LeftArm-Interpolations-array" count="22"><param type="name"/></accessor></technique_common></source><sampler id="LeftArm-Matrix-animation-transform"><input semantic="INPUT" source="#LeftArm-Matrix-animation-input"/><input semantic="OUTPUT" source="#LeftArm-Matrix-animation-output-transform"/><input semantic="INTERPOLATION" source="#LeftArm-Interpolations"/></sampler><channel source="#LeftArm-Matrix-animation-transform" target="LeftArm/matrix"/></animation>
    <animation id="LeftForeArm-anim" name="LeftForeArm"><source id="LeftForeArm-Matrix-animation-input"><float_array id="LeftForeArm-Matrix-animation-input-array" count="22">

0.000000 0.033333 0.066667 0.100000 0.133333 0.166667 0.200000 0.233333 0.266667 0.300000 0.333333 0.366667 0.400000 0.433333 0.466667 0.500000
