<?xml version="1.0" encoding="utf-8"?>
<COLLADA xmlns="http://www.collada.org/2005/11/COLLADASchema" version="1.4.1">
  <asset><contributor><author>Mixamo</author><authoring_tool>COLLADA Mixamo exporter</authoring_tool><comments></comments></contributor><created>2018-10-27T18:15:27Z</created><modified>2018-10-27T18:15:27Z</modified><revision></revision><title></title><unit meter="0.010000"/><up_axis>Y_UP</up_axis></asset>
  <library_animations>
    <animation id="Hips-anim" name="Hips"><source id="Hips-Matrix-animation-input"><float_array id="Hips-Matrix-animation-input-array" count="25">

0.000000 0.033333 0.066667 0.100000 0.133333 0.166667 0.200000 0.233333 0.266667 0.300000 0.333333 0.366667 0.400000 0.433333 0.466667 0.500000
0.533333 0.566667 0.600000 0.633333 0.666667 0.700000 0.733333 0.766667 0.800000</float_array><technique_common><accessor source="#Hips-Matrix-animation-input-array" count="25"><param name="TIME" type="float"/></accessor></technique_common></source><source id="Hips-Matrix-animation-output-transform"><float_array id="Hips-Matrix-animation-output-transform-array" count="400">

0.929588 -0.059605 -0.363749 0.000056 0.081634 0.995624 0.045476 87.275970 0.359447 -0.071968 0.930386 -0.000033 0.000000 0.000000 0.000000 1.000000
0.939898 -0.057835 -0.336523 -0.174971 0.085550 0.994003 0.068110 88.173500 0.330565 -0.092806 0.939209 -8.456190 0.000000 0.000000 0.000000 1.000000
0.946148 -0.056714 -0.318727 -0.341075 0.087700 0.992623 0.083712 89.119171 0.311628 -0.107156 0.944143 -16.878660 0.000000 0.000000 0.000000 1.000000
0.940541 -0.055668 -0.335087 -0.437860 0.085016 0.993661 0.073550 90.176361 0.328868 -0.097664 0.939312 -25.225222 0.000000 0.000000 0.000000 1.000000
0.924887 -0.055010 -0.376241 -0.455441 0.076452 0.996176 0.042287 91.145386 0.372476 -0.067876 0.925556 -33.678707 0.000000 0.000000 0.000000 1.000000
0.903960 -0.056149 -0.423915 -0.312268 0.062471 0.998046 0.001018 91.795273 0.423029 -0.027403 0.905701 -42.577747 0.000000 0.000000 0.000000 1.000000
0.880810 -0.056798 -0.470051 0.002552 0.044402 0.998312 -0.037425 92.237335 0.471383 0.012093 0.881846 -51.926579 0.000000 0.000000 0.000000 1.000000
0.864361 -0.043408 -0.500994 0.559771 0.024468 0.998718 -0.044320 92.339264 0.502276 0.026050 0.864315 -61.787537 0.000000 0.000000 0.000000 1.000000
0.851768 -0.023901 -0.523374 1.016394 0.007043 0.999391 -0.034176 91.887825 0.523872 0.025424 0.851417 -71.051567 0.000000 0.000000 0.000000 1.000000
0.837027 -0.004367 -0.547144 1.362590 -0.006775 0.999809 -0.018346 90.854553 0.547120 0.019063 0.836837 -80.595383 0.000000 0.000000 0.000000 1.000000
0.819041 0.009946 -0.573649 1.615675 -0.017053 0.999830 -0.007013 89.635590 0.573482 0.015526 0.819071 -89.491417 0.000000 0.000000 0.000000 1.000000
0.798064 0.013423 -0.602423 1.714902 -0.014507 0.999890 0.003062 88.413452 0.602398 0.006296 0.798171 -98.423073 0.000000 0.000000 0.000000 1.000000
0.774928 -0.005862 -0.632023 1.744886 0.005775 0.999981 -0.002194 87.297089 0.632024 -0.001950 0.774947 -107.561806 0.000000 0.000000 0.000000 1.000000
0.765844 -0.028225 -0.642407 1.618300 0.020874 0.999601 -0.019034 86.725426 0.642687 0.001168 0.766128 -116.600632 0.000000 0.000000 0.000000 1.000000
0.776889 -0.030748 -0.628886 1.420143 0.022171 0.999523 -0.021481 87.120964 0.629247 0.002745 0.777201 -125.994217 0.000000 0.000000 0.000000 1.000000
0.802091 -0.042791 -0.595666 1.173355 0.032494 0.999079 -0.028016 88.032387 0.596317 0.003116 0.802743 -135.475662 0.000000 0.000000 0.000000 1.000000
0.831387 -0.068771 -0.551423 0.945608 0.054391 0.997619 -0.042413 88.999443 0.553026 0.005269 0.833147 -145.117737 0.000000 0.000000 0.000000 1.000000
0.855641 -0.093673 -0.509023 0.637233 0.079874 0.995602 -0.048953 89.760460 0.511370 0.001228 0.859360 -154.527298 0.000000 0.000000 0.000000 1.000000
0.871760 -0.125363 -0.473623 0.455494 0.108832 0.992107 -0.062283 89.963364 0.477693 0.002750 0.878523 -163.971298 0.000000 0.000000 0.000000 1.000000
0.881270 -0.146868 -0.449214 0.381512 0.131579 0.989155 -0.065267 89.729187 0.453927 -0.001590 0.891037 -173.502274 0.000000 0.000000 0.000000 1.000000
0.888253 -0.154834 -0.432472 0.331151 0.146842 0.987790 -0.052051 89.238281 0.435251 -0.017270 0.900143 -183.046936 0.000000 0.000000 0.000000 1.000000
0.895833 -0.148070 -0.418998 0.272863 0.150032 0.988271 -0.028472 88.668526 0.418299 -0.037357 0.907541 -192.377075 0.000000 0.000000 0.000000 1.000000
0.907119 -0.124712 -0.401973 0.189331 0.134223 0.990941 -0.004543 88.196739 0.398898 -0.049833 0.915640 -201.268478 0.000000 0.000000 0.000000 1.000000
0.918966 -0.092324 -0.383378 0.095585 0.108488 0.993882 0.020706 87.740387 0.379121 -0.060620 0.923359 -209.919937 0.000000 0.000000 0.000000 1.000000
0.929588 -0.059605 -0.363749 0.001582 0.081634 0.995624 0.045476 87.275955 0.359447 -0.071968 0.930386 -218.579544 0.000000 0.000000 0.000000 1.000000</float_array><technique_common><accessor source="#Hips-Matrix-animation-output-transform-array" count="25" stride="16"><param type="float4x4"/></accessor></technique_common></source><source id="Hips-Interpolations"><Name_array id="Hips-Interpolations-array" count="25">
 LINEAR LINEAR LINEAR LINEAR LINEAR LINEAR LINEAR LINEAR LINEAR LINEAR LINEAR
LINEAR LINEAR LINEAR LINEAR LINEAR LINEAR LINEAR LINEAR LINEAR LINEAR LINEAR LINEAR
LINEAR LINEAR</Name_array><technique_common><accessor source="#Hips-Interpolations-array" count="25"><param type="name"/></accessor></technique_common></source><sampler id="Hips-Matrix-animation-transform"><input semantic="INPUT" source="#Hips-Matrix-animation-input"/><input semantic="OUTPUT" source="#Hips-Matrix-animation-output-transform"/><input semantic="INTERPOLATION" source="#Hips-Interpolations"/></sampler><channel source="#Hips-Matrix-animation-transform" target="Hips/matrix"/></animation>
    <animation id="Spine-anim" name="Spine"><source id="Spine-Matrix-animation-input"><float_array id="Spine-Matrix-animation-input-array" count="25">

0.000000 0.033333 0.066667 0.100000 0.133333 0.166667 0.200000 0.233333 0.266667 0.300000 0.333333 0.366667 0.400000 0.433333 0.466667 0.500000
0.533333 0.566667 0.600000 0.633333 0.666667 0.700000 0.733333 0.766667 0.800000</float_array><technique_common><accessor source="#Spine-Matrix-animation-input-array" count="25"><param name="TIME" type="float"/></accessor></technique_common></source><source id="Spine-Matrix-animation-output-transform"><float_array id="Spine-Matrix-animation-output-transform-array" count="400">

0.995455 -0.066714 -0.067953 0.017300 0.035647 0.922755 -0.383734 10.574800 0.088305 0.379568 0.920940 -1.117200 0.000000 0.000000 0.000000 1.000000
0.990163 -0.073489 -0.119069 0.017300 0.020348 0.917549 -0.397102 10.574800 0.138434 0.390773 0.910018 -1.117200 0.000000 0.000000 0.000000 1.000000
0.982712 -0.078136 -0.167844 0.017300 0.004231 0.915819 -0.401570 10.574800 0.185092 0.393917 0.900317 -1.117200 0.000000 0.000000 0.000000 1.000000
0.976455 -0.076047 -0.201871 0.017300 -0.006126 0.925649 -0.378333 10.574800 0.215633 0.370662 0.903389 -1.117200 0.000000 0.000000 0.000000 1.000000
0.974435 -0.071128 -0.213114 0.017300 -0.005442 0.940812 -0.338884 10.574800 0.224605 0.331380 0.916373 -1.117200 0.000000 0.000000 0.000000 1.000000
0.975890 -0.068603 -0.207203 0.017300 0.002522 0.952801 -0.303585 10.574800 0.218250 0.295743 0.930002 -1.117200 0.000000 0.000000 0.000000 1.000000
0.977792 -0.068864 -0.197942 0.017300 0.011000 0.960036 -0.279661 10.574800 0.209290 0.271273 0.939473 -1.117200 0.000000 0.000000 0.000000 1.000000
0.980383 -0.076035 -0.181844 0.017300 0.020649 0.957141 -0.288886 10.574800 0.196016 0.279464 0.939935 -1.117200 0.000000 0.000000 0.000000 1.000000
0.983848 -0.079660 -0.160307 0.017300 0.027488 0.952137 -0.304434 10.574800 0.176885 0.295110 0.938947 -1.117200 0.000000 0.000000 0.000000 1.000000
0.990250 -0.072103 -0.119192 0.017300 0.031110 0.948483 -0.315297 10.574800 0.135785 0.308515 0.941478 -1.117200 0.000000 0.000000 0.000000 1.000000
0.996167 -0.058552 -0.064978 0.017300 0.035019 0.947731 -0.317142 10.574800 0.080151 0.313651 0.946150 -1.117200 0.000000 0.000000 0.000000 1.000000
0.999483 -0.031078 -0.008229 0.017300 0.026873 0.948122 -0.316769 10.574800 0.017647 0.316384 0.948467 -1.117200 0.000000 0.000000 0.000000 1.000000
0.999113 0.009360 0.041047 0.017300 0.003475 0.953316 -0.301953 10.574800 -0.041957 0.301828 0.952439 -1.117200 0.000000 0.000000 0.000000 1.000000
0.996382 0.032094 0.078699 0.017300 -0.008973 0.960509 -0.278104 10.574800 -0.084516 0.276391 0.957322 -1.117200 0.000000 0.000000 0.000000 1.000000
0.992956 0.036572 0.112697 0.017300 -0.003737 0.960362 -0.278730 10.574800 -0.118424 0.276345 0.953734 -1.117200 0.000000 0.000000 0.000000 1.000000
0.991029 0.040005 0.127521 0.017300 -0.002694 0.959937 -0.280203 10.574800 -0.133621 0.277346 0.951433 -1.117200 0.000000 0.000000 0.000000 1.000000
0.989919 0.048053 0.133230 0.017300 -0.009300 0.960708 -0.277404 10.574800 -0.141326 0.273369 0.951471 -1.117200 0.000000 0.000000 0.000000 1.000000
0.988884 0.059230 0.136382 0.017300 -0.019366 0.960726 -0.276823 10.574800 -0.147422 0.271105 0.951193 -1.117200 0.000000 0.000000 0.000000 1.000000
0.988369 0.069516 0.135254 0.017300 -0.032139 0.964799 -0.261018 10.574800 -0.148638 0.253636 0.955812 -1.117200 0.000000 0.000000 0.000000 1.000000
0.990831 0.065005 0.118442 0.017300 -0.033514 0.967501 -0.250636 10.574800 -0.130886 0.244368 0.960809 -1.117200 0.000000 0.000000 0.000000 1.000000
0.993698 0.060091 0.094620 0.017300 -0.032831 0.963168 -0.266889 10.574800 -0.107173 0.262101 0.959071 -1.117200 0.000000 0.000000 0.000000 1.000000
0.996500 0.052302 0.065207 0.017300 -0.029919 0.951556 -0.306017 10.574800 -0.078054 0.302995 0.949790 -1.117200 0.000000 0.000000 0.000000 1.000000
0.999503 0.021037 0.023481 0.017300 -0.011954 0.942082 -0.335169 10.574800 -0.029172 0.334722 0.941865 -1.117200 0.000000 0.000000 0.000000 1.000000
0.999535 -0.021271 -0.021842 0.017300 0.012012 0.933209 -0.359134 10.574800 0.028022 0.358705 0.933030 -1.117200 0.000000 0.000000 0.000000 1.000000
0.995455 -0.066714 -0.067953 0.017300 0.035647 0.922755 -0.383734 10.574800 0.088305 0.379568 0.920940 -1.117200 0.000000 0.000000 0.000000 1.000000</float_array><technique_common><accessor source="#Spine-Matrix-animation-output-transform-array" count="25" stride="16"><param type="float4x4"/></accessor></technique_common></source><source id="Spine-Interpolations"><Name_array id="Spine-Interpolations-array" count="25">
 LINEAR LINEAR LINEAR LINEAR LINEAR LINEAR LINEAR LINEAR LINEAR LINEAR LINEAR
LINEAR LINEAR LINEAR LINEAR LINEAR LINEAR LINEAR LINEAR LINEAR LINEAR LINEAR LINEAR
LINEAR LINEAR</Name_array><technique_common><accessor source="#Spine-Interpolations-array" count="25"><param type="name"/></accessor></technique_common></source><sampler id="Spine-Matrix-animation-transform"><input semantic="INPUT" source="#Spine-Matrix-animation-input"/><input semantic="OUTPUT" source="#Spine-Matrix-animation-output-transform"/><input semantic="INTERPOLATION" source="#Spine-Interpolations"/></sampler><channel source="#Spine-Matrix-animation-transform" target="Spine/matrix"/></animation>
    <animation id="Spine1-anim" name="Spine1"><source id="Spine1-Matrix-animation-input"><float_array id="Spine1-Matrix-animation-input-array" count="25">

0.000000 0.033333 0.066667 0.100000 0.133333 0.166667 0.200000 0.233333 0.266667 0.300000 0.333333 0.366667 0.400000 0.433333 0.466667 0.500000
0.533333 0.566667 0.600000 0.633333 0.666667 0.700000 0.733333 0.766667 0.800000</float_array><technique_common><accessor source="#Spine1-Matrix-animation-input-array" count="25"><param name="TIME" type="float"/></accessor></technique_common></source><source id="Spine1-Matrix-animation-output-transform"><float_array id="Spine1-Matrix-animation-output-transform-array" count="400">

0.999740 0.007441 -0.021558 0.019000 -0.007766 0.999856 -0.015060 12.337300 0.021443 0.015224 0.999654 -1.303400 0.000000 0.000000 0.000000 1.000000
0.999331 0.009775 -0.035235 0.019000 -0.010089 0.999911 -0.008761 12.337300 0.035146 0.009110 0.999341 -1.303400 0.000000 0.000000 0.000000 1.000000
0.998761 0.012512 -0.048159 0.019000 -0.012700 0.999913 -0.003597 12.337300 0.048110 0.004205 0.998833 -1.303400 0.000000 0.000000 0.000000 1.000000
0.998263 0.015565 -0.056819 0.019000 -0.015766 0.999871 -0.003082 12.337300 0.056763 0.003972 0.998380 -1.303400 0.000000 0.000000 0.000000 1.000000
0.998076 0.016697 -0.059704 0.019000 -0.017088 0.999836 -0.006045 12.337300 0.059593 0.007054 0.998198 -1.303400 0.000000 0.000000 0.000000 1.000000
0.998173 0.014434 -0.058670 0.019000 -0.014947 0.999854 -0.008304 12.337300 0.058541 0.009166 0.998243 -1.303400 0.000000 0.000000 0.000000 1.000000
0.998327 0.010671 -0.056832 0.019000 -0.011269 0.999884 -0.010223 12.337300 0.056716 0.010847 0.998331 -1.303400 0.000000 0.000000 0.000000 1.000000
0.998562 0.006259 -0.053235 0.019000 -0.007145 0.999839 -0.016469 12.337300 0.053123 0.016826 0.998446 -1.303400 0.000000 0.000000 0.000000 1.000000
0.998851 0.005438 -0.047606 0.019000 -0.006398 0.999779 -0.020023 12.337300 0.047487 0.020304 0.998665 -1.303400 0.000000 0.000000 0.000000 1.000000
0.999336 0.004895 -0.036098 0.019000 -0.005608 0.999791 -0.019658 12.337300 0.035994 0.019847 0.999155 -1.303400 0.000000 0.000000 0.000000 1.000000
0.999774 0.003194 -0.021014 0.019000 -0.003536 0.999861 -0.016277 12.337300 0.020959 0.016348 0.999647 -1.303400 0.000000 0.000000 0.000000 1.000000
0.999988 0.002384 -0.004235 0.019000 -0.002445 0.999894 -0.014323 12.337300 0.004200 0.014334 0.999888 -1.303400 0.000000 0.000000 0.000000 1.000000
0.999918 0.004780 0.011863 0.019000 -0.004643 0.999923 -0.011519 12.337300 -0.011917 0.011463 0.999863 -1.303400 0.000000 0.000000 0.000000 1.000000
0.999716 0.004398 0.023420 0.019000 -0.004271 0.999976 -0.005471 12.337300 -0.023444 0.005370 0.999711 -1.303400 0.000000 0.000000 0.000000 1.000000
0.999472 0.000380 0.032490 0.019000 -0.000288 0.999996 -0.002838 12.337300 -0.032491 0.002827 0.999468 -1.303400 0.000000 0.000000 0.000000 1.000000
0.999329 -0.001304 0.036599 0.019000 0.001467 0.999989 -0.004422 12.337300 -0.036593 0.004473 0.999320 -1.303400 0.000000 0.000000 0.000000 1.000000
0.999245 0.000052 0.038851 0.019000 0.000350 0.999946 -0.010339 12.337300 -0.038849 0.010344 0.999192 -1.303400 0.000000 0.000000 0.000000 1.000000
0.999174 0.001815 0.040595 0.019000 -0.001109 0.999848 -0.017407 12.337300 -0.040621 0.017347 0.999024 -1.303400 0.000000 0.000000 0.000000 1.000000
0.999144 0.004958 0.041064 0.019000 -0.004055 0.999748 -0.022064 12.337300 -0.041163 0.021879 0.998913 -1.303400 0.000000 0.000000 0.000000 1.000000
0.999277 0.010709 0.036490 0.019000 -0.009847 0.999670 -0.023706 12.337300 -0.036732 0.023330 0.999053 -1.303400 0.000000 0.000000 0.000000 1.000000
0.999457 0.013237 0.030184 0.019000 -0.012462 0.999592 -0.025718 12.337300 -0.030513 0.025328 0.999213 -1.303400 0.000000 0.000000 0.000000 1.000000
0.999678 0.012138 0.022282 0.019000 -0.011519 0.999549 -0.027718 12.337300 -0.022608 0.027453 0.999367 -1.303400 0.000000 0.000000 0.000000 1.000000
0.999900 0.010842 0.009116 0.019000 -0.010612 0.999634 -0.024882 12.337300 -0.009382 0.024783 0.999649 -1.303400 0.000000 0.000000 0.000000 1.000000
0.999939 0.009248 -0.005956 0.019000 -0.009367 0.999752 -0.020221 12.337300 0.005768 0.020276 0.999778 -1.303400 0.000000 0.000000 0.000000 1.000000
0.999738 0.007603 -0.021575 0.019000 -0.007929 0.999855 -0.015056 12.337300 0.021457 0.015224 0.999654 -1.303400 0.000000 0.000000 0.000000 1.000000</float_array><technique_common><accessor source="#Spine1-Matrix-animation-output-transform-array" count="25" stride="16"><param type="float4x4"/></accessor></technique_common></source><source id="Spine1-Interpolations"><Name_array id="Spine1-Interpolations-array" count="25">
 LINEAR LINEAR LINEAR LINEAR LINEAR LINEAR LINEAR LINEAR LINEAR LINEAR LINEAR
LINEAR LINEAR LINEAR LINEAR LINEAR LINEAR LINEAR LINEAR LINEAR LINEAR LINEAR LINEAR
LINEAR LINEAR</Name_array><technique_common><accessor source="#Spine1-Interpolations-array" count="25"><param type="name"/></accessor></technique_common></source><sampler id="Spine1-Matrix-animation-transform"><input semantic="INPUT" source="#Spine1-Matrix-animation-input"/><input semantic="OUTPUT" source="#Spine1-Matrix-animation-output-transform"/><input semantic="INTERPOLATION" source="#Spine1-Interpolations"/></sampler><channel source="#Spine1-Matrix-animation-transform" target="Spine1/matrix"/></animation>
    <animation id="Spine2-anim" name="Spine2"><source id="Spine2-Matrix-animation-input"><float_array id="Spine2-Matrix-animation-input-array" count="25">

0.000000 0.033333 0.066667 0.100000 0.133333 0.166667 0.200000 0.233333 0.266667 0.300000 0.333333 0.366667 0.400000 0.433333 0.466667 0.500000
0.533333 0.566667 0.600000 0.633333 0.666667 0.700000 0.733333 0.766667 0.800000</float_array><technique_common><accessor source="#Spine2-Matrix-animation-input-array" count="25"><param name="TIME" type="float"/></accessor></technique_common></source><source id="Spine2-Matrix-animation-output-transform"><float_array id="Spine2-Matrix-animation-output-transform-array" count="400">

0.999754 0.006996 -0.021053 0.021700 -0.007316 0.999859 -0.015129 14.099800 0.020944 0.015279 0.999664 -1.489600 0.000000 0.000000 0.000000 1.000000
0.999355 0.009157 -0.034731 0.021700 -0.009472 0.999916 -0.008898 14.099800 0.034647 0.009221 0.999357 -1.489600 0.000000 0.000000 0.000000 1.000000
0.998797 0.011747 -0.047612 0.021700 -0.011943 0.999921 -0.003835 14.099800 0.047564 0.004399 0.998859 -1.489600 0.000000 0.000000 0.000000 1.000000
0.998313 0.014784 -0.056147 0.021700 -0.015001 0.999882 -0.003448 14.099800 0.056089 0.004284 0.998417 -1.489600 0.000000 0.000000 0.000000 1.000000
0.998131 0.016003 -0.058972 0.021700 -0.016412 0.999844 -0.006458 14.099800 0.058859 0.007414 0.998239 -1.489600 0.000000 0.000000 0.000000 1.000000
0.998220 0.013739 -0.058031 0.021700 -0.014266 0.999861 -0.008673 14.099800 0.057904 0.009486 0.998277 -1.489600 0.000000 0.000000 0.000000 1.000000
0.998364 0.009829 -0.056319 0.021700 -0.010438 0.999890 -0.010537 14.099800 0.056209 0.011108 0.998357 -1.489600 0.000000 0.000000 0.000000 1.000000
0.998590 0.005224 -0.052832 0.021700 -0.006111 0.999843 -0.016626 14.099800 0.052737 0.016925 0.998465 -1.489600 0.000000 0.000000 0.000000 1.000000
0.998876 0.004382 -0.047198 0.021700 -0.005336 0.999783 -0.020114 14.099800 0.047099 0.020343 0.998683 -1.489600 0.000000 0.000000 0.000000 1.000000
0.999353 0.004081 -0.035742 0.021700 -0.004787 0.999795 -0.019688 14.099800 0.035655 0.019846 0.999167 -1.489600 0.000000 0.000000 0.000000 1.000000
0.999780 0.002737 -0.020790 0.021700 -0.003076 0.999863 -0.016276 14.099800 0.020743 0.016336 0.999651 -1.489600 0.000000 0.000000 0.000000 1.000000
0.999989 0.002259 -0.004092 0.021700 -0.002317 0.999895 -0.014329 14.099800 0.004059 0.014338 0.999889 -1.489600 0.000000 0.000000 0.000000 1.000000
0.999915 0.004942 0.012075 0.021700 -0.004802 0.999922 -0.011545 14.099800 -0.012131 0.011486 0.999860 -1.489600 0.000000 0.000000 0.000000 1.000000
0.999710 0.004579 0.023632 0.021700 -0.004451 0.999975 -0.005492 14.099800 -0.023656 0.005385 0.999706 -1.489600 0.000000 0.000000 0.000000 1.000000
0.999469 0.000553 0.032569 0.021700 -0.000458 0.999996 -0.002940 14.099800 -0.032570 0.002924 0.999465 -1.489600 0.000000 0.000000 0.000000 1.000000
0.999329 -0.001086 0.036616 0.021700 0.001254 0.999989 -0.004566 14.099800 -0.036610 0.004609 0.999319 -1.489600 0.000000 0.000000 0.000000 1.000000
0.999244 0.000428 0.038882 0.021700 -0.000021 0.999945 -0.010459 14.099800 -0.038885 0.010451 0.999189 -1.489600 0.000000 0.000000 0.000000 1.000000
0.999171 0.002391 0.040628 0.021700 -0.001682 0.999846 -0.017482 14.099800 -0.040664 0.017399 0.999021 -1.489600 0.000000 0.000000 0.000000 1.000000
0.999137 0.005646 0.041143 0.021700 -0.004742 0.999746 -0.022035 14.099800 -0.041257 0.021821 0.998910 -1.489600 0.000000 0.000000 0.000000 1.000000
0.999259 0.011400 0.036765 0.021700 -0.010540 0.999668 -0.023503 14.099800 -0.037020 0.023099 0.999048 -1.489600 0.000000 0.000000 0.000000 1.000000
0.999435 0.013903 0.030603 0.021700 -0.013126 0.999590 -0.025449 14.099800 -0.030944 0.025033 0.999208 -1.489600 0.000000 0.000000 0.000000 1.000000
0.999660 0.012733 0.022763 0.021700 -0.012105 0.999548 -0.027502 14.099800 -0.023103 0.027217 0.999363 -1.489600 0.000000 0.000000 0.000000 1.000000
0.999892 0.011144 0.009626 0.021700 -0.010903 0.999635 -0.024738 14.099800 -0.009898 0.024631 0.999648 -1.489600 0.000000 0.000000 0.000000 1.000000
0.999944 0.009129 -0.005439 0.021700 -0.009237 0.999754 -0.020176 14.099800 0.005253 0.020225 0.999782 -1.489600 0.000000 0.000000 0.000000 1.000000
0.999754 0.006996 -0.021053 0.021700 -0.007316 0.999859 -0.015129 14.099800 0.020944 0.015279 0.999664 -1.489600 0.000000 0.000000 0.000000 1.000000</float_array><technique_common><accessor source="#Spine2-Matrix-animation-output-transform-array" count="25" stride="16"><param type="float4x4"/></accessor></technique_common></source><source id="Spine2-Interpolations"><Name_array id="Spine2-Interpolations-array" count="25">
 LINEAR LINEAR LINEAR LINEAR LINEAR LINEAR LINEAR LINEAR LINEAR LINEAR LINEAR
LINEAR LINEAR LINEAR LINEAR LINEAR LINEAR LINEAR LINEAR LINEAR LINEAR LINEAR LINEAR
LINEAR LINEAR</Name_array><technique_common><accessor source="#Spine2-Interpolations-array" count="25"><param type="name"/></accessor></technique_common></source><sampler id="Spine2-Matrix-animation-transform"><input semantic="INPUT" source="#Spine2-Matrix-animation-input"/><input semantic="OUTPUT" source="#Spine2-Matrix-animation-output-transform"/><input semantic="INTERPOLATION" source="#Spine2-Interpolations"/></sampler><channel source="#Spine2-Matrix-animation-transform" target="Spine2/matrix"/></animation>
    <animation id="Neck-anim" name="Neck"><source id="Neck-Matrix-animation-input"><float_array id="Neck-Matrix-animation-input-array" count="25">

0.000000 0.033333 0.066667 0.100000 0.133333 0.166667 0.200000 0.233333 0.266667 0.300000 0.333333 0.366667 0.400000 0.433333 0.466667 0.500000
0.533333 0.566667 0.600000 0.633333 0.666667 0.700000 0.733333 0.766667 0.800000</float_array><technique_common><accessor source="#Neck-Matrix-animation-input-array" count="25"><param name="TIME" type="float"/></accessor></technique_common></source><source id="Neck-Matrix-animation-output-transform"><float_array id="Neck-Matrix-animation-output-transform-array" count="400">

0.997359 0.069141 0.022260 0.024400 -0.069672 0.997280 0.024062 15.862300 -0.020536 -0.025549 0.999463 -1.675800 0.000000 0.000000 0.000000 1.000000
0.995788 0.084419 0.035787 0.024400 -0.084545 0.996418 0.002017 15.862300 -0.035488 -0.005034 0.999357 -1.675800 0.000000 0.000000 0.000000 1.000000
0.994233 0.095044 0.049667 0.024400 -0.094367 0.995412 -0.015806 15.862300 -0.050942 0.011028 0.998641 -1.675800 0.000000 0.000000 0.000000 1.000000
0.993529 0.093310 0.064760 0.024400 -0.092438 0.995584 -0.016339 15.862300 -0.065998 0.010247 0.997767 -1.675800 0.000000 0.000000 0.000000 1.000000
0.992823 0.088859 0.080037 0.024400 -0.089147 0.996018 0.000027 15.862300 -0.079716 -0.007162 0.996792 -1.675800 0.000000 0.000000 0.000000 1.000000
0.991603 0.088843 0.093974 0.024400 -0.091941 0.995337 0.029167 15.862300 -0.090945 -0.037562 0.995147 -1.675800 0.000000 0.000000 0.000000 1.000000
0.990142 0.090982 0.106494 0.024400 -0.098003 0.993212 0.062654 15.862300 -0.100071 -0.072473 0.992337 -1.675800 0.000000 0.000000 0.000000 1.000000
0.988294 0.100866 0.114462 0.024400 -0.110931 0.990165 0.085249 15.862300 -0.104738 -0.096949 0.989763 -1.675800 0.000000 0.000000 0.000000 1.000000
0.989567 0.090398 0.112182 0.024400 -0.100866 0.990689 0.091439 15.862300 -0.102872 -0.101801 0.989472 -1.675800 0.000000 0.000000 0.000000 1.000000
0.992137 0.075908 0.099514 0.024400 -0.083599 0.993633 0.075536 15.862300 -0.093147 -0.083261 0.992165 -1.675800 0.000000 0.000000 0.000000 1.000000
0.994415 0.065054 0.083101 0.024400 -0.069769 0.996038 0.055148 15.862300 -0.079184 -0.060638 0.995014 -1.675800 0.000000 0.000000 0.000000 1.000000
0.996428 0.052714 0.065976 0.024400 -0.055984 0.997242 0.048733 15.862300 -0.063226 -0.052252 0.996630 -1.675800 0.000000 0.000000 0.000000 1.000000
0.998159 0.036321 0.048564 0.024400 -0.038895 0.997828 0.053161 15.862300 -0.046528 -0.054952 0.997404 -1.675800 0.000000 0.000000 0.000000 1.000000
0.998678 0.038654 0.033889 0.024400 -0.040154 0.998191 0.044746 15.862300 -0.032098 -0.046047 0.998423 -1.675800 0.000000 0.000000 0.000000 1.000000
0.998813 0.044854 0.018978 0.024400 -0.045537 0.998269 0.037220 15.862300 -0.017276 -0.038041 0.999127 -1.675800 0.000000 0.000000 0.000000 1.000000
0.998772 0.048967 0.007552 0.024400 -0.049262 0.997743 0.045628 15.862300 -0.005301 -0.045944 0.998930 -1.675800 0.000000 0.000000 0.000000 1.000000
0.998341 0.057471 -0.003377 0.024400 -0.057186 0.996737 0.056965 15.862300 0.006640 -0.056678 0.998370 -1.675800 0.000000 0.000000 0.000000 1.000000
0.997647 0.066978 -0.014664 0.024400 -0.065965 0.995946 0.061151 15.862300 0.018700 -0.060040 0.998021 -1.675800 0.000000 0.000000 0.000000 1.000000
0.996431 0.080132 -0.026519 0.024400 -0.078507 0.995253 0.057511 15.862300 0.031001 -0.055223 0.997993 -1.675800 0.000000 0.000000 0.000000 1.000000
0.996963 0.071997 -0.029693 0.024400 -0.069789 0.995127 0.069661 15.862300 0.034563 -0.067378 0.997129 -1.675800 0.000000 0.000000 0.000000 1.000000
0.997177 0.070321 -0.026326 0.024400 -0.068025 0.994489 0.079782 15.862300 0.031791 -0.077766 0.996465 -1.675800 0.000000 0.000000 0.000000 1.000000
0.996929 0.076172 -0.018157 0.024400 -0.074423 0.993783 0.082809 15.862300 0.024352 -0.081204 0.996400 -1.675800 0.000000 0.000000 0.000000 1.000000
0.996915 0.078158 -0.007200 0.024400 -0.077465 0.994533 0.070018 15.862300 0.012633 -0.069245 0.997520 -1.675800 0.000000 0.000000 0.000000 1.000000
0.997464 0.070744 0.007738 0.024400 -0.071053 0.996099 0.052337 15.862300 -0.004005 -0.052755 0.998599 -1.675800 0.000000 0.000000 0.000000 1.000000
0.997359 0.069140 0.022260 0.024400 -0.069672 0.997280 0.024062 15.862300 -0.020535 -0.025549 0.999463 -1.675800 0.000000 0.000000 0.000000 1.000000</float_array><technique_common><accessor source="#Neck-Matrix-animation-output-transform-array" count="25" stride="16"><param type="float4x4"/></accessor></technique_common></source><source id="Neck-Interpolations"><Name_array id="Neck-Interpolations-array" count="25">
 LINEAR LINEAR LINEAR LINEAR LINEAR LINEAR LINEAR LINEAR LINEAR LINEAR LINEAR
LINEAR LINEAR LINEAR LINEAR LINEAR LINEAR LINEAR LINEAR LINEAR LINEAR LINEAR LINEAR
LINEAR LINEAR</Name_array><technique_common><accessor source="#Neck-Interpolations-array" count="25"><param type="name"/></accessor></technique_common></source><sampler id="Neck-Matrix-animation-transform"><input semantic="INPUT" source="#Neck-Matrix-animation-input"/><input semantic="OUTPUT" source="#Neck-Matrix-animation-output-transform"/><input semantic="INTERPOLATION" source="#Neck-Interpolations"/></sampler><channel source="#Neck-Matrix-animation-transform" target="Neck/matrix"/></animation>
    <animation id="Head-anim" name="Head"><source id="Head-Matrix-animation-input"><float_array id="Head-Matrix-animation-input-array" count="25">

0.000000 0.033333 0.066667 0.100000 0.133333 0.166667 0.200000 0.233333 0.266667 0.300000 0.333333 0.366667 0.400000 0.433333 0.466667 0.500000
0.533333 0.566667 0.600000 0.633333 0.666667 0.700000 0.733333 0.766667 0.800000</float_array><technique_common><accessor source="#Head-Matrix-animation-input-array" count="25"><param name="TIME" type="float"/></accessor></technique_common></source><source id="Head-Matrix-animation-output-transform"><float_array id="Head-Matrix-animation-output-transform-array" count="400">

0.961514 0.098239 0.256591 0.000000 -0.117710 0.991134 0.061623 5.564000 -0.248263 -0.089454 0.964554 0.988100 0.000000 0.000000 0.000000 1.000000
0.957343 0.081902 0.277105 0.000000 -0.102763 0.992797 0.061591 5.564000 -0.270064 -0.087440 0.958864 0.988100 0.000000 0.000000 0.000000 1.000000
0.950772 0.069235 0.302059 0.000000 -0.090706 0.994209 0.057626 5.564000 -0.296320 -0.082188 0.951546 0.988100 0.000000 0.000000 0.000000 1.000000
0.938384 0.066290 0.339176 0.000000 -0.085678 0.995416 0.042494 5.564000 -0.334804 -0.068936 0.939763 0.988100 0.000000 0.000000 0.000000 1.000000
0.923323 0.065222 0.378446 0.000000 -0.081824 0.996255 0.027937 5.564000 -0.375206 -0.056760 0.925202 0.988100 0.000000 0.000000 0.000000 1.000000
0.909840 0.059943 0.410607 -0.000000 -0.077076 0.996705 0.025282 5.564000 -0.407738 -0.054650 0.911462 0.988100 0.000000 0.000000 0.000000 1.000000
0.897652 0.053773 0.437412 0.000000 -0.074908 0.996702 0.031197 5.564000 -0.434292 -0.060769 0.898720 0.988100 0.000000 0.000000 0.000000 1.000000
0.892277 0.046196 0.449119 0.000000 -0.075637 0.995988 0.047825 5.564000 -0.445107 -0.076643 0.892191 0.988100 0.000000 0.000000 0.000000 1.000000
0.890688 0.047701 0.452106 0.000000 -0.072239 0.996695 0.037157 5.564000 -0.448840 -0.065755 0.891190 0.988100 0.000000 0.000000 0.000000 1.000000
0.898358 0.050245 0.436380 -0.000000 -0.067251 0.997457 0.023599 5.564000 -0.434085 -0.050547 0.899453 0.988100 0.000000 0.000000 0.000000 1.000000
0.910864 0.049322 0.409749 0.000000 -0.064638 0.997630 0.023603 5.564000 -0.407614 -0.047985 0.911893 0.988100 0.000000 0.000000 0.000000 1.000000
0.922778 0.054440 0.381468 0.000000 -0.071978 0.996898 0.031847 5.564000 -0.378551 -0.056845 0.923833 0.988100 0.000000 0.000000 0.000000 1.000000
0.932894 0.067082 0.353849 0.000000 -0.083809 0.995963 0.032143 5.564000 -0.350264 -0.059642 0.934750 0.988100 0.000000 0.000000 0.000000 1.000000
0.946514 0.067038 0.315621 0.000000 -0.078097 0.996692 0.022504 5.564000 -0.313068 -0.045950 0.948618 0.988100 0.000000 0.000000 0.000000 1.000000
0.958507 0.077289 0.274392 0.000000 -0.086268 0.996055 0.020787 5.564000 -0.271703 -0.043595 0.961393 0.988100 0.000000 0.000000 0.000000 1.000000
0.966281 0.089215 0.241539 -0.000000 -0.097973 0.994888 0.024469 5.564000 -0.238122 -0.047309 0.970082 0.988100 0.000000 0.000000 0.000000 1.000000
0.974532 0.091355 0.204798 0.000000 -0.100559 0.994316 0.034970 5.564000 -0.200440 -0.054674 0.978179 0.988100 0.000000 0.000000 0.000000 1.000000
0.982357 0.087648 0.165203 0.000000 -0.096284 0.994336 0.044998 5.564000 -0.160324 -0.060111 0.985232 0.988100 0.000000 0.000000 0.000000 1.000000
0.989835 0.076381 0.119971 0.000000 -0.082938 0.995267 0.050638 5.564000 -0.115536 -0.060074 0.991485 0.988100 0.000000 0.000000 0.000000 1.000000
0.990206 0.078319 0.115579 0.000000 -0.082695 0.996010 0.033564 5.564000 -0.112489 -0.042793 0.992731 0.988100 0.000000 0.000000 0.000000 1.000000
0.988889 0.082480 0.123674 0.000000 -0.085768 0.996083 0.021491 5.564000 -0.121417 -0.031859 0.992090 0.988100 0.000000 0.000000 0.000000 1.000000
0.987195 0.079962 0.138029 0.000000 -0.084299 0.996105 0.025860 5.564000 -0.135424 -0.037165 0.990090 0.988100 0.000000 0.000000 0.000000 1.000000
0.983018 0.076521 0.166795 0.000000 -0.086118 0.994975 0.051071 5.564000 -0.162049 -0.064568 0.984668 0.988100 0.000000 0.000000 0.000000 1.000000
0.973277 0.083478 0.213922 -0.000000 -0.098459 0.993310 0.060343 5.564000 -0.207453 -0.079793 0.974985 0.988100 0.000000 0.000000 0.000000 1.000000
0.961514 0.098239 0.256591 0.000000 -0.117710 0.991134 0.061623 5.564000 -0.248263 -0.089455 0.964554 0.988100 0.000000 0.000000 0.000000 1.000000</float_array><technique_common><accessor source="#Head-Matrix-animation-output-transform-array" count="25" stride="16"><param type="float4x4"/></accessor></technique_common></source><source id="Head-Interpolations"><Name_array id="Head-Interpolations-array" count="25">
 LINEAR LINEAR LINEAR LINEAR LINEAR LINEAR LINEAR LINEAR LINEAR LINEAR LINEAR
LINEAR LINEAR LINEAR LINEAR LINEAR LINEAR LINEAR LINEAR LINEAR LINEAR LINEAR LINEAR
LINEAR LINEAR</Name_array><technique_common><accessor source="#Head-Interpolations-array" count="25"><param type="name"/></accessor></technique_common></source><sampler id="Head-Matrix-animation-transform"><input semantic="INPUT" source="#Head-Matrix-animation-input"/><input semantic="OUTPUT" source="#Head-Matrix-animation-output-transform"/><input semantic="INTERPOLATION" source="#Head-Interpolations"/></sampler><channel source="#Head-Matrix-animation-transform" target="Head/matrix"/></animation>
    <animation id="LeftShoulder-anim" name="LeftShoulder"><source id="LeftShoulder-Matrix-animation-input"><float_array id="LeftShoulder-Matrix-animation-input-array" count="25">

0.000000 0.033333 0.066667 0.100000 0.133333 0.166667 0.200000 0.233333 0.266667 0.300000 0.333333 0.366667 0.400000 0.433333 0.466667 0.500000
0.533333 0.566667 0.600000 0.633333 0.666667 0.700000 0.733333 0.766667 0.800000</float_array><technique_common><accessor source="#LeftShoulder-Matrix-animation-input-array" count="25"><param name="TIME" type="float"/></accessor></technique_common></source><source id="LeftShoulder-Matrix-animation-output-transform"><float_array id="LeftShoulder-Matrix-animation-output-transform-array" count="400">

0.969416 -0.001387 -0.245418 5.935000 0.006167 0.999806 0.018708 13.670200 0.245344 -0.019649 0.969237 -1.662600 0.000000 0.000000 0.000000 1.000000
0.966930 0.001609 -0.255035 5.935000 0.003032 0.999837 0.017801 13.670200 0.255022 -0.017986 0.966768 -1.662600 0.000000 0.000000 0.000000 1.000000
0.964430 0.004678 -0.264295 5.935000 -0.000188 0.999855 0.017011 13.670200 0.264337 -0.016357 0.964292 -1.662600 0.000000 0.000000 0.000000 1.000000
0.963617 0.009918 -0.267102 5.935000 -0.005503 0.999836 0.017271 13.670200 0.267229 -0.015173 0.963513 -1.662600 0.000000 0.000000 0.000000 1.000000
0.966701 0.018605 -0.255233 5.935000 -0.014143 0.999714 0.019310 13.670200 0.255519 -0.015058 0.966687 -1.662600 0.000000 0.000000 0.000000 1.000000
0.970669 0.031252 -0.238379 5.935000 -0.026725 0.999396 0.022200 13.670200 0.238929 -0.015179 0.970918 -1.662600 0.000000 0.000000 0.000000 1.000000
0.973043 0.052351 -0.224605 5.935000 -0.047724 0.998523 0.025982 13.670200 0.225633 -0.014562 0.974103 -1.662600 0.000000 0.000000 0.000000 1.000000
0.973858 0.078243 -0.213257 5.935000 -0.073528 0.996843 0.029963 13.670200 0.214928 -0.013499 0.976537 -1.662600 0.000000 0.000000 0.000000 1.000000
0.974194 0.094311 -0.205065 5.935000 -0.089584 0.995457 0.032234 13.670200 0.207174 -0.013032 0.978217 -1.662600 0.000000 0.000000 0.000000 1.000000
0.974523 0.101350 -0.200082 5.935000 -0.096631 0.994765 0.033236 13.670200 0.202403 -0.013055 0.979215 -1.662600 0.000000 0.000000 0.000000 1.000000
0.975001 0.103826 -0.196451 5.935000 -0.099113 0.994505 0.033699 13.670200 0.198870 -0.013385 0.979934 -1.662600 0.000000 0.000000 0.000000 1.000000
0.975685 0.106439 -0.191597 5.935000 -0.101747 0.994223 0.034194 13.670200 0.194130 -0.013868 0.980878 -1.662600 0.000000 0.000000 0.000000 1.000000
0.976679 0.111921 -0.183228 5.935000 -0.107296 0.993611 0.034993 13.670200 0.185973 -0.014517 0.982448 -1.662600 0.000000 0.000000 0.000000 1.000000
0.977988 0.119719 -0.170903 5.935000 -0.115240 0.992688 0.035930 13.670200 0.173955 -0.015444 0.984633 -1.662600 0.000000 0.000000 0.000000 1.000000
0.979179 0.126588 -0.158693 5.935000 -0.122285 0.991819 0.036634 13.670200 0.162032 -0.016465 0.986648 -1.662600 0.000000 0.000000 0.000000 1.000000
0.980124 0.130039 -0.149823 5.935000 -0.125873 0.991356 0.037002 13.670200 0.153340 -0.017408 0.988020 -1.662600 0.000000 0.000000 0.000000 1.000000
0.980741 0.126408 -0.148889 5.935000 -0.122226 0.991814 0.036953 13.670200 0.152341 -0.018043 0.988163 -1.662600 0.000000 0.000000 0.000000 1.000000
0.981098 0.117580 -0.153692 5.935000 -0.113266 0.992892 0.036565 13.670200 0.156898 -0.018466 0.987442 -1.662600 0.000000 0.000000 0.000000 1.000000
0.981127 0.105150 -0.162278 5.935000 -0.100641 0.994279 0.035781 13.670200 0.165112 -0.018774 0.986096 -1.662600 0.000000 0.000000 0.000000 1.000000
0.980627 0.089426 -0.174281 5.935000 -0.084700 0.995813 0.034384 13.670200 0.176627 -0.018956 0.984095 -1.662600 0.000000 0.000000 0.000000 1.000000
0.979506 0.071815 -0.188177 5.935000 -0.066901 0.997235 0.032345 13.670200 0.189980 -0.019093 0.981602 -1.662600 0.000000 0.000000 0.000000 1.000000
0.977710 0.053064 -0.203145 5.935000 -0.048030 0.998406 0.029635 13.670200 0.204394 -0.019217 0.978700 -1.662600 0.000000 0.000000 0.000000 1.000000
0.975291 0.034011 -0.218288 5.935000 -0.028964 0.999235 0.026280 13.670200 0.219015 -0.019308 0.975530 -1.662600 0.000000 0.000000 0.000000 1.000000
0.972439 0.015602 -0.232635 5.935000 -0.010646 0.999689 0.022544 13.670200 0.232915 -0.019446 0.972303 -1.662600 0.000000 0.000000 0.000000 1.000000
0.969416 -0.001387 -0.245418 5.935000 0.006166 0.999806 0.018708 13.670200 0.245344 -0.019649 0.969237 -1.662600 0.000000 0.000000 0.000000 1.000000</float_array><technique_common><accessor source="#LeftShoulder-Matrix-animation-output-transform-array" count="25" stride="16"><param type="float4x4"/></accessor></technique_common></source><source id="LeftShoulder-Interpolations"><Name_array id="LeftShoulder-Interpolations-array" count="25">
 LINEAR LINEAR LINEAR LINEAR LINEAR LINEAR LINEAR LINEAR LINEAR LINEAR LINEAR
LINEAR LINEAR LINEAR LINEAR LINEAR LINEAR LINEAR LINEAR LINEAR LINEAR LINEAR LINEAR
LINEAR LINEAR</Name_array><technique_common><accessor source="#LeftShoulder-Interpolations-array" count="25"><param type="name"/></accessor></technique_common></source><sampler id="LeftShoulder-Matrix-animation-transform"><input semantic="INPUT" source="#LeftShoulder-Matrix-animation-input"/><input semantic="OUTPUT" source="#LeftShoulder-Matrix-animation-output-transform"/><input semantic="INTERPOLATION" source="#LeftShoulder-Interpolations"/></sampler><channel source="#LeftShoulder-Matrix-animation-transform" target="LeftShoulder/matrix"/></animation>
    <animation id="LeftArm-anim" name="LeftArm"><source id="LeftArm-Matrix-animation-input"><float_array id="LeftArm-Matrix-animation-input-array" count="25">

0.000000 0.033333 0.066667 0.100000 0.133333 0.166667 0.200000 0.233333 0.266667 0.300000 0.333333 0.366667 0.400000 0.433333 0.466667 0.500000
0.533333 0.566667 0.600000 0.633333 0.666667 0.700000 0.733333 0.766667 0.800000</float_array><technique_common><accessor source="#LeftArm-Matrix-animation-input-array" count="25"><param name="TIME" type="float"/></accessor></technique_common></source><source id="LeftArm-Matrix-animation-output-transform"><float_array id="LeftArm-Matrix-animation-output-transform-array" count="400">

0.627006 0.673339 -0.391763 12.499400 -0.556488 0.739063 0.379615 -1.650000 0.545147 -0.020010 0.838102 0.026500 0.000000 0.000000 0.000000 1.000000
0.634372 0.663501 -0.396660 12.499400 -0.541432 0.747604 0.384629 -1.650000 0.551746 -0.029233 0.833500 0.026500 0.000000 0.000000 0.000000 1.000000
0.642072 0.651271 -0.404462 12.499400 -0.525905 0.758039 0.385747 -1.650000 0.557824 -0.034969 0.829222 0.026500 0.000000 0.000000 0.000000 1.000000
0.648972 0.634509 -0.419802 12.499400 -0.512909 0.772417 0.374563 -1.650000 0.561925 -0.027761 0.826722 0.026500 0.000000 0.000000 0.000000 1.000000
0.653577 0.611752 -0.445642 12.499400 -0.506451 0.791049 0.343147 -1.650000 0.562445 0.001422 0.826834 0.026500 0.000000 0.000000 0.000000 1.000000
0.659603 0.582263 -0.475283 12.499400 -0.499576 0.812087 0.301560 -1.650000 0.561558 0.038530 0.826540 0.026500 0.000000 0.000000 0.000000 1.000000
0.671802 0.540019 -0.507012 12.499400 -0.482670 0.838349 0.253378 -1.650000 0.561882 0.074499 0.823856 0.026500 0.000000 0.000000 0.000000 1.000000
0.687498 0.490016 -0.535939 12.499400 -0.457608 0.865384 0.204218 -1.650000 0.563863 0.104851 0.819185 0.026500 0.000000 0.000000 0.000000 1.000000
