<?xml version="1.0" encoding="utf-8"?>
<COLLADA xmlns="http://www.collada.org/2005/11/COLLADASchema" version="1.4.1">
  <asset><contributor><author>Mixamo</author><authoring_tool>COLLADA Mixamo exporter</authoring_tool><comments></comments></contributor><created>2018-12-22T16:25:38Z</created><modified>2018-12-22T16:25:38Z</modified><revision></revision><title></title><unit meter="0.010000"/><up_axis>Y_UP</up_axis></asset>
  <library_animations>
    <animation id="Hips-anim" name="Hips"><source id="Hips-Matrix-animation-input"><float_array id="Hips-Matrix-animation-input-array" count="54">

0.000000 0.033333 0.066667 0.100000 0.133333 0.166667 0.200000 0.233333 0.266667 0.300000 0.333333 0.366667 0.400000 0.433333 0.466667 0.500000
0.533333 0.566667 0.600000 0.633333 0.666667 0.700000 0.733333 0.766667 0.800000 0.833333 0.866667 0.900000 0.933333 0.966667 1.000000 1.033333
1.066667 1.100000 1.133333 1.166667 1.200000 1.233333 1.266667 1.300000 1.333333 1.366667 1.400000 1.433333 1.466667 1.500000 1.533333 1.566667
1.600000 1.633333 1.666667 1.700000 1.733333 1.766667</float_array><technique_common><accessor source="#Hips-Matrix-animation-input-array" count="54"><param name="TIME" type="float"/></accessor></technique_common></source><source id="Hips-Matrix-animation-output-transform"><float_array id="Hips-Matrix-animation-output-transform-array" count="864">

0.538750 0.055857 -0.840612 -0.815542 0.001656 0.997727 0.067359 100.260216 0.842464 -0.037681 0.537433 0.403686 0.000000 0.000000 0.000000 1.000000
0.548355 0.054826 -0.834447 -1.249314 -0.001277 0.997902 0.064726 100.801147 0.836245 -0.034428 0.547274 0.459522 0.000000 0.000000 0.000000 1.000000
0.556773 0.054401 -0.828881 -1.746770 -0.006625 0.998112 0.061057 101.379128 0.830638 -0.028504 0.556082 0.662377 0.000000 0.000000 0.000000 1.000000
0.565465 0.055659 -0.822892 -2.171030 -0.018111 0.998318 0.055079 101.858665 0.824573 -0.016242 0.565522 1.207575 0.000000 0.000000 0.000000 1.000000
0.578520 0.058317 -0.813581 -2.403589 -0.034312 0.998298 0.047159 102.285965 0.814946 0.000634 0.579537 2.344739 0.000000 0.000000 0.000000 1.000000
0.591727 0.063539 -0.803630 -2.466929 -0.054128 0.997771 0.039034 102.877327 0.804319 0.020401 0.593847 4.353187 0.000000 0.000000 0.000000 1.000000
0.601302 0.072215 -0.795752 -2.362684 -0.072855 0.996714 0.035400 103.685310 0.795693 0.036689 0.604587 7.606081 0.000000 0.000000 0.000000 1.000000
0.611618 0.079104 -0.787188 -2.085357 -0.077285 0.996204 0.040060 104.553635 0.787369 0.036337 0.615410 12.203180 0.000000 0.000000 0.000000 1.000000
0.626974 0.084120 -0.774485 -1.705495 -0.068401 0.996258 0.052835 105.349831 0.776032 0.019849 0.630382 17.409470 0.000000 0.000000 0.000000 1.000000
0.641721 0.092882 -0.761293 -1.159240 -0.057563 0.995673 0.072956 105.916649 0.764775 -0.002995 0.644291 22.160217 0.000000 0.000000 0.000000 1.000000
0.656714 0.099331 -0.747570 -0.682716 -0.037959 0.994385 0.098781 106.058563 0.753184 -0.036494 0.656797 26.081360 0.000000 0.000000 0.000000 1.000000
0.710858 0.109263 -0.694797 -1.152888 -0.026469 0.991316 0.128812 106.082222 0.702837 -0.073177 0.707577 31.232306 0.000000 0.000000 0.000000 1.000000
0.797475 0.114322 -0.592422 -2.668500 -0.039358 0.989650 0.137996 107.249855 0.602067 -0.086732 0.793721 35.875568 0.000000 0.000000 0.000000 1.000000
0.902296 0.105154 -0.418096 -5.070613 -0.051618 0.989172 0.137386 108.854340 0.428015 -0.102382 0.897954 39.888290 0.000000 0.000000 0.000000 1.000000
0.986581 0.084163 -0.139906 -8.751507 -0.064866 0.988419 0.137185 110.119484 0.149832 -0.126269 0.980615 43.912926 0.000000 0.000000 0.000000 1.000000
0.983325 0.026109 0.179974 -13.985593 -0.049697 0.990551 0.127828 111.706581 -0.174936 -0.134640 0.975330 48.476597 0.000000 0.000000 0.000000 1.000000
0.912995 -0.033155 0.406622 -19.935122 -0.012745 0.993888 0.109657 113.645416 -0.407772 -0.105299 0.906992 52.994324 0.000000 0.000000 0.000000 1.000000
0.854133 -0.049963 0.517649 -25.132120 0.009090 0.996657 0.081198 115.507874 -0.519975 -0.064649 0.851731 56.380695 0.000000 0.000000 0.000000 1.000000
0.794058 -0.057286 0.605137 -28.462172 0.022245 0.997621 0.065252 117.026970 -0.607435 -0.038353 0.793443 58.946636 0.000000 0.000000 0.000000 1.000000
0.728500 -0.056923 0.682677 -30.391951 0.032377 0.998289 0.048690 118.310204 -0.684280 -0.013367 0.729096 61.348328 0.000000 0.000000 0.000000 1.000000
0.687417 -0.052648 0.724352 -31.004150 0.032121 0.998597 0.042098 118.397057 -0.725552 -0.005672 0.688143 62.773914 0.000000 0.000000 0.000000 1.000000
0.673873 -0.055558 0.736755 -31.021572 0.029096 0.998391 0.048675 118.095795 -0.738274 -0.011364 0.674405 63.370682 0.000000 0.000000 0.000000 1.000000
0.674418 -0.054714 0.736319 -30.893795 0.025922 0.998390 0.050445 118.012985 -0.737894 -0.014934 0.674751 63.638966 0.000000 0.000000 0.000000 1.000000
0.681428 -0.052533 0.729998 -30.764395 0.022628 0.998456 0.050729 118.004585 -0.731536 -0.018050 0.681564 63.809036 0.000000 0.000000 0.000000 1.000000
0.685328 -0.051773 0.726391 -30.703077 0.019046 0.998403 0.053191 117.984894 -0.727985 -0.022618 0.685220 63.975441 0.000000 0.000000 0.000000 1.000000
0.685080 -0.052425 0.726579 -30.705454 0.016766 0.998278 0.056220 117.974388 -0.728275 -0.026333 0.684779 64.071640 0.000000 0.000000 0.000000 1.000000
0.686932 -0.054211 0.724696 -30.752970 0.017093 0.998143 0.058464 117.940727 -0.726520 -0.027773 0.686584 64.017387 0.000000 0.000000 0.000000 1.000000
0.693353 -0.059184 0.718163 -30.836634 0.019251 0.997787 0.063642 117.745895 -0.720341 -0.030301 0.692958 63.795296 0.000000 0.000000 0.000000 1.000000
0.707005 -0.065537 0.704165 -30.802063 0.019177 0.997107 0.073547 117.170860 -0.706948 -0.038494 0.706217 63.252937 0.000000 0.000000 0.000000 1.000000
0.739679 -0.065316 0.669783 -30.434828 0.011672 0.996374 0.084276 116.123184 -0.672859 -0.054519 0.737759 62.294483 0.000000 0.000000 0.000000 1.000000
0.794047 -0.058100 0.605073 -29.493519 -0.001005 0.995295 0.096887 114.693695 -0.607855 -0.077541 0.790253 61.005325 0.000000 0.000000 0.000000 1.000000
0.855970 -0.048261 0.514769 -27.848877 -0.010172 0.993869 0.110093 112.916740 -0.516926 -0.099473 0.850231 59.323090 0.000000 0.000000 0.000000 1.000000
0.913656 -0.043417 0.404164 -25.370893 -0.006957 0.992464 0.122340 110.770195 -0.406429 -0.114588 0.906468 57.186214 0.000000 0.000000 0.000000 1.000000
0.962785 -0.046232 0.266285 -21.866785 0.009199 0.990296 0.138672 108.551674 -0.270112 -0.131062 0.953867 54.822521 0.000000 0.000000 0.000000 1.000000
0.995489 -0.033546 0.088743 -17.459869 0.020089 0.988723 0.148400 107.095810 -0.092721 -0.145948 0.984938 52.144051 0.000000 0.000000 0.000000 1.000000
0.992915 0.007404 -0.118594 -12.672886 0.007569 0.992089 0.125306 107.271400 0.118583 -0.125316 0.985004 48.461926 0.000000 0.000000 0.000000 1.000000
0.945642 0.050151 -0.321318 -7.907844 -0.026884 0.996711 0.076446 108.310837 0.324095 -0.063653 0.943881 43.690884 0.000000 0.000000 0.000000 1.000000
0.840625 0.069573 -0.537131 -2.523534 -0.057077 0.997573 0.039886 108.895493 0.538602 -0.002871 0.842555 38.357346 0.000000 0.000000 0.000000 1.000000
0.719726 0.068852 -0.690835 2.142747 -0.054328 0.997604 0.042825 108.000916 0.692129 0.006710 0.721743 34.869984 0.000000 0.000000 0.000000 1.000000
0.649722 0.074232 -0.756539 4.520221 -0.063430 0.997044 0.043357 106.223465 0.757521 0.019817 0.652510 31.822792 0.000000 0.000000 0.000000 1.000000
0.596348 0.065390 -0.800058 5.466398 -0.064954 0.997339 0.033098 105.167664 0.800094 0.032229 0.599008 27.978954 0.000000 0.000000 0.000000 1.000000
0.534767 0.063362 -0.842621 5.146161 -0.067185 0.997216 0.032349 104.629128 0.842325 0.039312 0.537535 23.412832 0.000000 0.000000 0.000000 1.000000
0.504049 0.059154 -0.861647 3.563056 -0.068601 0.997242 0.028333 104.284081 0.860946 0.044829 0.506717 18.056553 0.000000 0.000000 0.000000 1.000000
0.494951 0.045444 -0.867732 1.978394 -0.060698 0.998000 0.017645 103.988174 0.866798 0.043936 0.496720 12.260610 0.000000 0.000000 0.000000 1.000000
0.489759 0.042569 -0.870818 0.860339 -0.053852 0.998377 0.018518 103.868713 0.870193 0.037826 0.491257 8.256543 0.000000 0.000000 0.000000 1.000000
0.491698 0.041673 -0.869768 -0.052272 -0.047265 0.998659 0.021129 103.474762 0.869482 0.030720 0.493008 5.705251 0.000000 0.000000 0.000000 1.000000
0.500040 0.040487 -0.865055 -0.577985 -0.038546 0.998957 0.024473 102.779182 0.865144 0.021107 0.501079 3.937146 0.000000 0.000000 0.000000 1.000000
0.510673 0.041212 -0.858787 -0.792408 -0.027110 0.999126 0.031826 102.066277 0.859347 0.007029 0.511344 2.746562 0.000000 0.000000 0.000000 1.000000
0.520191 0.042819 -0.852976 -0.883722 -0.016695 0.999061 0.039971 101.426109 0.853887 -0.006553 0.520417 1.946917 0.000000 0.000000 0.000000 1.000000
0.527148 0.044127 -0.848627 -0.898850 -0.009899 0.998902 0.045792 100.915833 0.849716 -0.015739 0.527006 1.436400 0.000000 0.000000 0.000000 1.000000
0.530332 0.046600 -0.846508 -0.890025 -0.005517 0.998657 0.051519 100.598915 0.847772 -0.022653 0.529877 1.084222 0.000000 0.000000 0.000000 1.000000
0.531500 0.050126 -0.845574 -0.866485 -0.001713 0.998309 0.058103 100.418182 0.847057 -0.029433 0.530687 0.808408 0.000000 0.000000 0.000000 1.000000
0.534395 0.053036 -0.843570 -0.833921 0.001212 0.997980 0.063511 100.315849 0.845234 -0.034962 0.533251 0.584120 0.000000 0.000000 0.000000 1.000000
0.538750 0.055857 -0.840612 -0.815542 0.001656 0.997727 0.067359 100.260216 0.842464 -0.037681 0.537433 0.403679 0.000000 0.000000 0.000000 1.000000</float_array><technique_common><accessor source="#Hips-Matrix-animation-output-transform-array" count="54" stride="16"><param type="float4x4"/></accessor></technique_common></source><source id="Hips-Interpolations"><Name_array id="Hips-Interpolations-array" count="54">
 LINEAR LINEAR LINEAR LINEAR LINEAR LINEAR LINEAR LINEAR LINEAR LINEAR LINEAR
LINEAR LINEAR LINEAR LINEAR LINEAR LINEAR LINEAR LINEAR LINEAR LINEAR LINEAR LINEAR
LINEAR LINEAR LINEAR LINEAR LINEAR LINEAR LINEAR LINEAR LINEAR LINEAR LINEAR LINEAR
LINEAR LINEAR LINEAR LINEAR LINEAR LINEAR LINEAR LINEAR LINEAR LINEAR LINEAR LINEAR
LINEAR LINEAR LINEAR LINEAR LINEAR LINEAR LINEAR</Name_array><technique_common><accessor source="#Hips-Interpolations-array" count="54"><param type="name"/></accessor></technique_common></source><sampler id="Hips-Matrix-animation-transform"><input semantic="INPUT" source="#Hips-Matrix-animation-input"/><input semantic="OUTPUT" source="#Hips-Matrix-animation-output-transform"/><input semantic="INTERPOLATION" source="#Hips-Interpolations"/></sampler><channel source="#Hips-Matrix-animation-transform" target="Hips/matrix"/></animation>
    <animation id="Spine-anim" name="Spine"><source id="Spine-Matrix-animation-input"><float_array id="Spine-Matrix-animation-input-array" count="54">

0.000000 0.033333 0.066667 0.100000 0.133333 0.166667 0.200000 0.233333 0.266667 0.300000 0.333333 0.366667 0.400000 0.433333 0.466667 0.500000
0.533333 0.566667 0.600000 0.633333 0.666667 0.700000 0.733333 0.766667 0.800000 0.833333 0.866667 0.900000 0.933333 0.966667 1.000000 1.033333
1.066667 1.100000 1.133333 1.166667 1.200000 1.233333 1.266667 1.300000 1.333333 1.366667 1.400000 1.433333 1.466667 1.500000 1.533333 1.566667
1.600000 1.633333 1.666667 1.700000 1.733333 1.766667</float_array><technique_common><accessor source="#Spine-Matrix-animation-input-array" count="54"><param name="TIME" type="float"/></accessor></technique_common></source><source id="Spine-Matrix-animation-output-transform"><float_array id="Spine-Matrix-animation-output-transform-array" count="864">

0.995351 0.064457 -0.071567 -0.139400 -0.084208 0.943061 -0.321784 9.938600 0.046751 0.326315 0.944104 0.799700 0.000000 0.000000 0.000000 1.000000
0.995196 0.064058 -0.074037 -0.139400 -0.084401 0.944584 -0.317234 9.938600 0.049613 0.321959 0.945453 0.799700 0.000000 0.000000 0.000000 1.000000
0.995292 0.063393 -0.073316 -0.139400 -0.083244 0.946547 -0.311639 9.938600 0.049642 0.316275 0.947368 0.799700 0.000000 0.000000 0.000000 1.000000
0.995756 0.057315 -0.072006 -0.139400 -0.076726 0.949067 -0.305589 9.938600 0.050824 0.309817 0.949437 0.799700 0.000000 0.000000 0.000000 1.000000
0.996334 0.045225 -0.072618 -0.139400 -0.065031 0.951906 -0.299409 9.938600 0.055585 0.303033 0.951358 0.799700 0.000000 0.000000 0.000000 1.000000
0.997143 0.027732 -0.070261 -0.139400 -0.047042 0.955754 -0.290383 9.938600 0.059099 0.292858 0.954328 0.799700 0.000000 0.000000 0.000000 1.000000
0.997779 0.008848 -0.066027 -0.139400 -0.026788 0.960766 -0.276065 9.938600 0.060994 0.277220 0.958868 0.799700 0.000000 0.000000 0.000000 1.000000
0.997750 0.001058 -0.067032 -0.139400 -0.018258 0.966367 -0.256518 9.938600 0.064506 0.257165 0.964212 0.799700 0.000000 0.000000 0.000000 1.000000
0.997422 0.006138 -0.071503 -0.139400 -0.023084 0.970824 -0.238678 9.938600 0.067952 0.239713 0.968463 0.799700 0.000000 0.000000 0.000000 1.000000
0.997059 0.015378 -0.075085 -0.139400 -0.032733 0.971266 -0.235735 9.938600 0.069303 0.237500 0.968912 0.799700 0.000000 0.000000 0.000000 1.000000
0.995654 0.038726 -0.084692 -0.139400 -0.058576 0.967430 -0.246268 9.938600 0.072396 0.250158 0.965495 0.799700 0.000000 0.000000 0.000000 1.000000
0.991777 0.067522 -0.108716 -0.139400 -0.093239 0.963119 -0.252405 9.938600 0.087663 0.260466 0.961495 0.799700 0.000000 0.000000 0.000000 1.000000
0.990057 0.073768 -0.119776 -0.139400 -0.101618 0.963838 -0.246352 9.938600 0.097271 0.256074 0.961751 0.799700 0.000000 0.000000 0.000000 1.000000
0.990712 0.067478 -0.118055 -0.139400 -0.094490 0.965956 -0.240833 9.938600 0.097785 0.249751 0.963360 0.799700 0.000000 0.000000 0.000000 1.000000
0.994965 0.037843 -0.092799 -0.139400 -0.059050 0.969528 -0.237756 9.938600 0.080974 0.242038 0.966882 0.799700 0.000000 0.000000 0.000000 1.000000
0.998873 0.021774 -0.042171 -0.139400 -0.030460 0.975519 -0.217796 9.938600 0.036396 0.218836 0.975083 0.799700 0.000000 0.000000 0.000000 1.000000
0.999003 0.027009 0.035553 -0.139400 -0.020221 0.983629 -0.179065 9.938600 -0.039808 0.178167 0.983195 0.799700 0.000000 0.000000 0.000000 1.000000
0.993433 0.020901 0.112488 -0.139400 -0.005235 0.990446 -0.137799 9.938600 -0.114293 0.136306 0.984052 0.799700 0.000000 0.000000 0.000000 1.000000
0.989801 0.008452 0.142207 -0.139400 0.007669 0.993630 -0.112434 9.938600 -0.142252 0.112378 0.983431 0.799700 0.000000 0.000000 0.000000 1.000000
0.988686 0.016233 0.149121 -0.139400 -0.004014 0.996634 -0.081877 9.938600 -0.149948 0.080352 0.985423 0.799700 0.000000 0.000000 0.000000 1.000000
0.988971 0.014608 0.147389 -0.139400 -0.005730 0.998153 -0.060479 9.938600 -0.148001 0.058968 0.987228 0.799700 0.000000 0.000000 0.000000 1.000000
0.988506 0.009007 0.150915 -0.139400 -0.000214 0.998306 -0.058182 9.938600 -0.151183 0.057481 0.986833 0.799700 0.000000 0.000000 0.000000 1.000000
0.987975 0.003615 0.154574 -0.139400 0.004811 0.998524 -0.054104 9.938600 -0.154541 0.054197 0.986499 0.799700 0.000000 0.000000 0.000000 1.000000
0.987547 -0.002021 0.157311 -0.139400 0.009984 0.998707 -0.049846 9.938600 -0.157007 0.050796 0.986290 0.799700 0.000000 0.000000 0.000000 1.000000
0.987569 -0.005894 0.157074 -0.139400 0.013812 0.998685 -0.049367 9.938600 -0.156576 0.050923 0.986352 0.799700 0.000000 0.000000 0.000000 1.000000
0.987752 -0.007236 0.155864 -0.139400 0.015432 0.998557 -0.051434 9.938600 -0.155267 0.053209 0.986439 0.799700 0.000000 0.000000 0.000000 1.000000
0.987651 -0.006320 0.156540 -0.139400 0.015119 0.998367 -0.055088 9.938600 -0.155936 0.056775 0.986134 0.799700 0.000000 0.000000 0.000000 1.000000
0.987321 -0.003767 0.158692 -0.139400 0.014201 0.997806 -0.064669 9.938600 -0.158101 0.066103 0.985208 0.799700 0.000000 0.000000 0.000000 1.000000
0.986602 -0.005098 0.163065 -0.139400 0.018654 0.996482 -0.081709 9.938600 -0.162074 0.083656 0.983226 0.799700 0.000000 0.000000 0.000000 1.000000
0.984522 -0.015557 0.174572 -0.139400 0.033441 0.994427 -0.099979 9.938600 -0.172044 0.104270 0.979555 0.799700 0.000000 0.000000 0.000000 1.000000
0.981596 -0.029363 0.188701 -0.139400 0.052372 0.991616 -0.118133 9.938600 -0.183650 0.125841 0.974903 0.799700 0.000000 0.000000 0.000000 1.000000
0.979587 -0.038557 0.197289 -0.139400 0.066339 0.988456 -0.136211 9.938600 -0.189760 0.146518 0.970837 0.799700 0.000000 0.000000 0.000000 1.000000
0.978980 -0.036970 0.200576 -0.139400 0.069321 0.985202 -0.156755 9.938600 -0.191812 0.167364 0.967056 0.799700 0.000000 0.000000 0.000000 1.000000
0.979708 -0.023259 0.199077 -0.139400 0.061131 0.980595 -0.186271 9.938600 -0.190882 0.194661 0.962118 0.799700 0.000000 0.000000 0.000000 1.000000
0.981618 -0.009844 0.190604 -0.139400 0.052111 0.974547 -0.218042 9.938600 -0.183606 0.223967 0.957146 0.799700 0.000000 0.000000 0.000000 1.000000
0.986277 0.002702 0.165080 -0.139400 0.037602 0.969912 -0.240535 9.938600 -0.160763 0.243441 0.956500 0.799700 0.000000 0.000000 0.000000 1.000000
0.992497 0.024281 0.119835 -0.139400 0.007468 0.966216 -0.257625 9.938600 -0.122042 0.256587 0.958785 0.799700 0.000000 0.000000 0.000000 1.000000
0.995428 0.064376 0.070554 -0.139400 -0.041301 0.956206 -0.289767 9.938600 -0.086119 0.285529 0.954493 0.799700 0.000000 0.000000 0.000000 1.000000
0.995620 0.087468 0.033022 -0.139400 -0.072216 0.943792 -0.322555 9.938600 -0.059379 0.318758 0.945974 0.799700 0.000000 0.000000 0.000000 1.000000
0.997227 0.074112 0.006747 -0.139400 -0.068086 0.945208 -0.319290 9.938600 -0.030041 0.317945 0.947633 0.799700 0.000000 0.000000 0.000000 1.000000
0.996894 0.078663 0.003749 -0.139400 -0.073733 0.949018 -0.306476 9.938600 -0.027667 0.305248 0.951871 0.799700 0.000000 0.000000 0.000000 1.000000
0.995998 0.088932 0.008870 -0.139400 -0.082095 0.949596 -0.302535 9.938600 -0.035328 0.300596 0.953097 0.799700 0.000000 0.000000 0.000000 1.000000
0.995656 0.093093 -0.001584 -0.139400 -0.089472 0.951955 -0.292878 9.938600 -0.025757 0.291747 0.956149 0.799700 0.000000 0.000000 0.000000 1.000000
0.996029 0.087442 -0.016724 -0.139400 -0.088540 0.953318 -0.288698 9.938600 -0.009301 0.289032 0.957274 0.799700 0.000000 0.000000 0.000000 1.000000
0.996445 0.079244 -0.028589 -0.139400 -0.084146 0.952505 -0.292668 9.938600 0.004039 0.294033 0.955787 0.799700 0.000000 0.000000 0.000000 1.000000
0.996502 0.074035 -0.038751 -0.139400 -0.082121 0.953429 -0.290223 9.938600 0.015460 0.292390 0.956174 0.799700 0.000000 0.000000 0.000000 1.000000
0.996389 0.068081 -0.050739 -0.139400 -0.079963 0.953350 -0.291084 9.938600 0.028555 0.294090 0.955351 0.799700 0.000000 0.000000 0.000000 1.000000
0.996072 0.065567 -0.059511 -0.139400 -0.080473 0.950701 -0.299487 9.938600 0.036941 0.303100 0.952243 0.799700 0.000000 0.000000 0.000000 1.000000
0.995835 0.065589 -0.063336 -0.139400 -0.082001 0.947972 -0.307611 9.938600 0.039865 0.311524 0.949402 0.799700 0.000000 0.000000 0.000000 1.000000
0.995707 0.064827 -0.066069 -0.139400 -0.082304 0.946676 -0.311498 9.938600 0.042352 0.315598 0.947947 0.799700 0.000000 0.000000 0.000000 1.000000
0.995589 0.064895 -0.067766 -0.139400 -0.083035 0.945688 -0.314292 9.938600 0.043690 0.318532 0.946905 0.799700 0.000000 0.000000 0.000000 1.000000
0.995434 0.066401 -0.068569 -0.139400 -0.084876 0.944415 -0.317611 9.938600 0.043668 0.321980 0.945739 0.799700 0.000000 0.000000 0.000000 1.000000
0.995293 0.066824 -0.070191 -0.139400 -0.085920 0.943477 -0.320108 9.938600 0.044833 0.324632 0.944777 0.799700 0.000000 0.000000 0.000000 1.000000
0.995351 0.064457 -0.071567 -0.139400 -0.084208 0.943061 -0.321784 9.938600 0.046751 0.326315 0.944104 0.799700 0.000000 0.000000 0.000000 1.000000</float_array><technique_common><accessor source="#Spine-Matrix-animation-output-transform-array" count="54" stride="16"><param type="float4x4"/></accessor></technique_common></source><source id="Spine-Interpolations"><Name_array id="Spine-Interpolations-array" count="54">
 LINEAR LINEAR LINEAR LINEAR LINEAR LINEAR LINEAR LINEAR LINEAR LINEAR LINEAR
LINEAR LINEAR LINEAR LINEAR LINEAR LINEAR LINEAR LINEAR LINEAR LINEAR LINEAR LINEAR
LINEAR LINEAR LINEAR LINEAR LINEAR LINEAR LINEAR LINEAR LINEAR LINEAR LINEAR LINEAR
LINEAR LINEAR LINEAR LINEAR LINEAR LINEAR LINEAR LINEAR LINEAR LINEAR LINEAR LINEAR
LINEAR LINEAR LINEAR LINEAR LINEAR LINEAR LINEAR</Name_array><technique_common><accessor source="#Spine-Interpolations-array" count="54"><param type="name"/></accessor></technique_common></source><sampler id="Spine-Matrix-animation-transform"><input semantic="INPUT" source="#Spine-Matrix-animation-input"/><input semantic="OUTPUT" source="#Spine-Matrix-animation-output-transform"/><input semantic="INTERPOLATION" source="#Spine-Interpolations"/></sampler><channel source="#Spine-Matrix-animation-transform" target="Spine/matrix"/></animation>
    <animation id="Spine1-anim" name="Spine1"><source id="Spine1-Matrix-animation-input"><float_array id="Spine1-Matrix-animation-input-array" count="54">

0.000000 0.033333 0.066667 0.100000 0.133333 0.166667 0.200000 0.233333 0.266667 0.300000 0.333333 0.366667 0.400000 0.433333 0.466667 0.500000
0.533333 0.566667 0.600000 0.633333 0.666667 0.700000 0.733333 0.766667 0.800000 0.833333 0.866667 0.900000 0.933333 0.966667 1.000000 1.033333
1.066667 1.100000 1.133333 1.166667 1.200000 1.233333 1.266667 1.300000 1.333333 1.366667 1.400000 1.433333 1.466667 1.500000 1.533333 1.566667
1.600000 1.633333 1.666667 1.700000 1.733333 1.766667</float_array><technique_common><accessor source="#Spine1-Matrix-animation-input-array" count="54"><param name="TIME" type="float"/></accessor></technique_common></source><source id="Spine1-Matrix-animation-output-transform"><float_array id="Spine1-Matrix-animation-output-transform-array" count="864">

0.999714 0.018103 -0.015654 -0.162600 -0.019439 0.995759 -0.089923 11.595000 0.013960 0.090202 0.995826 -0.285800 0.000000 0.000000 0.000000 1.000000
0.999700 0.018058 -0.016569 -0.162600 -0.019458 0.995874 -0.088634 11.595000 0.014900 0.088930 0.995926 -0.285800 0.000000 0.000000 0.000000 1.000000
0.999699 0.017985 -0.016667 -0.162600 -0.019369 0.996021 -0.086983 11.595000 0.015036 0.087280 0.996070 -0.285800 0.000000 0.000000 0.000000 1.000000
0.999717 0.016830 -0.016821 -0.162600 -0.018204 0.996202 -0.085151 11.595000 0.015324 0.085433 0.996226 -0.285800 0.000000 0.000000 0.000000 1.000000
0.999737 0.014462 -0.017812 -0.162600 -0.015897 0.996402 -0.083250 11.595000 0.016544 0.083511 0.996370 -0.285800 0.000000 0.000000 0.000000 1.000000
0.999782 0.010420 -0.018118 -0.162600 -0.011846 0.996686 -0.080480 11.595000 0.017219 0.080677 0.996592 -0.285800 0.000000 0.000000 0.000000 1.000000
0.999825 0.005866 -0.017766 -0.162600 -0.007204 0.997066 -0.076211 11.595000 0.017267 0.076325 0.996933 -0.285800 0.000000 0.000000 0.000000 1.000000
0.999818 0.004690 -0.018501 -0.162600 -0.005985 0.997490 -0.070557 11.595000 0.018124 0.070655 0.997336 -0.285800 0.000000 0.000000 0.000000 1.000000
0.999779 0.006820 -0.019910 -0.162600 -0.008110 0.997823 -0.065453 11.595000 0.019420 0.065600 0.997657 -0.285800 0.000000 0.000000 0.000000 1.000000
0.999746 0.008436 -0.020917 -0.162600 -0.009772 0.997862 -0.064620 11.595000 0.020327 0.064808 0.997691 -0.285800 0.000000 0.000000 0.000000 1.000000
0.999660 0.011520 -0.023382 -0.162600 -0.013083 0.997611 -0.067827 11.595000 0.022545 0.068110 0.997423 -0.285800 0.000000 0.000000 0.000000 1.000000
0.999417 0.016295 -0.029987 -0.162600 -0.018360 0.997383 -0.069924 11.595000 0.028769 0.070434 0.997102 -0.285800 0.000000 0.000000 0.000000 1.000000
0.999271 0.019055 -0.033072 -0.162600 -0.021270 0.997460 -0.067975 11.595000 0.031693 0.068628 0.997139 -0.285800 0.000000 0.000000 0.000000 1.000000
0.999219 0.021480 -0.033155 -0.162600 -0.023627 0.997556 -0.065761 11.595000 0.031661 0.066493 0.997284 -0.285800 0.000000 0.000000 0.000000 1.000000
0.999499 0.016498 -0.026997 -0.162600 -0.018210 0.997756 -0.064424 11.595000 0.025873 0.064883 0.997557 -0.285800 0.000000 0.000000 0.000000 1.000000
0.999863 0.010745 -0.012585 -0.162600 -0.011473 0.998176 -0.059263 11.595000 0.011926 0.059399 0.998163 -0.285800 0.000000 0.000000 0.000000 1.000000
0.999906 0.009639 0.009798 -0.162600 -0.009150 0.998768 -0.048780 11.595000 -0.010256 0.048686 0.998761 -0.285800 0.000000 0.000000 0.000000 1.000000
0.999481 0.007393 0.031345 -0.162600 -0.006235 0.999301 -0.036863 11.595000 -0.031596 0.036649 0.998829 -0.285800 0.000000 0.000000 0.000000 1.000000
0.999213 0.002725 0.039568 -0.162600 -0.001564 0.999568 -0.029353 11.595000 -0.039631 0.029268 0.998786 -0.285800 0.000000 0.000000 0.000000 1.000000
0.999149 0.003359 0.041100 -0.162600 -0.002513 0.999784 -0.020628 11.595000 -0.041161 0.020507 0.998942 -0.285800 0.000000 0.000000 0.000000 1.000000
0.999184 0.002978 0.040276 -0.162600 -0.002377 0.999885 -0.014957 11.595000 -0.040316 0.014849 0.999077 -0.285800 0.000000 0.000000 0.000000 1.000000
0.999150 0.001381 0.041194 -0.162600 -0.000787 0.999895 -0.014451 11.595000 -0.041210 0.014406 0.999047 -0.285800 0.000000 0.000000 0.000000 1.000000
0.999109 0.000105 0.042193 -0.162600 0.000461 0.999910 -0.013397 11.595000 -0.042190 0.013404 0.999020 -0.285800 0.000000 0.000000 0.000000 1.000000
0.999076 -0.001274 0.042958 -0.162600 0.001804 0.999923 -0.012291 11.595000 -0.042939 0.012357 0.999001 -0.285800 0.000000 0.000000 0.000000 1.000000
0.999076 -0.002299 0.042917 -0.162600 0.002827 0.999921 -0.012235 11.595000 -0.042885 0.012345 0.999004 -0.285800 0.000000 0.000000 0.000000 1.000000
0.999089 -0.002614 0.042607 -0.162600 0.003164 0.999912 -0.012861 11.595000 -0.042569 0.012984 0.999009 -0.285800 0.000000 0.000000 0.000000 1.000000
0.999081 -0.002269 0.042808 -0.162600 0.002865 0.999900 -0.013883 11.595000 -0.042772 0.013993 0.998987 -0.285800 0.000000 0.000000 0.000000 1.000000
0.999055 -0.001631 0.043437 -0.162600 0.002349 0.999861 -0.016495 11.595000 -0.043404 0.016582 0.998920 -0.285800 0.000000 0.000000 0.000000 1.000000
0.998996 -0.001858 0.044765 -0.162600 0.002809 0.999772 -0.021185 11.595000 -0.044716 0.021289 0.998773 -0.285800 0.000000 0.000000 0.000000 1.000000
0.998832 -0.003949 0.048162 -0.162600 0.005221 0.999640 -0.026309 11.595000 -0.048041 0.026530 0.998493 -0.285800 0.000000 0.000000 0.000000 1.000000
0.998608 -0.006480 0.052343 -0.162600 0.008139 0.999470 -0.031526 11.595000 -0.052111 0.031908 0.998131 -0.285800 0.000000 0.000000 0.000000 1.000000
0.998457 -0.007927 0.054957 -0.162600 0.009957 0.999274 -0.036766 11.595000 -0.054625 0.037256 0.997812 -0.285800 0.000000 0.000000 0.000000 1.000000
0.998403 -0.007205 0.056035 -0.162600 0.009599 0.999047 -0.042571 11.595000 -0.055675 0.043041 0.997521 -0.285800 0.000000 0.000000 0.000000 1.000000
0.998426 -0.004113 0.055938 -0.162600 0.006951 0.998693 -0.050627 11.595000 -0.055657 0.050936 0.997150 -0.285800 0.000000 0.000000 0.000000 1.000000
0.998533 -0.001425 0.054126 -0.162600 0.004639 0.998230 -0.059293 11.595000 -0.053946 0.059457 0.996772 -0.285800 0.000000 0.000000 0.000000 1.000000
0.998891 0.002496 0.047027 -0.162600 0.000602 0.997836 -0.065756 11.595000 -0.047089 0.065711 0.996727 -0.285800 0.000000 0.000000 0.000000 1.000000
0.999376 0.010893 0.033613 -0.162600 -0.008491 0.997455 -0.070796 11.595000 -0.034298 0.070467 0.996924 -0.285800 0.000000 0.000000 0.000000 1.000000
0.999537 0.022305 0.020681 -0.162600 -0.020594 0.996616 -0.079571 11.595000 -0.022386 0.079108 0.996615 -0.285800 0.000000 0.000000 0.000000 1.000000
0.999622 0.023787 0.013762 -0.162600 -0.022476 0.995807 -0.088671 11.595000 -0.015814 0.088328 0.995966 -0.285800 0.000000 0.000000 0.000000 1.000000
0.999827 0.017361 0.006710 -0.162600 -0.016704 0.995983 -0.087972 11.595000 -0.008211 0.087845 0.996100 -0.285800 0.000000 0.000000 0.000000 1.000000
0.999810 0.018845 0.005059 -0.162600 -0.018351 0.996262 -0.084408 11.595000 -0.006631 0.084300 0.996418 -0.285800 0.000000 0.000000 0.000000 1.000000
0.999703 0.023631 0.005994 -0.162600 -0.023050 0.996259 -0.083292 11.595000 -0.007940 0.083129 0.996507 -0.285800 0.000000 0.000000 0.000000 1.000000
0.999611 0.027799 0.002429 -0.162600 -0.027512 0.996356 -0.080736 11.595000 -0.004664 0.080638 0.996733 -0.285800 0.000000 0.000000 0.000000 1.000000
0.999650 0.026426 -0.001510 -0.162600 -0.026463 0.996466 -0.079717 11.595000 -0.000602 0.079729 0.996816 -0.285800 0.000000 0.000000 0.000000 1.000000
0.999723 0.023131 -0.004319 -0.162600 -0.023404 0.996441 -0.080979 11.595000 0.002431 0.081057 0.996706 -0.285800 0.000000 0.000000 0.000000 1.000000
0.999750 0.021240 -0.006991 -0.162600 -0.021734 0.996524 -0.080425 11.595000 0.005258 0.080557 0.996736 -0.285800 0.000000 0.000000 0.000000 1.000000
0.999759 0.019455 -0.010168 -0.162600 -0.020214 0.996522 -0.080845 11.595000 0.008560 0.081031 0.996675 -0.285800 0.000000 0.000000 0.000000 1.000000
0.999749 0.018644 -0.012428 -0.162600 -0.019617 0.996325 -0.083371 11.595000 0.010828 0.083594 0.996441 -0.285800 0.000000 0.000000 0.000000 1.000000
0.999739 0.018522 -0.013394 -0.162600 -0.019604 0.996124 -0.085749 11.595000 0.011754 0.085989 0.996227 -0.285800 0.000000 0.000000 0.000000 1.000000
0.999733 0.018273 -0.014151 -0.162600 -0.019435 0.996028 -0.086897 11.595000 0.012507 0.087149 0.996117 -0.285800 0.000000 0.000000 0.000000 1.000000
0.999726 0.018260 -0.014621 -0.162600 -0.019474 0.995955 -0.087721 11.595000 0.012960 0.087982 0.996038 -0.285800 0.000000 0.000000 0.000000 1.000000
0.999718 0.018612 -0.014779 -0.162600 -0.019851 0.995861 -0.088694 11.595000 0.013067 0.088963 0.995949 -0.285800 0.000000 0.000000 0.000000 1.000000
0.999709 0.018720 -0.015196 -0.162600 -0.020006 0.995791 -0.089441 11.595000 0.013458 0.089719 0.995876 -0.285800 0.000000 0.000000 0.000000 1.000000
0.999714 0.018103 -0.015654 -0.162600 -0.019439 0.995759 -0.089923 11.595000 0.013960 0.090202 0.995826 -0.285800 0.000000 0.000000 0.000000 1.000000</float_array><technique_common><accessor source="#Spine1-Matrix-animation-output-transform-array" count="54" stride="16"><param type="float4x4"/></accessor></technique_common></source><source id="Spine1-Interpolations"><Name_array id="Spine1-Interpolations-array" count="54">
 LINEAR LINEAR LINEAR LINEAR LINEAR LINEAR LINEAR LINEAR LINEAR LINEAR LINEAR
LINEAR LINEAR LINEAR LINEAR LINEAR LINEAR LINEAR LINEAR LINEAR LINEAR LINEAR LINEAR
LINEAR LINEAR LINEAR LINEAR LINEAR LINEAR LINEAR LINEAR LINEAR LINEAR LINEAR LINEAR
LINEAR LINEAR LINEAR LINEAR LINEAR LINEAR LINEAR LINEAR LINEAR LINEAR LINEAR LINEAR
LINEAR LINEAR LINEAR LINEAR LINEAR LINEAR LINEAR</Name_array><technique_common><accessor source="#Spine1-Interpolations-array" count="54"><param type="name"/></accessor></technique_common></source><sampler id="Spine1-Matrix-animation-transform"><input semantic="INPUT" source="#Spine1-Matrix-animation-input"/><input semantic="OUTPUT" source="#Spine1-Matrix-animation-output-transform"/><input semantic="INTERPOLATION" source="#Spine1-Interpolations"/></sampler><channel source="#Spine1-Matrix-animation-transform" target="Spine1/matrix"/></animation>
    <animation id="Spine2-anim" name="Spine2"><source id="Spine2-Matrix-animation-input"><float_array id="Spine2-Matrix-animation-input-array" count="54">

0.000000 0.033333 0.066667 0.100000 0.133333 0.166667 0.200000 0.233333 0.266667 0.300000 0.333333 0.366667 0.400000 0.433333 0.466667 0.500000
0.533333 0.566667 0.600000 0.633333 0.666667 0.700000 0.733333 0.766667 0.800000 0.833333 0.866667 0.900000 0.933333 0.966667 1.000000 1.033333
1.066667 1.100000 1.133333 1.166667 1.200000 1.233333 1.266667 1.300000 1.333333 1.366667 1.400000 1.433333 1.466667 1.500000 1.533333 1.566667
1.600000 1.633333 1.666667 1.700000 1.733333 1.766667</float_array><technique_common><accessor source="#Spine2-Matrix-animation-input-array" count="54"><param name="TIME" type="float"/></accessor></technique_common></source><source id="Spine2-Matrix-animation-output-transform"><float_array id="Spine2-Matrix-animation-output-transform-array" count="864">

0.999725 0.018118 -0.014907 -0.185800 -0.019389 0.995748 -0.090054 13.251400 0.013212 0.090318 0.995825 -1.022900 0.000000 0.000000 0.000000 1.000000
0.999711 0.018061 -0.015892 -0.185800 -0.019403 0.995864 -0.088763 13.251400 0.014223 0.089046 0.995926 -1.022900 0.000000 0.000000 0.000000 1.000000
0.999709 0.017981 -0.016066 -0.185800 -0.019314 0.996012 -0.087102 13.251400 0.014436 0.087387 0.996070 -1.022900 0.000000 0.000000 0.000000 1.000000
0.999726 0.016822 -0.016278 -0.185800 -0.018151 0.996193 -0.085262 13.251400 0.014782 0.085535 0.996226 -1.022900 0.000000 0.000000 0.000000 1.000000
0.999745 0.014445 -0.017338 -0.185800 -0.015842 0.996394 -0.083356 13.251400 0.016071 0.083610 0.996369 -1.022900 0.000000 0.000000 0.000000 1.000000
0.999789 0.010389 -0.017695 -0.185800 -0.011783 0.996678 -0.080580 13.251400 0.016799 0.080772 0.996591 -1.022900 0.000000 0.000000 0.000000 1.000000
0.999832 0.005814 -0.017383 -0.185800 -0.007125 0.997059 -0.076305 13.251400 0.016888 0.076416 0.996933 -1.022900 0.000000 0.000000 0.000000 1.000000
0.999823 0.004595 -0.018225 -0.185800 -0.005872 0.997485 -0.070636 13.251400 0.017855 0.070731 0.997336 -1.022900 0.000000 0.000000 0.000000 1.000000
0.999781 0.006664 -0.019834 -0.185800 -0.007951 0.997821 -0.065494 13.251400 0.019354 0.065637 0.997656 -1.022900 0.000000 0.000000 0.000000 1.000000
0.999745 0.008244 -0.021029 -0.185800 -0.009587 0.997865 -0.064610 13.251400 0.020451 0.064796 0.997689 -1.022900 0.000000 0.000000 0.000000 1.000000
0.999655 0.011295 -0.023715 -0.185800 -0.012879 0.997619 -0.067750 13.251400 0.022893 0.068032 0.997420 -1.022900 0.000000 0.000000 0.000000 1.000000
0.999401 0.015942 -0.030713 -0.185800 -0.018052 0.997405 -0.069689 13.251400 0.029523 0.070202 0.997096 -1.022900 0.000000 0.000000 0.000000 1.000000
0.999244 0.018601 -0.034132 -0.185800 -0.020876 0.997496 -0.067574 13.251400 0.032789 0.068235 0.997130 -1.022900 0.000000 0.000000 0.000000 1.000000
0.999187 0.020962 -0.034442 -0.185800 -0.023178 0.997599 -0.065262 13.251400 0.032991 0.066007 0.997274 -1.022900 0.000000 0.000000 0.000000 1.000000
0.999475 0.016042 -0.028165 -0.185800 -0.017819 0.997789 -0.064035 13.251400 0.027075 0.064503 0.997550 -1.022900 0.000000 0.000000 0.000000 1.000000
0.999856 0.010543 -0.013291 -0.185800 -0.011312 0.998186 -0.059139 13.251400 0.012643 0.059281 0.998161 -1.022900 0.000000 0.000000 0.000000 1.000000
0.999905 0.009774 0.009669 -0.185800 -0.009291 0.998767 -0.048772 13.251400 -0.010134 0.048678 0.998763 -1.022900 0.000000 0.000000 0.000000 1.000000
0.999471 0.007876 0.031566 -0.185800 -0.006720 0.999308 -0.036578 13.251400 -0.031832 0.036347 0.998832 -1.022900 0.000000 0.000000 0.000000 1.000000
0.999197 0.003416 0.039919 -0.185800 -0.002266 0.999582 -0.028814 13.251400 -0.040000 0.028701 0.998787 -1.022900 0.000000 0.000000 0.000000 1.000000
0.999138 0.004147 0.041300 -0.185800 -0.003320 0.999793 -0.020095 13.251400 -0.041374 0.019940 0.998945 -1.022900 0.000000 0.000000 0.000000 1.000000
0.999177 0.003789 0.040374 -0.185800 -0.003205 0.999889 -0.014519 13.251400 -0.040424 0.014377 0.999079 -1.022900 0.000000 0.000000 0.000000 1.000000
0.999144 0.002202 0.041307 -0.185800 -0.001623 0.999900 -0.014037 13.251400 -0.041334 0.013958 0.999048 -1.022900 0.000000 0.000000 0.000000 1.000000
0.999104 0.000965 0.042318 -0.185800 -0.000416 0.999916 -0.012978 13.251400 -0.042327 0.012948 0.999020 -1.022900 0.000000 0.000000 0.000000 1.000000
0.999071 -0.000383 0.043102 -0.185800 0.000895 0.999929 -0.011863 13.251400 -0.043094 0.011890 0.999000 -1.022900 0.000000 0.000000 0.000000 1.000000
0.999071 -0.001412 0.043080 -0.185800 0.001923 0.999928 -0.011810 13.251400 -0.043061 0.011882 0.999002 -1.022900 0.000000 0.000000 0.000000 1.000000
0.999083 -0.001742 0.042780 -0.185800 0.002276 0.999920 -0.012446 13.251400 -0.042755 0.012532 0.999007 -1.022900 0.000000 0.000000 0.000000 1.000000
0.999075 -0.001399 0.042982 -0.185800 0.001980 0.999907 -0.013476 13.251400 -0.042959 0.013549 0.998985 -1.022900 0.000000 0.000000 0.000000 1.000000
0.999048 -0.000768 0.043619 -0.185800 0.001471 0.999869 -0.016091 13.251400 -0.043601 0.016140 0.998919 -1.022900 0.000000 0.000000 0.000000 1.000000
0.998986 -0.001010 0.045007 -0.185800 0.001945 0.999783 -0.020747 13.251400 -0.044976 0.020813 0.998771 -1.022900 0.000000 0.000000 0.000000 1.000000
0.998817 -0.003078 0.048532 -0.185800 0.004333 0.999659 -0.025763 13.251400 -0.048436 0.025943 0.998489 -1.022900 0.000000 0.000000 0.000000 1.000000
0.998586 -0.005575 0.052874 -0.185800 0.007213 0.999499 -0.030831 13.251400 -0.052676 0.031169 0.998125 -1.022900 0.000000 0.000000 0.000000 1.000000
0.998427 -0.007038 0.055622 -0.185800 0.009048 0.999312 -0.035964 13.251400 -0.055331 0.036410 0.997804 -1.022900 0.000000 0.000000 0.000000 1.000000
0.998367 -0.006350 0.056768 -0.185800 0.008729 0.999090 -0.041755 13.251400 -0.056451 0.042182 0.997514 -1.022900 0.000000 0.000000 0.000000 1.000000
0.998386 -0.003300 0.056704 -0.185800 0.006132 0.998738 -0.049852 13.251400 -0.056468 0.050119 0.997146 -1.022900 0.000000 0.000000 0.000000 1.000000
0.998489 -0.000734 0.054945 -0.185800 0.003956 0.998276 -0.058568 13.251400 -0.054807 0.058696 0.996770 -1.022900 0.000000 0.000000 0.000000 1.000000
0.998856 0.002947 0.047720 -0.185800 0.000173 0.997869 -0.065249 13.251400 -0.047811 0.065182 0.996727 -1.022900 0.000000 0.000000 0.000000 1.000000
0.999361 0.011113 0.033969 -0.185800 -0.008692 0.997467 -0.070603 13.251400 -0.034667 0.070263 0.996926 -1.022900 0.000000 0.000000 0.000000 1.000000
0.999530 0.022377 0.020964 -0.185800 -0.020645 0.996622 -0.079491 13.251400 -0.022672 0.079021 0.996615 -1.022900 0.000000 0.000000 0.000000 1.000000
0.999613 0.023799 0.014383 -0.185800 -0.022434 0.995816 -0.088583 13.251400 -0.016432 0.088226 0.995965 -1.022900 0.000000 0.000000 0.000000 1.000000
0.999822 0.017380 0.007334 -0.185800 -0.016668 0.995987 -0.087932 13.251400 -0.008833 0.087794 0.996100 -1.022900 0.000000 0.000000 0.000000 1.000000
0.999807 0.018847 0.005534 -0.185800 -0.018313 0.996264 -0.084396 13.251400 -0.007104 0.084278 0.996417 -1.022900 0.000000 0.000000 0.000000 1.000000
0.999701 0.023618 0.006402 -0.185800 -0.023003 0.996260 -0.083287 13.251400 -0.008345 0.083115 0.996505 -1.022900 0.000000 0.000000 0.000000 1.000000
0.999610 0.027781 0.002695 -0.185800 -0.027472 0.996355 -0.080761 13.251400 -0.004929 0.080656 0.996730 -1.022900 0.000000 0.000000 0.000000 1.000000
0.999651 0.026410 -0.001071 -0.185800 -0.026411 0.996465 -0.079751 13.251400 -0.001039 0.079751 0.996814 -1.022900 0.000000 0.000000 0.000000 1.000000
0.999726 0.023119 -0.003705 -0.185800 -0.023343 0.996439 -0.081026 13.251400 0.001819 0.081091 0.996705 -1.022900 0.000000 0.000000 0.000000 1.000000
0.999755 0.021230 -0.006315 -0.185800 -0.021670 0.996520 -0.080493 13.251400 0.004584 0.080610 0.996735 -1.022900 0.000000 0.000000 0.000000 1.000000
0.999767 0.019451 -0.009412 -0.185800 -0.020150 0.996515 -0.080941 13.251400 0.007805 0.081112 0.996674 -1.022900 0.000000 0.000000 0.000000 1.000000
0.999758 0.018651 -0.011633 -0.185800 -0.019558 0.996317 -0.083485 13.251400 0.010033 0.083693 0.996441 -1.022900 0.000000 0.000000 0.000000 1.000000
0.999749 0.018533 -0.012604 -0.185800 -0.019549 0.996115 -0.085868 13.251400 0.010963 0.086093 0.996227 -1.022900 0.000000 0.000000 0.000000 1.000000
0.999743 0.018286 -0.013369 -0.185800 -0.019382 0.996018 -0.087021 13.251400 0.011725 0.087258 0.996117 -1.022900 0.000000 0.000000 0.000000 1.000000
0.999737 0.018273 -0.013855 -0.185800 -0.019421 0.995945 -0.087847 13.251400 0.012193 0.088093 0.996038 -1.022900 0.000000 0.000000 0.000000 1.000000
0.999728 0.018625 -0.014023 -0.185800 -0.019799 0.995851 -0.088820 13.251400 0.012310 0.089073 0.995949 -1.022900 0.000000 0.000000 0.000000 1.000000
0.999720 0.018735 -0.014444 -0.185800 -0.019955 0.995781 -0.089568 13.251400 0.012705 0.089831 0.995876 -1.022900 0.000000 0.000000 0.000000 1.000000
