<?xml version="1.0" encoding="utf-8"?>
<COLLADA xmlns="http://www.collada.org/2005/11/COLLADASchema" version="1.4.1">
  <asset><contributor><author>Mixamo</author><authoring_tool>COLLADA Mixamo exporter</authoring_tool><comments></comments></contributor><created>2018-12-22T16:28:50Z</created><modified>2018-12-22T16:28:50Z</modified><revision></revision><title></title><unit meter="0.010000"/><up_axis>Y_UP</up_axis></asset>
  <library_animations>
    <animation id="Hips-anim" name="Hips"><source id="Hips-Matrix-animation-input"><float_array id="Hips-Matrix-animation-input-array" count="46">

0.000000 0.033333 0.066667 0.100000 0.133333 0.166667 0.200000 0.233333 0.266667 0.300000 0.333333 0.366667 0.400000 0.433333 0.466667 0.500000
0.533333 0.566667 0.600000 0.633333 0.666667 0.700000 0.733333 0.766667 0.800000 0.833333 0.866667 0.900000 0.933333 0.966667 1.000000 1.033333
1.066667 1.100000 1.133333 1.166667 1.200000 1.233333 1.266667 1.300000 1.333333 1.366667 1.400000 1.433333 1.466667 1.500000</float_array><technique_common><accessor source="#Hips-Matrix-animation-input-array" count="46"><param name="TIME" type="float"/></accessor></technique_common></source><source id="Hips-Matrix-animation-output-transform"><float_array id="Hips-Matrix-animation-output-transform-array" count="736">

0.998762 -0.049357 0.006232 -10.653089 0.049021 0.997750 0.045741 109.253983 -0.008476 -0.045379 0.998934 0.226367 0.000000 0.000000 0.000000 1.000000
0.998692 -0.051133 -0.000203 -10.620451 0.051066 0.997159 0.055382 110.151154 -0.002630 -0.055320 0.998465 5.568921 0.000000 0.000000 0.000000 1.000000
0.998739 -0.050135 -0.002687 -10.454705 0.050203 0.996518 0.066569 110.670967 -0.000660 -0.066620 0.997778 10.855865 0.000000 0.000000 0.000000 1.000000
0.998773 -0.049484 -0.001914 -10.159128 0.049481 0.995681 0.078555 110.679680 -0.001982 -0.078553 0.996908 16.035168 0.000000 0.000000 0.000000 1.000000
0.998883 -0.047247 -0.000560 -9.614633 0.047118 0.995132 0.086552 110.101196 -0.003532 -0.086481 0.996247 21.126762 0.000000 0.000000 0.000000 1.000000
0.999200 -0.039519 -0.006075 -8.725837 0.039903 0.995236 0.088957 108.887817 0.002530 -0.089128 0.996017 26.204462 0.000000 0.000000 0.000000 1.000000
0.999537 -0.023555 -0.019285 -7.398247 0.025212 0.995556 0.090730 107.027771 0.017062 -0.091175 0.995689 31.474617 0.000000 0.000000 0.000000 1.000000
0.999221 -0.001970 -0.039408 -5.655824 0.005478 0.996006 0.089122 104.794594 0.039075 -0.089269 0.995241 36.972218 0.000000 0.000000 0.000000 1.000000
0.998157 0.016842 -0.058304 -3.761122 -0.012842 0.997581 0.068313 103.011986 0.059314 -0.067438 0.995959 42.230686 0.000000 0.000000 0.000000 1.000000
0.996462 0.036728 -0.075598 -1.482175 -0.035009 0.999100 0.023945 101.217529 0.076409 -0.021213 0.996851 47.618401 0.000000 0.000000 0.000000 1.000000
0.994031 0.055823 -0.093731 1.141782 -0.058768 0.997852 -0.028955 99.102722 0.091913 0.034291 0.995176 53.255989 0.000000 0.000000 0.000000 1.000000
0.991289 0.073204 -0.109483 3.715609 -0.081621 0.993877 -0.074480 97.650360 0.103360 0.082767 0.991194 58.684013 0.000000 0.000000 0.000000 1.000000
0.988469 0.092913 -0.119570 6.043993 -0.105229 0.989288 -0.101176 97.113258 0.108888 0.112592 0.987657 63.830112 0.000000 0.000000 0.000000 1.000000
0.985864 0.112048 -0.124568 7.883912 -0.125546 0.986368 -0.106375 97.243011 0.110951 0.120511 0.986492 68.488739 0.000000 0.000000 0.000000 1.000000
0.983823 0.124496 -0.128813 9.180885 -0.137229 0.985955 -0.095192 97.748718 0.115153 0.111329 0.987089 72.591331 0.000000 0.000000 0.000000 1.000000
0.982532 0.129435 -0.133709 10.148638 -0.140503 0.987087 -0.076923 98.606514 0.122026 0.094366 0.988031 76.450401 0.000000 0.000000 0.000000 1.000000
0.981928 0.129298 -0.138204 11.007721 -0.138219 0.988761 -0.056992 99.901505 0.129282 0.075064 0.988763 80.421547 0.000000 0.000000 0.000000 1.000000
0.981633 0.126953 -0.142406 11.827337 -0.132985 0.990547 -0.033631 101.526039 0.136790 0.051951 0.989237 84.624626 0.000000 0.000000 0.000000 1.000000
0.980875 0.124282 -0.149791 12.581327 -0.126145 0.992007 -0.002966 103.310966 0.148225 0.021805 0.988713 89.079796 0.000000 0.000000 0.000000 1.000000
0.979277 0.124232 -0.159948 13.234632 -0.120200 0.992144 0.034684 105.210251 0.163000 -0.014739 0.986516 93.857574 0.000000 0.000000 0.000000 1.000000
0.977902 0.127127 -0.165972 13.768638 -0.116221 0.990472 0.073884 107.200188 0.173783 -0.052961 0.983359 98.930313 0.000000 0.000000 0.000000 1.000000
0.977523 0.130285 -0.165755 14.184339 -0.113424 0.987719 0.107452 109.088928 0.177718 -0.086236 0.980296 104.103973 0.000000 0.000000 0.000000 1.000000
0.979065 0.133513 -0.153641 14.410460 -0.114136 0.985091 0.128717 110.488533 0.168536 -0.108487 0.979707 109.155540 0.000000 0.000000 0.000000 1.000000
0.982082 0.137834 -0.128519 14.442932 -0.119458 0.982755 0.141148 111.239410 0.145758 -0.123266 0.981611 113.948311 0.000000 0.000000 0.000000 1.000000
0.984872 0.141634 -0.099830 14.342161 -0.126016 0.980866 0.148397 111.491455 0.118938 -0.133572 0.983876 118.333710 0.000000 0.000000 0.000000 1.000000
0.986863 0.144358 -0.072535 14.115923 -0.132172 0.979604 0.151352 111.283386 0.092905 -0.139776 0.985815 122.658226 0.000000 0.000000 0.000000 1.000000
0.987883 0.145483 -0.054060 13.723343 -0.135925 0.979129 0.151101 110.553444 0.074914 -0.141922 0.987039 126.777748 0.000000 0.000000 0.000000 1.000000
0.988712 0.143913 -0.041687 13.110419 -0.136314 0.979489 0.148391 109.452034 0.062187 -0.141033 0.988050 130.808182 0.000000 0.000000 0.000000 1.000000
0.989707 0.139895 -0.030148 12.231991 -0.134158 0.980326 0.144782 108.137787 0.049809 -0.139248 0.989004 134.935196 0.000000 0.000000 0.000000 1.000000
0.990858 0.133694 -0.018040 11.016118 -0.129825 0.981330 0.141904 106.631592 0.036675 -0.138265 0.989716 139.311493 0.000000 0.000000 0.000000 1.000000
0.992447 0.122587 -0.004544 9.408882 -0.120864 0.983494 0.134651 104.780075 0.020975 -0.133084 0.990883 144.065735 0.000000 0.000000 0.000000 1.000000
0.994299 0.106124 0.010365 7.611603 -0.106613 0.987801 0.113498 103.003845 0.001806 -0.113956 0.993484 148.916077 0.000000 0.000000 0.000000 1.000000
0.996255 0.082742 0.025107 5.635674 -0.084439 0.993491 0.076458 101.646614 -0.018617 -0.078291 0.996757 153.711029 0.000000 0.000000 0.000000 1.000000
0.997340 0.059095 0.042677 3.267265 -0.060452 0.997682 0.031237 100.272842 -0.040732 -0.033734 0.998600 158.856369 0.000000 0.000000 0.000000 1.000000
0.997364 0.042792 0.058597 0.558931 -0.042600 0.999082 -0.004520 98.662247 -0.058736 0.002012 0.998272 164.458725 0.000000 0.000000 0.000000 1.000000
0.997556 0.031633 0.062299 -1.968670 -0.030184 0.999255 -0.024055 97.569138 -0.063013 0.022116 0.997768 169.834457 0.000000 0.000000 0.000000 1.000000
0.998444 0.021971 0.051262 -3.939358 -0.020516 0.999376 -0.028741 97.226181 -0.051862 0.027644 0.998272 174.546600 0.000000 0.000000 0.000000 1.000000
0.999402 0.012293 0.032327 -5.362754 -0.011486 0.999620 -0.025039 97.371864 -0.032622 0.024653 0.999164 178.731384 0.000000 0.000000 0.000000 1.000000
0.999878 0.001768 0.015531 -6.494082 -0.001452 0.999792 -0.020340 97.986168 -0.015564 0.020315 0.999672 182.752609 0.000000 0.000000 0.000000 1.000000
0.999940 -0.007641 0.007795 -7.500870 0.007782 0.999803 -0.018232 98.930984 -0.007654 0.018292 0.999803 186.745987 0.000000 0.000000 0.000000 1.000000
0.999844 -0.015630 0.008258 -8.366979 0.015762 0.999746 -0.016102 100.281502 -0.008005 0.016230 0.999836 190.904068 0.000000 0.000000 0.000000 1.000000
0.999631 -0.023622 0.013396 -9.111935 0.023755 0.999669 -0.009833 101.963127 -0.013160 0.010147 0.999862 195.356949 0.000000 0.000000 0.000000 1.000000
0.999351 -0.030899 0.018503 -9.710032 0.030865 0.999521 0.002131 103.968857 -0.018560 -0.001559 0.999827 200.120407 0.000000 0.000000 0.000000 1.000000
0.999099 -0.037689 0.019512 -10.173519 0.037335 0.999137 0.018191 106.061508 -0.020181 -0.017446 0.999644 205.159119 0.000000 0.000000 0.000000 1.000000
0.998928 -0.043998 0.014423 -10.496167 0.043487 0.998476 0.033987 107.877403 -0.015896 -0.033323 0.999318 210.393188 0.000000 0.000000 0.000000 1.000000
0.998762 -0.049357 0.006232 -10.653095 0.049021 0.997750 0.045741 109.253990 -0.008476 -0.045379 0.998934 215.723129 0.000000 0.000000 0.000000 1.000000</float_array><technique_common><accessor source="#Hips-Matrix-animation-output-transform-array" count="46" stride="16"><param type="float4x4"/></accessor></technique_common></source><source id="Hips-Interpolations"><Name_array id="Hips-Interpolations-array" count="46">
 LINEAR LINEAR LINEAR LINEAR LINEAR LINEAR LINEAR LINEAR LINEAR LINEAR LINEAR
LINEAR LINEAR LINEAR LINEAR LINEAR LINEAR LINEAR LINEAR LINEAR LINEAR LINEAR LINEAR
LINEAR LINEAR LINEAR LINEAR LINEAR LINEAR LINEAR LINEAR LINEAR LINEAR LINEAR LINEAR
LINEAR LINEAR LINEAR LINEAR LINEAR LINEAR LINEAR LINEAR LINEAR LINEAR LINEAR</Name_array><technique_common><accessor source="#Hips-Interpolations-array" count="46"><param type="name"/></accessor></technique_common></source><sampler id="Hips-Matrix-animation-transform"><input semantic="INPUT" source="#Hips-Matrix-animation-input"/><input semantic="OUTPUT" source="#Hips-Matrix-animation-output-transform"/><input semantic="INTERPOLATION" source="#Hips-Interpolations"/></sampler><channel source="#Hips-Matrix-animation-transform" target="Hips/matrix"/></animation>
    <animation id="Spine-anim" name="Spine"><source id="Spine-Matrix-animation-input"><float_array id="Spine-Matrix-animation-input-array" count="46">

0.000000 0.033333 0.066667 0.100000 0.133333 0.166667 0.200000 0.233333 0.266667 0.300000 0.333333 0.366667 0.400000 0.433333 0.466667 0.500000
0.533333 0.566667 0.600000 0.633333 0.666667 0.700000 0.733333 0.766667 0.800000 0.833333 0.866667 0.900000 0.933333 0.966667 1.000000 1.033333
1.066667 1.100000 1.133333 1.166667 1.200000 1.233333 1.266667 1.300000 1.333333 1.366667 1.400000 1.433333 1.466667 1.500000</float_array><technique_common><accessor source="#Spine-Matrix-animation-input-array" count="46"><param name="TIME" type="float"/></accessor></technique_common></source><source id="Spine-Matrix-animation-output-transform"><float_array id="Spine-Matrix-animation-output-transform-array" count="736">

0.999134 0.035732 0.021331 -0.139400 -0.027130 0.947964 -0.317218 9.938600 -0.031556 0.316365 0.948113 0.799700 0.000000 0.000000 0.000000 1.000000
0.996160 0.048305 0.073024 -0.139400 -0.024286 0.953754 -0.299607 9.938600 -0.084119 0.296683 0.951264 0.799700 0.000000 0.000000 0.000000 1.000000
0.991560 0.054462 0.117652 -0.139400 -0.018941 0.958604 -0.284113 9.938600 -0.128256 0.279486 0.951545 0.799700 0.000000 0.000000 0.000000 1.000000
0.986797 0.058241 0.151129 -0.139400 -0.015192 0.962278 -0.271642 9.938600 -0.161249 0.265760 0.950458 0.799700 0.000000 0.000000 0.000000 1.000000
0.982965 0.059072 0.174042 -0.139400 -0.012262 0.965910 -0.258586 9.938600 -0.183384 0.252047 0.950180 0.799700 0.000000 0.000000 0.000000 1.000000
0.979890 0.056631 0.191335 -0.139400 -0.008112 0.969394 -0.245376 9.938600 -0.199375 0.238890 0.950359 0.799700 0.000000 0.000000 0.000000 1.000000
0.977318 0.049673 0.205868 -0.139400 0.000467 0.971595 -0.236651 9.938600 -0.211776 0.231380 0.949534 0.799700 0.000000 0.000000 0.000000 1.000000
0.974896 0.042213 0.218621 -0.139400 0.010128 0.972440 -0.232932 9.938600 -0.222428 0.229298 0.947601 0.799700 0.000000 0.000000 0.000000 1.000000
0.972886 0.053701 0.224963 -0.139400 0.001219 0.971467 -0.237170 9.938600 -0.231280 0.231014 0.945062 0.799700 0.000000 0.000000 0.000000 1.000000
0.969757 0.074295 0.232488 -0.139400 -0.017532 0.971288 -0.237261 9.938600 -0.243440 0.226010 0.943216 0.799700 0.000000 0.000000 0.000000 1.000000
0.964083 0.097147 0.247195 -0.139400 -0.038031 0.971609 -0.233518 9.938600 -0.262863 0.215730 0.940406 0.799700 0.000000 0.000000 0.000000 1.000000
0.957379 0.118815 0.263265 -0.139400 -0.055550 0.970200 -0.235852 9.938600 -0.283442 0.211176 0.935449 0.799700 0.000000 0.000000 0.000000 1.000000
0.953662 0.127570 0.272498 -0.139400 -0.059847 0.967997 -0.243722 9.938600 -0.294869 0.216120 0.930776 0.799700 0.000000 0.000000 0.000000 1.000000
0.954322 0.126624 0.270620 -0.139400 -0.055021 0.964743 -0.257379 9.938600 -0.293669 0.230733 0.927643 0.799700 0.000000 0.000000 0.000000 1.000000
0.956360 0.127365 0.262970 -0.139400 -0.051846 0.959685 -0.276253 9.938600 -0.287554 0.250564 0.924408 0.799700 0.000000 0.000000 0.000000 1.000000
0.958312 0.130532 0.254164 -0.139400 -0.052592 0.954931 -0.292132 9.938600 -0.280842 0.266587 0.921987 0.799700 0.000000 0.000000 0.000000 1.000000
0.961390 0.129835 0.242636 -0.139400 -0.053573 0.953138 -0.297756 9.938600 -0.269925 0.273261 0.923292 0.799700 0.000000 0.000000 0.000000 1.000000
0.966959 0.123088 0.223249 -0.139400 -0.052862 0.953491 -0.296749 9.938600 -0.249392 0.275142 0.928494 0.799700 0.000000 0.000000 0.000000 1.000000
0.973804 0.113712 0.196913 -0.139400 -0.051321 0.953545 -0.296848 9.938600 -0.221521 0.278967 0.934402 0.799700 0.000000 0.000000 0.000000 1.000000
0.980722 0.101416 0.167029 -0.139400 -0.047436 0.952767 -0.299975 9.938600 -0.189562 0.286269 0.939211 0.799700 0.000000 0.000000 0.000000 1.000000
0.987796 0.083176 0.131686 -0.139400 -0.039644 0.951889 -0.303867 9.938600 -0.150625 0.294938 0.943570 0.799700 0.000000 0.000000 0.000000 1.000000
0.994220 0.060371 0.088783 -0.139400 -0.030431 0.951475 -0.306216 9.938600 -0.102961 0.301745 0.947813 0.799700 0.000000 0.000000 0.000000 1.000000
0.998745 0.032646 0.037974 -0.139400 -0.020095 0.955837 -0.293208 9.938600 -0.045869 0.292077 0.955294 0.799700 0.000000 0.000000 0.000000 1.000000
0.999845 0.004001 -0.017136 -0.139400 -0.008414 0.963985 -0.265824 9.938600 0.015455 0.265927 0.963869 0.799700 0.000000 0.000000 0.000000 1.000000
0.997194 -0.017452 -0.072804 -0.139400 -0.000858 0.969722 -0.244211 9.938600 0.074861 0.243588 0.966985 0.799700 0.000000 0.000000 0.000000 1.000000
0.991564 -0.028876 -0.126360 -0.139400 -0.001955 0.971426 -0.237335 9.938600 0.129603 0.235580 0.963175 0.799700 0.000000 0.000000 0.000000 1.000000
0.984750 -0.035190 -0.170378 -0.139400 -0.006488 0.971220 -0.238097 9.938600 0.173853 0.235571 0.956181 0.799700 0.000000 0.000000 0.000000 1.000000
0.978436 -0.039177 -0.202798 -0.139400 -0.010676 0.970942 -0.239077 9.938600 0.206272 0.236087 0.949587 0.799700 0.000000 0.000000 0.000000 1.000000
0.973625 -0.040940 -0.224449 -0.139400 -0.015225 0.969917 -0.242960 9.938600 0.227644 0.239969 0.943712 0.799700 0.000000 0.000000 0.000000 1.000000
0.970955 -0.041629 -0.235613 -0.139400 -0.018931 0.968293 -0.249099 9.938600 0.238513 0.246324 0.939381 0.799700 0.000000 0.000000 0.000000 1.000000
0.970095 -0.040516 -0.239321 -0.139400 -0.021255 0.968003 -0.250037 9.938600 0.241794 0.247647 0.938193 0.799700 0.000000 0.000000 0.000000 1.000000
0.969796 -0.047153 -0.239317 -0.139400 -0.014598 0.968158 -0.249914 9.938600 0.243481 0.245859 0.938227 0.799700 0.000000 0.000000 0.000000 1.000000
0.968994 -0.063235 -0.238854 -0.139400 0.000058 0.966754 -0.255707 9.938600 0.247083 0.247764 0.936783 0.799700 0.000000 0.000000 0.000000 1.000000
0.965545 -0.082874 -0.246686 -0.139400 0.015790 0.964847 -0.262336 9.938600 0.259755 0.249403 0.932912 0.799700 0.000000 0.000000 0.000000 1.000000
0.959740 -0.103712 -0.261041 -0.139400 0.030661 0.962467 -0.269663 9.938600 0.279210 0.250802 0.926898 0.799700 0.000000 0.000000 0.000000 1.000000
0.954962 -0.122889 -0.270086 -0.139400 0.042414 0.957395 -0.285649 9.938600 0.293682 0.261328 0.919488 0.799700 0.000000 0.000000 0.000000 1.000000
0.955228 -0.125545 -0.267914 -0.139400 0.039082 0.951116 -0.306350 9.938600 0.293278 0.282164 0.913440 0.799700 0.000000 0.000000 0.000000 1.000000
0.958781 -0.119803 -0.257657 -0.139400 0.030426 0.944844 -0.326106 9.938600 0.282514 0.304824 0.909543 0.799700 0.000000 0.000000 0.000000 1.000000
0.963343 -0.108878 -0.245184 -0.139400 0.020186 0.940767 -0.338451 9.938600 0.267511 0.321095 0.908480 0.799700 0.000000 0.000000 0.000000 1.000000
0.968378 -0.095853 -0.230340 -0.139400 0.011798 0.939812 -0.341489 9.938600 0.249209 0.327973 0.911224 0.799700 0.000000 0.000000 0.000000 1.000000
0.975334 -0.079315 -0.205991 -0.139400 0.005086 0.941039 -0.338260 9.938600 0.220674 0.328869 0.918231 0.799700 0.000000 0.000000 0.000000 1.000000
0.983887 -0.057622 -0.169249 -0.139400 -0.002406 0.942288 -0.334794 9.938600 0.178773 0.329807 0.926967 0.799700 0.000000 0.000000 0.000000 1.000000
0.991601 -0.033441 -0.124940 -0.139400 -0.010361 0.942356 -0.334452 9.938600 0.128923 0.332938 0.934094 0.799700 0.000000 0.000000 0.000000 1.000000
0.996828 -0.008838 -0.079092 -0.139400 -0.018222 0.942065 -0.334935 9.938600 0.077470 0.335314 0.938916 0.799700 0.000000 0.000000 0.000000 1.000000
0.999422 0.014644 -0.030684 -0.139400 -0.023964 0.943605 -0.330205 9.938600 0.024118 0.330749 0.943410 0.799700 0.000000 0.000000 0.000000 1.000000
0.999134 0.035733 0.021331 -0.139400 -0.027130 0.947964 -0.317218 9.938600 -0.031556 0.316365 0.948113 0.799700 0.000000 0.000000 0.000000 1.000000</float_array><technique_common><accessor source="#Spine-Matrix-animation-output-transform-array" count="46" stride="16"><param type="float4x4"/></accessor></technique_common></source><source id="Spine-Interpolations"><Name_array id="Spine-Interpolations-array" count="46">
 LINEAR LINEAR LINEAR LINEAR LINEAR LINEAR LINEAR LINEAR LINEAR LINEAR LINEAR
LINEAR LINEAR LINEAR LINEAR LINEAR LINEAR LINEAR LINEAR LINEAR LINEAR LINEAR LINEAR
LINEAR LINEAR LINEAR LINEAR LINEAR LINEAR LINEAR LINEAR LINEAR LINEAR LINEAR LINEAR
LINEAR LINEAR LINEAR LINEAR LINEAR LINEAR LINEAR LINEAR LINEAR LINEAR LINEAR</Name_array><technique_common><accessor source="#Spine-Interpolations-array" count="46"><param type="name"/></accessor></technique_common></source><sampler id="Spine-Matrix-animation-transform"><input semantic="INPUT" source="#Spine-Matrix-animation-input"/><input semantic="OUTPUT" source="#Spine-Matrix-animation-output-transform"/><input semantic="INTERPOLATION" source="#Spine-Interpolations"/></sampler><channel source="#Spine-Matrix-animation-transform" target="Spine/matrix"/></animation>
    <animation id="Spine1-anim" name="Spine1"><source id="Spine1-Matrix-animation-input"><float_array id="Spine1-Matrix-animation-input-array" count="46">

0.000000 0.033333 0.066667 0.100000 0.133333 0.166667 0.200000 0.233333 0.266667 0.300000 0.333333 0.366667 0.400000 0.433333 0.466667 0.500000
0.533333 0.566667 0.600000 0.633333 0.666667 0.700000 0.733333 0.766667 0.800000 0.833333 0.866667 0.900000 0.933333 0.966667 1.000000 1.033333
1.066667 1.100000 1.133333 1.166667 1.200000 1.233333 1.266667 1.300000 1.333333 1.366667 1.400000 1.433333 1.466667 1.500000</float_array><technique_common><accessor source="#Spine1-Matrix-animation-input-array" count="46"><param name="TIME" type="float"/></accessor></technique_common></source><source id="Spine1-Matrix-animation-output-transform"><float_array id="Spine1-Matrix-animation-output-transform-array" count="736">

0.999110 0.041777 0.005862 -0.162600 -0.040908 0.993381 -0.107333 11.595000 -0.010307 0.106997 0.994206 -0.285800 0.000000 0.000000 0.000000 1.000000
0.998536 0.049466 0.021881 -0.162600 -0.046924 0.993423 -0.104441 11.595000 -0.026903 0.103261 0.994290 -0.285800 0.000000 0.000000 0.000000 1.000000
0.997891 0.054289 0.035579 -0.162600 -0.050353 0.993356 -0.103486 11.595000 -0.040961 0.101476 0.993994 -0.285800 0.000000 0.000000 0.000000 1.000000
0.997272 0.057857 0.045828 -0.162600 -0.052816 0.993126 -0.104456 11.595000 -0.051556 0.101750 0.993473 -0.285800 0.000000 0.000000 0.000000 1.000000
0.996837 0.059437 0.052761 -0.162600 -0.053647 0.993015 -0.105090 11.595000 -0.058639 0.101927 0.993062 -0.285800 0.000000 0.000000 0.000000 1.000000
0.996570 0.059084 0.057936 -0.162600 -0.052806 0.993125 -0.104470 11.595000 -0.063710 0.101052 0.992839 -0.285800 0.000000 0.000000 0.000000 1.000000
0.996368 0.059239 0.061164 -0.162600 -0.052522 0.992964 -0.106129 11.595000 -0.067021 0.102531 0.992469 -0.285800 0.000000 0.000000 0.000000 1.000000
0.996128 0.061196 0.063122 -0.162600 -0.054018 0.992491 -0.109746 11.595000 -0.069364 0.105912 0.991953 -0.285800 0.000000 0.000000 0.000000 1.000000
0.996127 0.059088 0.065111 -0.162600 -0.052132 0.993232 -0.103787 11.595000 -0.070803 0.099991 0.992466 -0.285800 0.000000 0.000000 0.000000 1.000000
0.996238 0.053720 0.068000 -0.162600 -0.047493 0.994800 -0.090100 11.595000 -0.072487 0.086532 0.993609 -0.285800 0.000000 0.000000 0.000000 1.000000
0.996148 0.049208 0.072582 -0.162600 -0.043430 0.995917 -0.079141 11.595000 -0.076180 0.075684 0.994218 -0.285800 0.000000 0.000000 0.000000 1.000000
0.995920 0.045168 0.078121 -0.162600 -0.039435 0.996520 -0.073433 11.595000 -0.081166 0.070053 0.994236 -0.285800 0.000000 0.000000 0.000000 1.000000
0.995828 0.041237 0.081397 -0.162600 -0.035171 0.996593 -0.074607 11.595000 -0.084196 0.071433 0.993885 -0.285800 0.000000 0.000000 0.000000 1.000000
0.996036 0.035995 0.081343 -0.162600 -0.029471 0.996357 -0.080023 11.595000 -0.083927 0.077308 0.993469 -0.285800 0.000000 0.000000 0.000000 1.000000
0.996315 0.030675 0.080096 -0.162600 -0.023652 0.995910 -0.087201 11.595000 -0.082444 0.084986 0.992966 -0.285800 0.000000 0.000000 0.000000 1.000000
0.996534 0.026920 0.078709 -0.162600 -0.019421 0.995332 -0.094538 11.595000 -0.080886 0.092681 0.992405 -0.285800 0.000000 0.000000 0.000000 1.000000
0.996837 0.023221 0.075999 -0.162600 -0.015566 0.994886 -0.099801 11.595000 -0.077928 0.098302 0.992101 -0.285800 0.000000 0.000000 0.000000 1.000000
0.997374 0.017018 0.070390 -0.162600 -0.009820 0.994801 -0.101367 11.595000 -0.071749 0.100409 0.992356 -0.285800 0.000000 0.000000 0.000000 1.000000
0.998022 0.007768 0.062382 -0.162600 -0.001478 0.994961 -0.100250 11.595000 -0.062846 0.099959 0.993005 -0.285800 0.000000 0.000000 0.000000 1.000000
0.998590 -0.003197 0.052994 -0.162600 0.008424 0.995080 -0.098713 11.595000 -0.052417 0.099020 0.993704 -0.285800 0.000000 0.000000 0.000000 1.000000
0.999028 -0.013935 0.041816 -0.162600 0.017998 0.994982 -0.098423 11.595000 -0.040235 0.099080 0.994266 -0.285800 0.000000 0.000000 0.000000 1.000000
0.999316 -0.023460 0.028586 -0.162600 0.026187 0.994736 -0.099067 11.595000 -0.026111 0.099748 0.994670 -0.285800 0.000000 0.000000 0.000000 1.000000
0.999305 -0.035435 0.011538 -0.162600 0.036393 0.994573 -0.097469 11.595000 -0.008021 0.097821 0.995172 -0.285800 0.000000 0.000000 0.000000 1.000000
0.998697 -0.050418 -0.007937 -0.162600 0.049438 0.994243 -0.095058 11.595000 0.012684 0.094542 0.995440 -0.285800 0.000000 0.000000 0.000000 1.000000
0.997560 -0.064668 -0.026324 -0.162600 0.061905 0.993561 -0.094891 11.595000 0.032291 0.093029 0.995140 -0.285800 0.000000 0.000000 0.000000 1.000000
0.996244 -0.075674 -0.042082 -0.162600 0.071274 0.992660 -0.097707 11.595000 0.049167 0.094341 0.994325 -0.285800 0.000000 0.000000 0.000000 1.000000
0.995343 -0.079719 -0.054192 -0.162600 0.074003 0.992195 -0.100358 11.595000 0.061769 0.095881 0.993474 -0.285800 0.000000 0.000000 0.000000 1.000000
0.994829 -0.079636 -0.063038 -0.162600 0.072928 0.992070 -0.102363 11.595000 0.070690 0.097237 0.992748 -0.285800 0.000000 0.000000 0.000000 1.000000
0.994462 -0.079434 -0.068812 -0.162600 0.071821 0.991683 -0.106803 11.595000 0.076723 0.101269 0.991896 -0.285800 0.000000 0.000000 0.000000 1.000000
0.994235 -0.079928 -0.071472 -0.162600 0.071266 0.990633 -0.116477 11.595000 0.080112 0.110713 0.990618 -0.285800 0.000000 0.000000 0.000000 1.000000
0.994207 -0.080834 -0.070835 -0.162600 0.071135 0.988944 -0.130117 11.595000 0.080570 0.124325 0.988965 -0.285800 0.000000 0.000000 0.000000 1.000000
0.994419 -0.079654 -0.069178 -0.162600 0.069599 0.988089 -0.137244 11.595000 0.079286 0.131663 0.988119 -0.285800 0.000000 0.000000 0.000000 1.000000
0.994843 -0.073578 -0.069805 -0.162600 0.063894 0.989183 -0.132041 11.595000 0.078766 0.126900 0.988783 -0.285800 0.000000 0.000000 0.000000 1.000000
0.994926 -0.069369 -0.072874 -0.162600 0.060087 0.990631 -0.122633 11.595000 0.080698 0.117632 0.989773 -0.285800 0.000000 0.000000 0.000000 1.000000
0.994578 -0.070030 -0.076876 -0.162600 0.060423 0.990827 -0.120876 11.595000 0.084635 0.115575 0.989686 -0.285800 0.000000 0.000000 0.000000 1.000000
0.994371 -0.069849 -0.079672 -0.162600 0.059737 0.990618 -0.122916 11.595000 0.087511 0.117465 0.989214 -0.285800 0.000000 0.000000 0.000000 1.000000
0.994823 -0.062845 -0.079866 -0.162600 0.052546 0.990755 -0.125076 11.595000 0.086988 0.120231 0.988927 -0.285800 0.000000 0.000000 0.000000 1.000000
0.995510 -0.054040 -0.077711 -0.162600 0.043777 0.990784 -0.128183 11.595000 0.083921 0.124205 0.988701 -0.285800 0.000000 0.000000 0.000000 1.000000
0.996170 -0.045222 -0.074833 -0.162600 0.035046 0.990615 -0.132115 11.595000 0.080105 0.128986 0.988406 -0.285800 0.000000 0.000000 0.000000 1.000000
0.996848 -0.034846 -0.071270 -0.162600 0.024992 0.990562 -0.134765 11.595000 0.075294 0.132559 0.988311 -0.285800 0.000000 0.000000 0.000000 1.000000
0.997644 -0.022559 -0.064787 -0.162600 0.013688 0.990856 -0.134230 11.595000 0.067223 0.133027 0.988830 -0.285800 0.000000 0.000000 0.000000 1.000000
0.998500 -0.008596 -0.054070 -0.162600 0.001553 0.991647 -0.128972 11.595000 0.054727 0.128695 0.990173 -0.285800 0.000000 0.000000 0.000000 1.000000
0.999163 0.004965 -0.040604 -0.162600 -0.009858 0.992576 -0.121223 11.595000 0.039700 0.121522 0.991795 -0.285800 0.000000 0.000000 0.000000 1.000000
0.999498 0.017797 -0.026193 -0.162600 -0.020697 0.993153 -0.114971 11.595000 0.023967 0.115456 0.993023 -0.285800 0.000000 0.000000 0.000000 1.000000
0.999468 0.030810 -0.010716 -0.162600 -0.031810 0.993313 -0.110986 11.595000 0.007225 0.111268 0.993764 -0.285800 0.000000 0.000000 0.000000 1.000000
0.999110 0.041777 0.005862 -0.162600 -0.040908 0.993381 -0.107333 11.595000 -0.010307 0.106997 0.994206 -0.285800 0.000000 0.000000 0.000000 1.000000</float_array><technique_common><accessor source="#Spine1-Matrix-animation-output-transform-array" count="46" stride="16"><param type="float4x4"/></accessor></technique_common></source><source id="Spine1-Interpolations"><Name_array id="Spine1-Interpolations-array" count="46">
 LINEAR LINEAR LINEAR LINEAR LINEAR LINEAR LINEAR LINEAR LINEAR LINEAR LINEAR
LINEAR LINEAR LINEAR LINEAR LINEAR LINEAR LINEAR LINEAR LINEAR LINEAR LINEAR LINEAR
LINEAR LINEAR LINEAR LINEAR LINEAR LINEAR LINEAR LINEAR LINEAR LINEAR LINEAR LINEAR
LINEAR LINEAR LINEAR LINEAR LINEAR LINEAR LINEAR LINEAR LINEAR LINEAR LINEAR</Name_array><technique_common><accessor source="#Spine1-Interpolations-array" count="46"><param type="name"/></accessor></technique_common></source><sampler id="Spine1-Matrix-animation-transform"><input semantic="INPUT" source="#Spine1-Matrix-animation-input"/><input semantic="OUTPUT" source="#Spine1-Matrix-animation-output-transform"/><input semantic="INTERPOLATION" source="#Spine1-Interpolations"/></sampler><channel source="#Spine1-Matrix-animation-transform" target="Spine1/matrix"/></animation>
    <animation id="Spine2-anim" name="Spine2"><source id="Spine2-Matrix-animation-input"><float_array id="Spine2-Matrix-animation-input-array" count="46">

0.000000 0.033333 0.066667 0.100000 0.133333 0.166667 0.200000 0.233333 0.266667 0.300000 0.333333 0.366667 0.400000 0.433333 0.466667 0.500000
0.533333 0.566667 0.600000 0.633333 0.666667 0.700000 0.733333 0.766667 0.800000 0.833333 0.866667 0.900000 0.933333 0.966667 1.000000 1.033333
1.066667 1.100000 1.133333 1.166667 1.200000 1.233333 1.266667 1.300000 1.333333 1.366667 1.400000 1.433333 1.466667 1.500000</float_array><technique_common><accessor source="#Spine2-Matrix-animation-input-array" count="46"><param name="TIME" type="float"/></accessor></technique_common></source><source id="Spine2-Matrix-animation-output-transform"><float_array id="Spine2-Matrix-animation-output-transform-array" count="736">

0.999121 0.041643 0.004727 -0.185800 -0.040894 0.993369 -0.107454 13.251400 -0.009170 0.107166 0.994199 -1.022900 0.000000 0.000000 0.000000 1.000000
0.998574 0.049236 0.020631 -0.185800 -0.046813 0.993382 -0.104881 13.251400 -0.025658 0.103766 0.994271 -1.022900 0.000000 0.000000 0.000000 1.000000
0.997958 0.053893 0.034292 -0.185800 -0.050058 0.993288 -0.104273 13.251400 -0.039681 0.102343 0.993957 -1.022900 0.000000 0.000000 0.000000 1.000000
0.997368 0.057225 0.044524 -0.185800 -0.052264 0.993037 -0.105573 13.251400 -0.050255 0.102969 0.993414 -1.022900 0.000000 0.000000 0.000000 1.000000
0.996952 0.058570 0.051533 -0.185800 -0.052831 0.992915 -0.106440 13.251400 -0.057402 0.103393 0.992983 -1.022900 0.000000 0.000000 0.000000 1.000000
0.996693 0.058038 0.056871 -0.185800 -0.051780 0.993024 -0.105937 13.251400 -0.062623 0.102642 0.992745 -1.022900 0.000000 0.000000 0.000000 1.000000
0.996505 0.057752 0.060349 -0.185800 -0.051011 0.992861 -0.107816 13.251400 -0.066145 0.104361 0.992337 -1.022900 0.000000 0.000000 0.000000 1.000000
0.996286 0.059075 0.062648 -0.185800 -0.051816 0.992383 -0.111759 13.251400 -0.068773 0.108098 0.991759 -1.022900 0.000000 0.000000 0.000000 1.000000
0.996256 0.057008 0.064997 -0.185800 -0.049934 0.993143 -0.105706 13.251400 -0.070577 0.102064 0.992271 -1.022900 0.000000 0.000000 0.000000 1.000000
0.996306 0.052197 0.068195 -0.185800 -0.045851 0.994746 -0.091528 13.251400 -0.072614 0.088063 0.993465 -1.022900 0.000000 0.000000 0.000000 1.000000
0.996167 0.048044 0.073095 -0.185800 -0.042160 0.995902 -0.080016 13.251400 -0.076639 0.076628 0.994110 -1.022900 0.000000 0.000000 0.000000 1.000000
0.995900 0.044228 0.078915 -0.185800 -0.038418 0.996541 -0.073691 13.251400 -0.081901 0.070357 0.994154 -1.022900 0.000000 0.000000 0.000000 1.000000
0.995773 0.040272 0.082551 -0.185800 -0.034146 0.996649 -0.074327 13.251400 -0.085268 0.071194 0.993811 -1.022900 0.000000 0.000000 0.000000 1.000000
0.995944 0.034899 0.082934 -0.185800 -0.028314 0.996449 -0.079289 13.251400 -0.085407 0.076619 0.993396 -1.022900 0.000000 0.000000 0.000000 1.000000
0.996182 0.029466 0.082172 -0.185800 -0.022363 0.996039 -0.086059 13.251400 -0.084382 0.083893 0.992896 -1.022900 0.000000 0.000000 0.000000 1.000000
0.996362 0.025505 0.081310 -0.185800 -0.017886 0.995497 -0.093092 13.251400 -0.083318 0.091299 0.992332 -1.022900 0.000000 0.000000 0.000000 1.000000
0.996635 0.021543 0.079089 -0.185800 -0.013721 0.995077 -0.098146 13.251400 -0.080814 0.096730 0.992024 -1.022900 0.000000 0.000000 0.000000 1.000000
0.997155 0.015238 0.073821 -0.185800 -0.007836 0.995004 -0.099529 13.251400 -0.074968 0.098668 0.992293 -1.022900 0.000000 0.000000 0.000000 1.000000
0.997798 0.006077 0.066054 -0.185800 0.000440 0.995166 -0.098205 13.251400 -0.066332 0.098018 0.992972 -1.022900 0.000000 0.000000 0.000000 1.000000
0.998369 -0.004734 0.056894 -0.185800 0.010218 0.995281 -0.096493 13.251400 -0.056169 0.096917 0.993706 -1.022900 0.000000 0.000000 0.000000 1.000000
0.998828 -0.015306 0.045917 -0.185800 0.019674 0.995163 -0.096243 13.251400 -0.044222 0.097034 0.994298 -1.022900 0.000000 0.000000 0.000000 1.000000
0.999159 -0.024598 0.032807 -0.185800 0.027685 0.994877 -0.097229 13.251400 -0.030248 0.098055 0.994721 -1.022900 0.000000 0.000000 0.000000 1.000000
0.999219 -0.036463 0.015237 -0.185800 0.037762 0.994656 -0.096093 13.251400 -0.011652 0.096594 0.995256 -1.022900 0.000000 0.000000 0.000000 1.000000
0.998660 -0.051443 -0.005605 -0.185800 0.050689 0.994272 -0.094100 13.251400 0.010414 0.093689 0.995547 -1.022900 0.000000 0.000000 0.000000 1.000000
0.997531 -0.065567 -0.025154 -0.185800 0.062926 0.993550 -0.094336 13.251400 0.031177 0.092520 0.995223 -1.022900 0.000000 0.000000 0.000000 1.000000
0.996229 -0.076229 -0.041441 -0.185800 0.071894 0.992626 -0.097591 13.251400 0.048575 0.094244 0.994363 -1.022900 0.000000 0.000000 0.000000 1.000000
0.995351 -0.079754 -0.054004 -0.185800 0.074032 0.992154 -0.100748 13.251400 0.061615 0.096281 0.993445 -1.022900 0.000000 0.000000 0.000000 1.000000
0.994854 -0.079202 -0.063184 -0.185800 0.072420 0.992018 -0.103229 13.251400 0.070856 0.098122 0.992649 -1.022900 0.000000 0.000000 0.000000 1.000000
0.994516 -0.078646 -0.068936 -0.185800 0.070924 0.991610 -0.108074 13.251400 0.076857 0.102592 0.991750 -1.022900 0.000000 0.000000 0.000000 1.000000
0.994316 -0.078686 -0.071720 -0.185800 0.069876 0.990551 -0.118006 13.251400 0.080328 0.112323 0.990420 -1.022900 0.000000 0.000000 0.000000 1.000000
0.994315 -0.078849 -0.071558 -0.185800 0.068929 0.988872 -0.131839 13.251400 0.081157 0.126157 0.988685 -1.022900 0.000000 0.000000 0.000000 1.000000
0.994552 -0.077201 -0.070040 -0.185800 0.066903 0.988025 -0.139036 13.251400 0.079935 0.133593 0.987807 -1.022900 0.000000 0.000000 0.000000 1.000000
0.994950 -0.071418 -0.070526 -0.185800 0.061535 0.989133 -0.133529 13.251400 0.079296 0.128515 0.988532 -1.022900 0.000000 0.000000 0.000000 1.000000
0.995013 -0.067701 -0.073255 -0.185800 0.058280 0.990585 -0.123876 13.251400 0.080952 0.118989 0.989590 -1.022900 0.000000 0.000000 0.000000 1.000000
0.994678 -0.068405 -0.077050 -0.185800 0.058676 0.990777 -0.122136 13.251400 0.084694 0.116965 0.989518 -1.022900 0.000000 0.000000 0.000000 1.000000
0.994495 -0.068234 -0.079518 -0.185800 0.058029 0.990553 -0.124251 13.251400 0.087245 0.118953 0.989059 -1.022900 0.000000 0.000000 0.000000 1.000000
0.994931 -0.061491 -0.079573 -0.185800 0.051136 0.990687 -0.126193 13.251400 0.086592 0.121484 0.988809 -1.022900 0.000000 0.000000 0.000000 1.000000
0.995603 -0.052922 -0.077289 -0.185800 0.042640 0.990714 -0.129100 13.251400 0.083403 0.125237 0.988615 -1.022900 0.000000 0.000000 0.000000 1.000000
0.996251 -0.044177 -0.074378 -0.185800 0.034005 0.990551 -0.132860 13.251400 0.079545 0.129833 0.988340 -1.022900 0.000000 0.000000 0.000000 1.000000
0.996904 -0.033817 -0.070985 -0.185800 0.023970 0.990522 -0.135248 13.251400 0.074886 0.133127 0.988266 -1.022900 0.000000 0.000000 0.000000 1.000000
0.997669 -0.021638 -0.064715 -0.185800 0.012770 0.990841 -0.134426 13.251400 0.067031 0.133286 0.988808 -1.022900 0.000000 0.000000 0.000000 1.000000
0.998499 -0.008002 -0.054191 -0.185800 0.000950 0.991653 -0.128929 13.251400 0.054770 0.128684 0.990172 -1.022900 0.000000 0.000000 0.000000 1.000000
0.999149 0.005188 -0.040920 -0.185800 -0.010112 0.992593 -0.121062 13.251400 0.039989 0.121373 0.991801 -1.022900 0.000000 0.000000 0.000000 1.000000
0.999483 0.017799 -0.026770 -0.185800 -0.020761 0.993172 -0.114793 13.251400 0.024544 0.115289 0.993029 -1.022900 0.000000 0.000000 0.000000 1.000000
0.999460 0.030724 -0.011623 -0.185800 -0.031825 0.993323 -0.110888 13.251400 0.008139 0.111198 0.993765 -1.022900 0.000000 0.000000 0.000000 1.000000
0.999121 0.041643 0.004727 -0.185800 -0.040894 0.993369 -0.107454 13.251400 -0.009170 0.107166 0.994199 -1.022900 0.000000 0.000000 0.000000 1.000000</float_array><technique_common><accessor source="#Spine2-Matrix-animation-output-transform-array" count="46" stride="16"><param type="float4x4"/></accessor></technique_common></source><source id="Spine2-Interpolations"><Name_array id="Spine2-Interpolations-array" count="46">
 LINEAR LINEAR LINEAR LINEAR LINEAR LINEAR LINEAR LINEAR LINEAR LINEAR LINEAR
LINEAR LINEAR LINEAR LINEAR LINEAR LINEAR LINEAR LINEAR LINEAR LINEAR LINEAR LINEAR
LINEAR LINEAR LINEAR LINEAR LINEAR LINEAR LINEAR LINEAR LINEAR LINEAR LINEAR LINEAR
LINEAR LINEAR LINEAR LINEAR LINEAR LINEAR LINEAR LINEAR LINEAR LINEAR LINEAR</Name_array><technique_common><accessor source="#Spine2-Interpolations-array" count="46"><param type="name"/></accessor></technique_common></source><sampler id="Spine2-Matrix-animation-transform"><input semantic="INPUT" source="#Spine2-Matrix-animation-input"/><input semantic="OUTPUT" source="#Spine2-Matrix-animation-output-transform"/><input semantic="INTERPOLATION" source="#Spine2-Interpolations"/></sampler><channel source="#Spine2-Matrix-animation-transform" target="Spine2/matrix"/></animation>
    <animation id="Neck-anim" name="Neck"><source id="Neck-Matrix-animation-input"><float_array id="Neck-Matrix-animation-input-array" count="46">

0.000000 0.033333 0.066667 0.100000 0.133333 0.166667 0.200000 0.233333 0.266667 0.300000 0.333333 0.366667 0.400000 0.433333 0.466667 0.500000
0.533333 0.566667 0.600000 0.633333 0.666667 0.700000 0.733333 0.766667 0.800000 0.833333 0.866667 0.900000 0.933333 0.966667 1.000000 1.033333
1.066667 1.100000 1.133333 1.166667 1.200000 1.233333 1.266667 1.300000 1.333333 1.366667 1.400000 1.433333 1.466667 1.500000</float_array><technique_common><accessor source="#Neck-Matrix-animation-input-array" count="46"><param name="TIME" type="float"/></accessor></technique_common></source><source id="Neck-Matrix-animation-output-transform"><float_array id="Neck-Matrix-animation-output-transform-array" count="736">

0.998342 0.042626 0.038691 -0.209000 -0.042717 0.999086 0.001534 14.907900 -0.038590 -0.003185 0.999250 -5.902900 0.000000 0.000000 0.000000 1.000000
0.998240 0.051454 0.029499 -0.209000 -0.050946 0.998544 -0.017712 14.907900 -0.030368 0.016178 0.999408 -5.902900 0.000000 0.000000 0.000000 1.000000
0.998012 0.059112 0.021881 -0.209000 -0.058481 0.997883 -0.028462 14.907900 -0.023517 0.027126 0.999355 -5.902900 0.000000 0.000000 0.000000 1.000000
0.997682 0.065933 0.016842 -0.209000 -0.065397 0.997389 -0.030628 14.907900 -0.018818 0.029456 0.999389 -5.902900 0.000000 0.000000 0.000000 1.000000
0.997234 0.073062 0.013660 -0.209000 -0.072683 0.997005 -0.026414 14.907900 -0.015549 0.025348 0.999558 -5.902900 0.000000 0.000000 0.000000 1.000000
0.996726 0.080134 0.010747 -0.209000 -0.079969 0.996684 -0.015040 14.907900 -0.011916 0.014131 0.999829 -5.902900 0.000000 0.000000 0.000000 1.000000
0.996383 0.084671 0.007232 -0.209000 -0.084725 0.996376 0.007518 14.907900 -0.006569 -0.008104 0.999946 -5.902900 0.000000 0.000000 0.000000 1.000000
0.996419 0.084480 0.003386 -0.209000 -0.084548 0.995477 0.043329 14.907900 0.000290 -0.043460 0.999055 -5.902900 0.000000 0.000000 0.000000 1.000000
0.996729 0.080809 -0.000594 -0.209000 -0.080438 0.992801 0.088750 14.907900 0.007762 -0.088412 0.996054 -5.902900 0.000000 0.000000 0.000000 1.000000
0.996901 0.078440 -0.005981 -0.209000 -0.076896 0.987677 0.136309 14.907900 0.016599 -0.135427 0.990648 -5.902900 0.000000 0.000000 0.000000 1.000000
0.996628 0.080763 -0.014490 -0.209000 -0.076906 0.981000 0.178116 14.907900 0.028600 -0.176401 0.983903 -5.902900 0.000000 0.000000 0.000000 1.000000
0.995952 0.086484 -0.024491 -0.209000 -0.079656 0.975457 0.205275 14.907900 0.041643 -0.202493 0.978398 -5.902900 0.000000 0.000000 0.000000 1.000000
0.995171 0.093227 -0.030730 -0.209000 -0.084783 0.974112 0.209567 14.907900 0.049472 -0.205949 0.977311 -5.902900 0.000000 0.000000 0.000000 1.000000
0.994630 0.098696 -0.031145 -0.209000 -0.090896 0.976959 0.193106 14.907900 0.049487 -0.189238 0.980683 -5.902900 0.000000 0.000000 0.000000 1.000000
0.994711 0.098617 -0.028704 -0.209000 -0.092528 0.981715 0.166357 14.907900 0.044585 -0.162821 0.985648 -5.902900 0.000000 0.000000 0.000000 1.000000
0.995424 0.092114 -0.025405 -0.209000 -0.087914 0.987049 0.134182 14.907900 0.037436 -0.131335 0.990631 -5.902900 0.000000 0.000000 0.000000 1.000000
0.996361 0.082761 -0.020374 -0.209000 -0.080452 0.992143 0.095816 14.907900 0.028144 -0.093828 0.995191 -5.902900 0.000000 0.000000 0.000000 1.000000
0.997238 0.073082 -0.013209 -0.209000 -0.072270 0.995920 0.054046 14.907900 0.017105 -0.052942 0.998451 -5.902900 0.000000 0.000000 0.000000 1.000000
0.997916 0.064339 -0.004842 -0.209000 -0.064261 0.997825 0.014682 14.907900 0.005776 -0.014340 0.999880 -5.902900 0.000000 0.000000 0.000000 1.000000
0.998235 0.059129 0.005548 -0.209000 -0.059019 0.998091 -0.018211 14.907900 -0.006614 0.017851 0.999819 -5.902900 0.000000 0.000000 0.000000 1.000000
0.998042 0.059146 0.020343 -0.209000 -0.058254 0.997419 -0.041984 14.907900 -0.022774 0.040717 0.998911 -5.902900 0.000000 0.000000 0.000000 1.000000
