<?xml version="1.0" encoding="utf-8"?>
<COLLADA xmlns="http://www.collada.org/2005/11/COLLADASchema" version="1.4.1">
  <asset><contributor><author>Mixamo</author><authoring_tool>COLLADA Mixamo exporter</authoring_tool><comments></comments></contributor><created>2018-12-25T22:48:11Z</created><modified>2018-12-25T22:48:11Z</modified><revision></revision><title></title><unit meter="0.010000"/><up_axis>Y_UP</up_axis></asset>
  <library_animations>
    <animation id="Hips-anim" name="Hips"><source id="Hips-Matrix-animation-input"><float_array id="Hips-Matrix-animation-input-array" count="70">

0.000000 0.033333 0.066667 0.100000 0.133333 0.166667 0.200000 0.233333 0.266667 0.300000 0.333333 0.366667 0.400000 0.433333 0.466667 0.500000
0.533333 0.566667 0.600000 0.633333 0.666667 0.700000 0.733333 0.766667 0.800000 0.833333 0.866667 0.900000 0.933333 0.966667 1.000000 1.033333
1.066667 1.100000 1.133333 1.166667 1.200000 1.233333 1.266667 1.300000 1.333333 1.366667 1.400000 1.433333 1.466667 1.500000 1.533333 1.566667
1.600000 1.633333 1.666667 1.700000 1.733333 1.766667 1.800000 1.833333 1.866667 1.900000 1.933333 1.966667 2.000000 2.033333 2.066667 2.100000
2.133333 2.166667 2.200000 2.233333 2.266667 2.300000</float_array><technique_common><accessor source="#Hips-Matrix-animation-input-array" count="70"><param name="TIME" type="float"/></accessor></technique_common></source><source id="Hips-Matrix-animation-output-transform"><float_array id="Hips-Matrix-animation-output-transform-array" count="1120">

0.578760 -0.120385 -0.806563 1.293509 -0.016525 0.987109 -0.159191 100.592178 0.815330 0.105462 0.569310 -0.980564 0.000000 0.000000 0.000000 1.000000
0.611272 -0.118977 -0.782426 1.518866 0.001844 0.988847 -0.148925 99.420418 0.791418 0.089591 0.604674 -6.529070 0.000000 0.000000 0.000000 1.000000
0.670078 -0.073582 -0.738634 0.379307 0.028754 0.996901 -0.073226 98.754044 0.741733 0.027828 0.670118 -11.769797 0.000000 0.000000 0.000000 1.000000
0.749262 0.026249 -0.661753 -1.919427 0.046693 0.994634 0.092321 99.004250 0.660625 -0.100071 0.744016 -15.951051 0.000000 0.000000 0.000000 1.000000
0.809048 0.084051 -0.581702 -3.602811 0.049022 0.976623 0.209296 100.236832 0.585695 -0.197847 0.786014 -19.312727 0.000000 0.000000 0.000000 1.000000
0.815304 0.106357 -0.569182 -4.987082 0.062436 0.961107 0.269027 101.931824 0.575657 -0.254876 0.776954 -21.820803 0.000000 0.000000 0.000000 1.000000
0.808786 0.110227 -0.577681 -5.644345 0.069729 0.957376 0.280302 103.025566 0.583955 -0.266985 0.766626 -23.455585 0.000000 0.000000 0.000000 1.000000
0.804607 0.108229 -0.583862 -6.119407 0.071860 0.958276 0.276663 104.138374 0.589444 -0.264561 0.763258 -24.998142 0.000000 0.000000 0.000000 1.000000
0.800981 0.102531 -0.589845 -6.484924 0.071406 0.961832 0.264158 105.148079 0.594417 -0.253704 0.763088 -26.474596 0.000000 0.000000 0.000000 1.000000
0.795624 0.096411 -0.598069 -6.818031 0.070462 0.965826 0.249432 105.963997 0.601678 -0.240595 0.761641 -27.911732 0.000000 0.000000 0.000000 1.000000
0.789060 0.088971 -0.607839 -7.165808 0.070460 0.969820 0.233421 106.786858 0.610262 -0.227011 0.758977 -29.302525 0.000000 0.000000 0.000000 1.000000
0.781882 0.080954 -0.618147 -7.502821 0.070894 0.973556 0.217171 107.571915 0.619382 -0.213625 0.755467 -30.639719 0.000000 0.000000 0.000000 1.000000
0.774855 0.073693 -0.627829 -7.794550 0.070566 0.976891 0.201756 108.241585 0.628188 -0.200635 0.751748 -31.938540 0.000000 0.000000 0.000000 1.000000
0.768428 0.067040 -0.636415 -8.068477 0.070399 0.979606 0.188194 108.831390 0.636052 -0.189417 0.748037 -33.213234 0.000000 0.000000 0.000000 1.000000
0.763163 0.061651 -0.643259 -8.337518 0.070334 0.981600 0.177522 109.317390 0.642367 -0.180721 0.744785 -34.451344 0.000000 0.000000 0.000000 1.000000
0.759597 0.058042 -0.647799 -8.616665 0.070533 0.982785 0.170761 109.689751 0.646559 -0.175400 0.742426 -35.645145 0.000000 0.000000 0.000000 1.000000
0.758047 0.056819 -0.649720 -8.901662 0.070892 0.983117 0.168688 109.896675 0.648336 -0.173933 0.741221 -36.779804 0.000000 0.000000 0.000000 1.000000
0.758209 0.057964 -0.649431 -9.172923 0.071164 0.982733 0.170796 109.905701 0.648117 -0.175715 0.740992 -37.846893 0.000000 0.000000 0.000000 1.000000
0.758976 0.059740 -0.648373 -9.407232 0.072075 0.981954 0.174846 109.780312 0.647118 -0.179435 0.740974 -38.848888 0.000000 0.000000 0.000000 1.000000
0.758677 0.059860 -0.648711 -9.570355 0.073390 0.981578 0.176406 109.640793 0.647320 -0.181444 0.740307 -39.777115 0.000000 0.000000 0.000000 1.000000
0.757909 0.059269 -0.649663 -9.709690 0.074937 0.981362 0.176953 109.495384 0.648042 -0.182798 0.739342 -40.676605 0.000000 0.000000 0.000000 1.000000
0.756776 0.057988 -0.651097 -9.836155 0.078251 0.980858 0.178309 109.307144 0.648974 -0.185889 0.737752 -41.568092 0.000000 0.000000 0.000000 1.000000
0.755344 0.055778 -0.652951 -9.968897 0.085230 0.979547 0.182272 109.062080 0.649763 -0.193329 0.735141 -42.484329 0.000000 0.000000 0.000000 1.000000
0.753528 0.052483 -0.655318 -10.127950 0.097090 0.976994 0.189886 108.759094 0.650207 -0.206709 0.731096 -43.448677 0.000000 0.000000 0.000000 1.000000
0.750436 0.048705 -0.659146 -10.319941 0.109589 0.974308 0.196759 108.468224 0.651794 -0.219891 0.725818 -44.372700 0.000000 0.000000 0.000000 1.000000
0.745893 0.044590 -0.664571 -10.517344 0.121312 0.971973 0.201373 108.115997 0.654925 -0.230823 0.719579 -45.301926 0.000000 0.000000 0.000000 1.000000
0.740109 0.040061 -0.671293 -10.685254 0.132742 0.969882 0.204229 107.576622 0.659256 -0.240260 0.712500 -46.330608 0.000000 0.000000 0.000000 1.000000
0.733317 0.035180 -0.678976 -10.790241 0.144152 0.967910 0.205841 106.753670 0.664429 -0.248822 0.704714 -47.525864 0.000000 0.000000 0.000000 1.000000
0.725738 0.029975 -0.687318 -10.863754 0.155878 0.965904 0.206716 105.963860 0.670080 -0.257160 0.696320 -48.731670 0.000000 0.000000 0.000000 1.000000
0.717648 0.024845 -0.695963 -10.913116 0.167745 0.963772 0.207377 105.191322 0.675902 -0.265567 0.687482 -49.917534 0.000000 0.000000 0.000000 1.000000
0.709348 0.020182 -0.704569 -10.927049 0.179585 0.961428 0.208342 104.246361 0.681597 -0.274317 0.678362 -51.139984 0.000000 0.000000 0.000000 1.000000
0.701065 0.015755 -0.712924 -10.902175 0.192112 0.958619 0.210101 102.974182 0.686732 -0.284256 0.669027 -52.478294 0.000000 0.000000 0.000000 1.000000
0.693034 0.011266 -0.720817 -10.843823 0.206156 0.955025 0.213137 101.238632 0.690799 -0.296311 0.659542 -54.012466 0.000000 0.000000 0.000000 1.000000
0.685562 0.007033 -0.727980 -10.777770 0.221686 0.950449 0.217951 98.922562 0.693440 -0.310802 0.650033 -55.804436 0.000000 0.000000 0.000000 1.000000
0.678915 0.003186 -0.734210 -10.737101 0.238927 0.944603 0.225033 95.952225 0.694253 -0.328201 0.640544 -57.912014 0.000000 0.000000 0.000000 1.000000
0.673308 -0.000022 -0.739362 -10.765958 0.257923 0.937187 0.234852 92.678406 0.692916 -0.348826 0.631021 -60.142662 0.000000 0.000000 0.000000 1.000000
0.668968 -0.002400 -0.743287 -10.874529 0.278743 0.927825 0.247876 89.205811 0.689046 -0.373007 0.621355 -62.425743 0.000000 0.000000 0.000000 1.000000
0.666158 -0.004479 -0.745797 -11.067287 0.302363 0.915738 0.264575 85.478889 0.681770 -0.401750 0.611381 -64.828613 0.000000 0.000000 0.000000 1.000000
0.665158 -0.006947 -0.746670 -11.375454 0.329796 0.899872 0.285420 81.501572 0.669925 -0.436098 0.600848 -67.463272 0.000000 0.000000 0.000000 1.000000
0.666336 -0.009288 -0.745594 -11.841623 0.360143 0.879567 0.310901 77.269173 0.652912 -0.475685 0.589432 -70.487770 0.000000 0.000000 0.000000 1.000000
0.669977 -0.012196 -0.742282 -12.321204 0.393829 0.853414 0.341444 72.624489 0.629309 -0.521091 0.576571 -73.792664 0.000000 0.000000 0.000000 1.000000
0.676362 -0.015124 -0.736414 -12.768715 0.429251 0.820558 0.377396 67.516144 0.598563 -0.571363 0.561487 -77.421089 0.000000 0.000000 0.000000 1.000000
0.685568 -0.016639 -0.727819 -13.125237 0.463607 0.780794 0.418844 61.986958 0.561307 -0.624568 0.543000 -81.544174 0.000000 0.000000 0.000000 1.000000
0.700570 -0.015793 -0.713409 -13.355779 0.497544 0.727467 0.472485 55.909653 0.511519 -0.685961 0.517499 -86.704239 0.000000 0.000000 0.000000 1.000000
0.728890 -0.021658 -0.684288 -13.416139 0.543071 0.626904 0.558627 47.403027 0.416885 -0.778795 0.468706 -93.890007 0.000000 0.000000 0.000000 1.000000
0.755412 -0.033625 -0.654387 -13.749592 0.579359 0.500808 0.643067 38.751114 0.306099 -0.864905 0.397798 -100.905663 0.000000 0.000000 0.000000 1.000000
0.777896 -0.036038 -0.627358 -14.040907 0.595280 0.362065 0.717322 30.933409 0.201293 -0.931456 0.303101 -107.530220 0.000000 0.000000 0.000000 1.000000
0.793878 -0.022757 -0.607652 -14.015406 0.597270 0.216746 0.772198 24.576996 0.114133 -0.975963 0.185662 -114.601768 0.000000 0.000000 0.000000 1.000000
0.804705 0.013529 -0.593521 -13.408375 0.590673 0.082165 0.802716 19.891840 0.059627 -0.996527 0.058127 -120.987114 0.000000 0.000000 0.000000 1.000000
0.836713 0.021815 -0.547208 -11.874512 0.547458 -0.007377 0.836801 18.964241 0.014218 -0.999735 -0.018115 -125.258713 0.000000 0.000000 0.000000 1.000000
0.876971 0.014141 -0.480336 -9.992582 0.479928 -0.076384 0.873976 19.269350 -0.024331 -0.996978 -0.073774 -129.121048 0.000000 0.000000 0.000000 1.000000
0.894882 -0.007797 -0.446234 -7.668836 0.443046 -0.105040 0.890324 21.165972 -0.053814 -0.994437 -0.090544 -132.523422 0.000000 0.000000 0.000000 1.000000
0.905225 -0.031819 -0.423740 -5.191751 0.417377 -0.120627 0.900691 23.427902 -0.079774 -0.992188 -0.095914 -135.666763 0.000000 0.000000 0.000000 1.000000
0.912873 -0.052945 -0.404797 -2.705911 0.395270 -0.133363 0.908832 25.624716 -0.102103 -0.989652 -0.100816 -138.545822 0.000000 0.000000 0.000000 1.000000
0.919609 -0.062447 -0.387840 -0.497825 0.375534 -0.150029 0.914585 27.049004 -0.115300 -0.986708 -0.114517 -140.675827 0.000000 0.000000 0.000000 1.000000
0.928323 -0.075962 -0.363932 1.336607 0.348826 -0.160633 0.923319 27.326605 -0.128597 -0.984087 -0.122622 -142.306351 0.000000 0.000000 0.000000 1.000000
0.937225 -0.096855 -0.335005 2.670884 0.316568 -0.166626 0.933820 26.431635 -0.146266 -0.981252 -0.125505 -143.527313 0.000000 0.000000 0.000000 1.000000
0.947536 -0.117892 -0.297113 3.649788 0.274451 -0.176444 0.945275 24.726397 -0.163864 -0.977225 -0.134831 -144.375061 0.000000 0.000000 0.000000 1.000000
0.956138 -0.139079 -0.257794 4.470465 0.230305 -0.186882 0.955005 22.566959 -0.180998 -0.972488 -0.146654 -145.070435 0.000000 0.000000 0.000000 1.000000
0.962296 -0.156267 -0.222637 5.192675 0.190838 -0.195371 0.961983 20.315147 -0.193823 -0.968200 -0.158183 -145.721695 0.000000 0.000000 0.000000 1.000000
0.966637 -0.164737 -0.196149 5.859381 0.161989 -0.200045 0.966303 18.427551 -0.198424 -0.965838 -0.166685 -146.331238 0.000000 0.000000 0.000000 1.000000
0.968636 -0.166657 -0.184308 6.344775 0.149593 -0.201144 0.968072 17.376745 -0.198408 -0.965281 -0.169905 -146.984909 0.000000 0.000000 0.000000 1.000000
0.968257 -0.165813 -0.187039 6.489790 0.152427 -0.201356 0.967586 17.160414 -0.198100 -0.965382 -0.169690 -147.275711 0.000000 0.000000 0.000000 1.000000
0.966579 -0.161837 -0.198831 6.493402 0.165193 -0.199928 0.965785 17.380573 -0.196052 -0.966353 -0.166512 -147.409485 0.000000 0.000000 0.000000 1.000000
0.964719 -0.153834 -0.213663 6.440925 0.182259 -0.195430 0.963633 17.662266 -0.189996 -0.968577 -0.160497 -147.710434 0.000000 0.000000 0.000000 1.000000
0.963170 -0.146169 -0.225693 6.390875 0.197053 -0.187402 0.962315 17.812103 -0.182956 -0.971347 -0.151697 -147.916168 0.000000 0.000000 0.000000 1.000000
0.963498 -0.139399 -0.228558 6.379417 0.203843 -0.171444 0.963875 17.510841 -0.173548 -0.975282 -0.136771 -147.970581 0.000000 0.000000 0.000000 1.000000
0.965706 -0.134519 -0.222071 6.426773 0.201149 -0.153179 0.967510 16.892786 -0.164165 -0.979000 -0.120867 -147.893250 0.000000 0.000000 0.000000 1.000000
0.967081 -0.125767 -0.221217 6.411602 0.202775 -0.144347 0.968528 16.541523 -0.153740 -0.981502 -0.114093 -147.915756 0.000000 0.000000 0.000000 1.000000
0.964915 -0.114161 -0.236445 6.343566 0.219534 -0.143198 0.965038 16.755093 -0.144029 -0.983088 -0.113112 -147.999252 0.000000 0.000000 0.000000 1.000000</float_array><technique_common><accessor source="#Hips-Matrix-animation-output-transform-array" count="70" stride="16"><param type="float4x4"/></accessor></technique_common></source><source id="Hips-Interpolations"><Name_array id="Hips-Interpolations-array" count="70">
 LINEAR LINEAR LINEAR LINEAR LINEAR LINEAR LINEAR LINEAR LINEAR LINEAR LINEAR
LINEAR LINEAR LINEAR LINEAR LINEAR LINEAR LINEAR LINEAR LINEAR LINEAR LINEAR LINEAR
LINEAR LINEAR LINEAR LINEAR LINEAR LINEAR LINEAR LINEAR LINEAR LINEAR LINEAR LINEAR
LINEAR LINEAR LINEAR LINEAR LINEAR LINEAR LINEAR LINEAR LINEAR LINEAR LINEAR LINEAR
LINEAR LINEAR LINEAR LINEAR LINEAR LINEAR LINEAR LINEAR LINEAR LINEAR LINEAR LINEAR
LINEAR LINEAR LINEAR LINEAR LINEAR LINEAR LINEAR LINEAR LINEAR LINEAR LINEAR</Name_array><technique_common><accessor source="#Hips-Interpolations-array" count="70"><param type="name"/></accessor></technique_common></source><sampler id="Hips-Matrix-animation-transform"><input semantic="INPUT" source="#Hips-Matrix-animation-input"/><input semantic="OUTPUT" source="#Hips-Matrix-animation-output-transform"/><input semantic="INTERPOLATION" source="#Hips-Interpolations"/></sampler><channel source="#Hips-Matrix-animation-transform" target="Hips/matrix"/></animation>
    <animation id="Spine-anim" name="Spine"><source id="Spine-Matrix-animation-input"><float_array id="Spine-Matrix-animation-input-array" count="70">

0.000000 0.033333 0.066667 0.100000 0.133333 0.166667 0.200000 0.233333 0.266667 0.300000 0.333333 0.366667 0.400000 0.433333 0.466667 0.500000
0.533333 0.566667 0.600000 0.633333 0.666667 0.700000 0.733333 0.766667 0.800000 0.833333 0.866667 0.900000 0.933333 0.966667 1.000000 1.033333
1.066667 1.100000 1.133333 1.166667 1.200000 1.233333 1.266667 1.300000 1.333333 1.366667 1.400000 1.433333 1.466667 1.500000 1.533333 1.566667
1.600000 1.633333 1.666667 1.700000 1.733333 1.766667 1.800000 1.833333 1.866667 1.900000 1.933333 1.966667 2.000000 2.033333 2.066667 2.100000
2.133333 2.166667 2.200000 2.233333 2.266667 2.300000</float_array><technique_common><accessor source="#Spine-Matrix-animation-input-array" count="70"><param name="TIME" type="float"/></accessor></technique_common></source><source id="Spine-Matrix-animation-output-transform"><float_array id="Spine-Matrix-animation-output-transform-array" count="1120">

0.996337 0.053659 0.066584 -0.139400 -0.044758 0.990681 -0.128635 9.938600 -0.072866 0.125184 0.989454 0.799700 0.000000 0.000000 0.000000 1.000000
0.995333 0.072074 0.064165 -0.139400 -0.062862 0.988776 -0.135538 9.938600 -0.073213 0.130872 0.988692 0.799700 0.000000 0.000000 0.000000 1.000000
0.993743 0.096832 0.055670 -0.139400 -0.086211 0.981854 -0.168911 9.938600 -0.071016 0.163054 0.984058 0.799700 0.000000 0.000000 0.000000 1.000000
0.992100 0.114919 0.050308 -0.139400 -0.099229 0.964237 -0.245767 9.938600 -0.076752 0.238834 0.968023 0.799700 0.000000 0.000000 0.000000 1.000000
0.992396 0.118427 0.033544 -0.139400 -0.105650 0.959401 -0.261511 9.938600 -0.063152 0.255978 0.964617 0.799700 0.000000 0.000000 0.000000 1.000000
0.992632 0.112147 0.045874 -0.139400 -0.099758 0.971301 -0.215924 9.938600 -0.068773 0.209757 0.975332 0.799700 0.000000 0.000000 0.000000 1.000000
0.993916 0.094799 0.056077 -0.139400 -0.084050 0.981836 -0.170098 9.938600 -0.071183 0.164350 0.983830 0.799700 0.000000 0.000000 0.000000 1.000000
0.995507 0.072750 0.060604 -0.139400 -0.064636 0.989858 -0.126504 9.938600 -0.069193 0.122018 0.990113 0.799700 0.000000 0.000000 0.000000 1.000000
0.996797 0.050961 0.061636 -0.139400 -0.045235 0.994825 -0.090983 9.938600 -0.065954 0.087903 0.993943 0.799700 0.000000 0.000000 0.000000 1.000000
0.997578 0.031830 0.061849 -0.139400 -0.027748 0.997448 -0.065783 9.938600 -0.063785 0.063908 0.995915 0.799700 0.000000 0.000000 0.000000 1.000000
0.997940 0.014602 0.062474 -0.139400 -0.011854 0.998955 -0.044131 9.938600 -0.063053 0.043300 0.997070 0.799700 0.000000 0.000000 0.000000 1.000000
0.998001 -0.000906 0.063190 -0.139400 0.002561 0.999656 -0.026113 9.938600 -0.063145 0.026223 0.997660 0.799700 0.000000 0.000000 0.000000 1.000000
0.997871 -0.015566 0.063336 -0.139400 0.016342 0.999797 -0.011757 9.938600 -0.063140 0.012767 0.997923 0.799700 0.000000 0.000000 0.000000 1.000000
0.997613 -0.028279 0.062998 -0.139400 0.028411 0.999596 -0.001201 9.938600 -0.062938 0.002988 0.998013 0.799700 0.000000 0.000000 0.000000 1.000000
0.997316 -0.038945 0.062006 -0.139400 0.038678 0.999237 0.005488 9.938600 -0.062173 -0.003075 0.998061 0.799700 0.000000 0.000000 0.000000 1.000000
0.997062 -0.047269 0.060267 -0.139400 0.046857 0.998868 0.008239 9.938600 -0.060588 -0.005391 0.998148 0.799700 0.000000 0.000000 0.000000 1.000000
0.997049 -0.049960 0.058284 -0.139400 0.049811 0.998751 0.003999 9.938600 -0.058411 -0.001084 0.998292 0.799700 0.000000 0.000000 0.000000 1.000000
0.997108 -0.051212 0.056149 -0.139400 0.051424 0.998674 -0.002339 9.938600 -0.055955 0.005220 0.998420 0.799700 0.000000 0.000000 0.000000 1.000000
0.997218 -0.051512 0.053883 -0.139400 0.052125 0.998590 -0.010027 9.938600 -0.053291 0.012808 0.998497 0.799700 0.000000 0.000000 0.000000 1.000000
0.997377 -0.050903 0.051462 -0.139400 0.051933 0.998472 -0.018862 9.938600 -0.050423 0.021485 0.998497 0.799700 0.000000 0.000000 0.000000 1.000000
0.997572 -0.049552 0.048940 -0.139400 0.050993 0.998288 -0.028635 9.938600 -0.047437 0.031061 0.998391 0.799700 0.000000 0.000000 0.000000 1.000000
0.997787 -0.047621 0.046394 -0.139400 0.049452 0.998009 -0.039139 9.938600 -0.044438 0.041346 0.998156 0.799700 0.000000 0.000000 0.000000 1.000000
0.998022 -0.044919 0.043971 -0.139400 0.047113 0.997628 -0.050183 9.938600 -0.041613 0.052156 0.997772 0.799700 0.000000 0.000000 0.000000 1.000000
0.998271 -0.041196 0.041932 -0.139400 0.043730 0.997153 -0.061425 9.938600 -0.039283 0.063152 0.997231 0.799700 0.000000 0.000000 0.000000 1.000000
0.998513 -0.037005 0.040024 -0.139400 0.039846 0.996557 -0.072701 9.938600 -0.037196 0.074188 0.996550 0.799700 0.000000 0.000000 0.000000 1.000000
0.998748 -0.032654 0.037904 -0.139400 0.035753 0.995809 -0.084182 9.938600 -0.034996 0.085432 0.995729 0.799700 0.000000 0.000000 0.000000 1.000000
0.998967 -0.027958 0.035831 -0.139400 0.031273 0.994931 -0.095569 9.938600 -0.032978 0.096591 0.994778 0.799700 0.000000 0.000000 0.000000 1.000000
0.999158 -0.022934 0.034030 -0.139400 0.026444 0.993954 -0.106561 9.938600 -0.031380 0.107371 0.993724 0.799700 0.000000 0.000000 0.000000 1.000000
0.999309 -0.017545 0.032755 -0.139400 0.021263 0.992920 -0.116865 9.938600 -0.030473 0.117481 0.992607 0.799700 0.000000 0.000000 0.000000 1.000000
0.999405 -0.012272 0.032233 -0.139400 0.016249 0.991874 -0.126180 9.938600 -0.030423 0.126629 0.991484 0.799700 0.000000 0.000000 0.000000 1.000000
0.999436 -0.007604 0.032706 -0.139400 0.011931 0.990881 -0.134212 9.938600 -0.031387 0.134527 0.990413 0.799700 0.000000 0.000000 0.000000 1.000000
0.999393 -0.003273 0.034693 -0.139400 0.008109 0.990092 -0.140188 9.938600 -0.033891 0.140384 0.989517 0.799700 0.000000 0.000000 0.000000 1.000000
0.999261 0.001086 0.038425 -0.139400 0.004446 0.989625 -0.143608 9.938600 -0.038182 0.143673 0.988888 0.799700 0.000000 0.000000 0.000000 1.000000
0.999048 0.005257 0.043304 -0.139400 0.001097 0.989370 -0.145416 9.938600 -0.043608 0.145325 0.988422 0.799700 0.000000 0.000000 0.000000 1.000000
0.998770 0.009310 0.048708 -0.139400 -0.002068 0.989183 -0.146672 9.938600 -0.049547 0.146391 0.987985 0.799700 0.000000 0.000000 0.000000 1.000000
0.998449 0.013129 0.054112 -0.139400 -0.004960 0.988912 -0.148421 9.938600 -0.055460 0.147922 0.987443 0.799700 0.000000 0.000000 0.000000 1.000000
0.998121 0.016646 0.058976 -0.139400 -0.007520 0.988398 -0.151699 9.938600 -0.060817 0.150970 0.986666 0.799700 0.000000 0.000000 0.000000 1.000000
0.997824 0.020809 0.062561 -0.139400 -0.010712 0.987446 -0.157593 9.938600 -0.065055 0.156580 0.985521 0.799700 0.000000 0.000000 0.000000 1.000000
0.997584 0.026586 0.064175 -0.139400 -0.015528 0.985832 -0.167018 9.938600 -0.067706 0.165618 0.983863 0.799700 0.000000 0.000000 0.000000 1.000000
0.997404 0.031913 0.064558 -0.139400 -0.019891 0.983659 -0.178941 9.938600 -0.069214 0.177192 0.981739 0.799700 0.000000 0.000000 0.000000 1.000000
0.997249 0.038014 0.063638 -0.139400 -0.025060 0.980840 -0.193196 9.938600 -0.069762 0.191070 0.979094 0.799700 0.000000 0.000000 0.000000 1.000000
0.997116 0.045202 0.060963 -0.139400 -0.031424 0.977089 -0.210499 9.938600 -0.069081 0.207976 0.975691 0.799700 0.000000 0.000000 0.000000 1.000000
0.997009 0.052466 0.056744 -0.139400 -0.037982 0.972104 -0.231455 9.938600 -0.067305 0.228608 0.971189 0.799700 0.000000 0.000000 0.000000 1.000000
0.996930 0.059880 0.050456 -0.139400 -0.044893 0.965034 -0.258252 9.938600 -0.064156 0.255194 0.964759 0.799700 0.000000 0.000000 0.000000 1.000000
0.996218 0.077930 0.038429 -0.139400 -0.063174 0.953271 -0.295437 9.938600 -0.059657 0.291892 0.954589 0.799700 0.000000 0.000000 0.000000 1.000000
0.994814 0.098807 0.024121 -0.139400 -0.085248 0.939380 -0.332111 9.938600 -0.055474 0.328333 0.942932 0.799700 0.000000 0.000000 0.000000 1.000000
0.994680 0.102020 0.014250 -0.139400 -0.089874 0.927090 -0.363906 9.938600 -0.050337 0.360689 0.931327 0.799700 0.000000 0.000000 0.000000 1.000000
0.996562 0.081519 0.014764 -0.139400 -0.069535 0.919943 -0.385836 9.938600 -0.045035 0.383483 0.922449 0.799700 0.000000 0.000000 0.000000 1.000000
0.999086 0.024762 0.034844 -0.139400 -0.009702 0.925208 -0.379335 9.938600 -0.041631 0.378650 0.924603 0.799700 0.000000 0.000000 0.000000 1.000000
0.997372 -0.027166 0.067172 -0.139400 0.046608 0.950340 -0.307703 9.938600 -0.055477 0.310025 0.949109 0.799700 0.000000 0.000000 0.000000 1.000000
0.993998 -0.054318 0.094960 -0.139400 0.077564 0.962054 -0.261603 9.938600 -0.077147 0.267398 0.960493 0.799700 0.000000 0.000000 0.000000 1.000000
0.990051 -0.067570 0.123423 -0.139400 0.094379 0.969470 -0.226317 9.938600 -0.104363 0.235714 0.966202 0.799700 0.000000 0.000000 0.000000 1.000000
0.985274 -0.077999 0.152154 -0.139400 0.107218 0.975035 -0.194453 9.938600 -0.133189 0.207903 0.969039 0.799700 0.000000 0.000000 0.000000 1.000000
0.979604 -0.089024 0.180140 -0.139400 0.119798 0.978498 -0.167898 9.938600 -0.161320 0.186054 0.969206 0.799700 0.000000 0.000000 0.000000 1.000000
0.973397 -0.102734 0.204803 -0.139400 0.137253 0.977171 -0.162171 9.938600 -0.183467 0.185966 0.965275 0.799700 0.000000 0.000000 0.000000 1.000000
0.967781 -0.111838 0.225592 -0.139400 0.150049 0.975642 -0.160027 9.938600 -0.202200 0.188721 0.960989 0.799700 0.000000 0.000000 0.000000 1.000000
0.968554 -0.109654 0.223336 -0.139400 0.149954 0.973561 -0.172315 9.938600 -0.198536 0.200387 0.959390 0.799700 0.000000 0.000000 0.000000 1.000000
0.975360 -0.101052 0.196117 -0.139400 0.142592 0.967057 -0.210875 9.938600 -0.168347 0.233644 0.957638 0.799700 0.000000 0.000000 0.000000 1.000000
0.983109 -0.089227 0.159795 -0.139400 0.128886 0.957419 -0.258336 9.938600 -0.129941 0.274568 0.952748 0.799700 0.000000 0.000000 0.000000 1.000000
0.989249 -0.078874 0.123149 -0.139400 0.113221 0.946057 -0.303575 9.938600 -0.092562 0.314254 0.944816 0.799700 0.000000 0.000000 0.000000 1.000000
0.992643 -0.075450 0.094692 -0.139400 0.103273 0.935851 -0.336923 9.938600 -0.063197 0.344224 0.936758 0.799700 0.000000 0.000000 0.000000 1.000000
0.993820 -0.076753 0.080191 -0.139400 0.100321 0.930262 -0.352913 9.938600 -0.047511 0.358777 0.932213 0.799700 0.000000 0.000000 0.000000 1.000000
0.994259 -0.077970 0.073283 -0.139400 0.099184 0.928533 -0.357756 9.938600 -0.040151 0.362970 0.930935 0.799700 0.000000 0.000000 0.000000 1.000000
0.994187 -0.080078 0.071971 -0.139400 0.100553 0.929527 -0.354780 9.938600 -0.038489 0.359955 0.932175 0.799700 0.000000 0.000000 0.000000 1.000000
0.993531 -0.084974 0.075332 -0.139400 0.105970 0.932200 -0.346084 9.938600 -0.040816 0.351828 0.935174 0.799700 0.000000 0.000000 0.000000 1.000000
0.992719 -0.089462 0.080652 -0.139400 0.111487 0.935920 -0.334103 9.938600 -0.045595 0.340662 0.939080 0.799700 0.000000 0.000000 0.000000 1.000000
0.991612 -0.093333 0.089411 -0.139400 0.117116 0.941466 -0.316110 9.938600 -0.054674 0.323930 0.944500 0.799700 0.000000 0.000000 0.000000 1.000000
0.990984 -0.096691 0.092742 -0.139400 0.120340 0.946665 -0.298905 9.938600 -0.058894 0.307370 0.949766 0.799700 0.000000 0.000000 0.000000 1.000000
0.990576 -0.100376 0.093188 -0.139400 0.123438 0.949080 -0.289844 9.938600 -0.059349 0.298616 0.952526 0.799700 0.000000 0.000000 0.000000 1.000000
0.990351 -0.098262 0.097722 -0.139400 0.122323 0.951233 -0.283182 9.938600 -0.065131 0.292403 0.954075 0.799700 0.000000 0.000000 0.000000 1.000000</float_array><technique_common><accessor source="#Spine-Matrix-animation-output-transform-array" count="70" stride="16"><param type="float4x4"/></accessor></technique_common></source><source id="Spine-Interpolations"><Name_array id="Spine-Interpolations-array" count="70">
 LINEAR LINEAR LINEAR LINEAR LINEAR LINEAR LINEAR LINEAR LINEAR LINEAR LINEAR
LINEAR LINEAR LINEAR LINEAR LINEAR LINEAR LINEAR LINEAR LINEAR LINEAR LINEAR LINEAR
LINEAR LINEAR LINEAR LINEAR LINEAR LINEAR LINEAR LINEAR LINEAR LINEAR LINEAR LINEAR
LINEAR LINEAR LINEAR LINEAR LINEAR LINEAR LINEAR LINEAR LINEAR LINEAR LINEAR LINEAR
LINEAR LINEAR LINEAR LINEAR LINEAR LINEAR LINEAR LINEAR LINEAR LINEAR LINEAR LINEAR
LINEAR LINEAR LINEAR LINEAR LINEAR LINEAR LINEAR LINEAR LINEAR LINEAR LINEAR</Name_array><technique_common><accessor source="#Spine-Interpolations-array" count="70"><param type="name"/></accessor></technique_common></source><sampler id="Spine-Matrix-animation-transform"><input semantic="INPUT" source="#Spine-Matrix-animation-input"/><input semantic="OUTPUT" source="#Spine-Matrix-animation-output-transform"/><input semantic="INTERPOLATION" source="#Spine-Interpolations"/></sampler><channel source="#Spine-Matrix-animation-transform" target="Spine/matrix"/></animation>
    <animation id="Spine1-anim" name="Spine1"><source id="Spine1-Matrix-animation-input"><float_array id="Spine1-Matrix-animation-input-array" count="70">

0.000000 0.033333 0.066667 0.100000 0.133333 0.166667 0.200000 0.233333 0.266667 0.300000 0.333333 0.366667 0.400000 0.433333 0.466667 0.500000
0.533333 0.566667 0.600000 0.633333 0.666667 0.700000 0.733333 0.766667 0.800000 0.833333 0.866667 0.900000 0.933333 0.966667 1.000000 1.033333
1.066667 1.100000 1.133333 1.166667 1.200000 1.233333 1.266667 1.300000 1.333333 1.366667 1.400000 1.433333 1.466667 1.500000 1.533333 1.566667
1.600000 1.633333 1.666667 1.700000 1.733333 1.766667 1.800000 1.833333 1.866667 1.900000 1.933333 1.966667 2.000000 2.033333 2.066667 2.100000
2.133333 2.166667 2.200000 2.233333 2.266667 2.300000</float_array><technique_common><accessor source="#Spine1-Matrix-animation-input-array" count="70"><param name="TIME" type="float"/></accessor></technique_common></source><source id="Spine1-Matrix-animation-output-transform"><float_array id="Spine1-Matrix-animation-output-transform-array" count="1120">

0.998870 -0.040556 0.024793 -0.162600 0.041082 0.998933 -0.021096 11.595000 -0.023911 0.022091 0.999470 -0.285800 0.000000 0.000000 0.000000 1.000000
0.999187 -0.032390 0.023988 -0.162600 0.032977 0.999156 -0.024489 11.595000 -0.023174 0.025260 0.999412 -0.285800 0.000000 0.000000 0.000000 1.000000
0.999441 -0.025785 0.021262 -0.162600 0.026587 0.998910 -0.038355 11.595000 -0.020250 0.038899 0.999038 -0.285800 0.000000 0.000000 0.000000 1.000000
0.999583 -0.021370 0.019401 -0.162600 0.022302 0.998540 -0.049189 11.595000 -0.018321 0.049601 0.998601 -0.285800 0.000000 0.000000 0.000000 1.000000
0.999850 -0.009569 0.014419 -0.162600 0.010134 0.999162 -0.039647 11.595000 -0.014027 0.039787 0.999110 -0.285800 0.000000 0.000000 0.000000 1.000000
0.999835 0.006779 0.016827 -0.162600 -0.006404 0.999732 -0.022229 11.595000 -0.016973 0.022117 0.999611 -0.285800 0.000000 0.000000 0.000000 1.000000
0.999721 0.014607 0.018570 -0.162600 -0.014552 0.999889 -0.003065 11.595000 -0.018612 0.002794 0.999823 -0.285800 0.000000 0.000000 0.000000 1.000000
0.999653 0.018389 0.018878 -0.162600 -0.018714 0.999678 0.017154 11.595000 -0.018556 -0.017501 0.999675 -0.285800 0.000000 0.000000 0.000000 1.000000
0.999656 0.018762 0.018347 -0.162600 -0.019389 0.999213 0.034618 11.595000 -0.017683 -0.034962 0.999232 -0.285800 0.000000 0.000000 0.000000 1.000000
0.999708 0.016556 0.017594 -0.162600 -0.017375 0.998721 0.047480 11.595000 -0.016785 -0.047772 0.998717 -0.285800 0.000000 0.000000 0.000000 1.000000
0.999771 0.013292 0.016770 -0.162600 -0.014259 0.998162 0.058904 11.595000 -0.015956 -0.059130 0.998123 -0.285800 0.000000 0.000000 0.000000 1.000000
0.999830 0.009354 0.015880 -0.162600 -0.010423 0.997589 0.068612 11.595000 -0.015200 -0.068766 0.997517 -0.285800 0.000000 0.000000 0.000000 1.000000
0.999875 0.005125 0.014931 -0.162600 -0.006250 0.997063 0.076331 11.595000 -0.014496 -0.076415 0.996971 -0.285800 0.000000 0.000000 0.000000 1.000000
0.999903 0.000987 0.013927 -0.162600 -0.002123 0.996647 0.081789 11.595000 -0.013800 -0.081810 0.996552 -0.285800 0.000000 0.000000 0.000000 1.000000
0.999914 -0.002675 0.012876 -0.162600 0.001575 0.996404 0.084717 11.595000 -0.013056 -0.084689 0.996322 -0.285800 0.000000 0.000000 0.000000 1.000000
0.999916 -0.005479 0.011783 -0.162600 0.004460 0.996384 0.084847 11.595000 -0.012205 -0.084788 0.996324 -0.285800 0.000000 0.000000 0.000000 1.000000
0.999923 -0.006148 0.010808 -0.162600 0.005268 0.996809 0.079651 11.595000 -0.011263 -0.079588 0.996764 -0.285800 0.000000 0.000000 0.000000 1.000000
0.999931 -0.006363 0.009828 -0.162600 0.005631 0.997330 0.072803 11.595000 -0.010265 -0.072742 0.997298 -0.285800 0.000000 0.000000 0.000000 1.000000
0.999941 -0.006322 0.008835 -0.162600 0.005736 0.997876 0.064885 11.595000 -0.009227 -0.064830 0.997854 -0.285800 0.000000 0.000000 0.000000 1.000000
0.999951 -0.006030 0.007840 -0.162600 0.005581 0.998412 0.056059 11.595000 -0.008166 -0.056013 0.998397 -0.285800 0.000000 0.000000 0.000000 1.000000
0.999961 -0.005489 0.006854 -0.162600 0.005164 0.998905 0.046489 11.595000 -0.007102 -0.046452 0.998895 -0.285800 0.000000 0.000000 0.000000 1.000000
0.999972 -0.004703 0.005889 -0.162600 0.004486 0.999329 0.036339 11.595000 -0.006055 -0.036312 0.999322 -0.285800 0.000000 0.000000 0.000000 1.000000
0.999981 -0.003675 0.004953 -0.162600 0.003546 0.999662 0.025773 11.595000 -0.005046 -0.025754 0.999656 -0.285800 0.000000 0.000000 0.000000 1.000000
0.999989 -0.002281 0.004086 -0.162600 0.002219 0.999884 0.015059 11.595000 -0.004120 -0.015049 0.999878 -0.285800 0.000000 0.000000 0.000000 1.000000
0.999995 -0.000441 0.003214 -0.162600 0.000428 0.999992 0.004044 11.595000 -0.003216 -0.004043 0.999987 -0.285800 0.000000 0.000000 0.000000 1.000000
0.999996 0.001543 0.002272 -0.162600 -0.001526 0.999971 -0.007398 11.595000 -0.002283 0.007394 0.999970 -0.285800 0.000000 0.000000 0.000000 1.000000
0.999992 0.003652 0.001353 -0.162600 -0.003626 0.999817 -0.018793 11.595000 -0.001421 0.018788 0.999822 -0.285800 0.000000 0.000000 0.000000 1.000000
0.999983 0.005866 0.000549 -0.162600 -0.005847 0.999543 -0.029666 11.595000 -0.000723 0.029663 0.999560 -0.285800 0.000000 0.000000 0.000000 1.000000
0.999967 0.008166 -0.000047 -0.162600 -0.008161 0.999184 -0.039547 11.595000 -0.000276 0.039546 0.999218 -0.285800 0.000000 0.000000 0.000000 1.000000
0.999944 0.010530 -0.000344 -0.162600 -0.010535 0.998793 -0.047965 11.595000 -0.000162 0.047966 0.998849 -0.285800 0.000000 0.000000 0.000000 1.000000
0.999916 0.012941 -0.000247 -0.162600 -0.012935 0.998433 -0.054453 11.595000 -0.000458 0.054452 0.998516 -0.285800 0.000000 0.000000 0.000000 1.000000
0.999882 0.015386 0.000462 -0.162600 -0.015333 0.998186 -0.058223 11.595000 -0.001357 0.058209 0.998303 -0.285800 0.000000 0.000000 0.000000 1.000000
0.999838 0.017881 0.001915 -0.162600 -0.017737 0.998101 -0.058983 11.595000 -0.002966 0.058940 0.998257 -0.285800 0.000000 0.000000 0.000000 1.000000
0.999784 0.020439 0.003854 -0.162600 -0.020183 0.998131 -0.057679 11.595000 -0.005025 0.057589 0.998328 -0.285800 0.000000 0.000000 0.000000 1.000000
0.999716 0.023071 0.005989 -0.162600 -0.022704 0.998209 -0.055344 11.595000 -0.007255 0.055193 0.998449 -0.285800 0.000000 0.000000 0.000000 1.000000
0.999635 0.025789 0.008031 -0.162600 -0.025328 0.998273 -0.053012 11.595000 -0.009384 0.052789 0.998562 -0.285800 0.000000 0.000000 0.000000 1.000000
0.999544 0.028607 0.009689 -0.162600 -0.028070 0.998268 -0.051711 11.595000 -0.011151 0.051415 0.998615 -0.285800 0.000000 0.000000 0.000000 1.000000
0.999446 0.031538 0.010675 -0.162600 -0.030936 0.998143 -0.052468 11.595000 -0.012310 0.052109 0.998566 -0.285800 0.000000 0.000000 0.000000 1.000000
0.999348 0.034478 0.010761 -0.162600 -0.033823 0.997856 -0.056038 11.595000 -0.012670 0.055637 0.998371 -0.285800 0.000000 0.000000 0.000000 1.000000
0.999280 0.036504 0.010306 -0.162600 -0.035813 0.997514 -0.060687 11.595000 -0.012496 0.060274 0.998104 -0.285800 0.000000 0.000000 0.000000 1.000000
0.999231 0.038080 0.009326 -0.162600 -0.037378 0.997088 -0.066466 11.595000 -0.011830 0.066066 0.997745 -0.285800 0.000000 0.000000 0.000000 1.000000
0.999150 0.040538 0.007469 -0.162600 -0.039864 0.996379 -0.075102 11.595000 -0.010487 0.074740 0.997148 -0.285800 0.000000 0.000000 0.000000 1.000000
0.998968 0.045211 0.004385 -0.162600 -0.044648 0.995093 -0.088298 11.595000 -0.008355 0.088011 0.996084 -0.285800 0.000000 0.000000 0.000000 1.000000
0.998522 0.054343 -0.000788 -0.162600 -0.054102 0.992501 -0.109609 11.595000 -0.005174 0.109489 0.993974 -0.285800 0.000000 0.000000 0.000000 1.000000
0.997476 0.070389 -0.009291 -0.162600 -0.070993 0.987047 -0.143871 11.595000 -0.000956 0.144167 0.989553 -0.285800 0.000000 0.000000 0.000000 1.000000
0.996144 0.086012 -0.017289 -0.162600 -0.087716 0.980275 -0.177106 11.595000 0.001714 0.177940 0.984040 -0.285800 0.000000 0.000000 0.000000 1.000000
0.994984 0.097291 -0.023262 -0.162600 -0.099992 0.973944 -0.203555 11.595000 0.002852 0.204860 0.978787 -0.285800 0.000000 0.000000 0.000000 1.000000
0.994850 0.098245 -0.024913 -0.162600 -0.101309 0.971263 -0.215372 11.595000 0.003038 0.216787 0.976214 -0.285800 0.000000 0.000000 0.000000 1.000000
0.996478 0.081693 -0.018903 -0.162600 -0.083824 0.976257 -0.199739 11.595000 0.002137 0.200620 0.979667 -0.285800 0.000000 0.000000 0.000000 1.000000
0.999515 0.031121 -0.001037 -0.162600 -0.030982 0.990621 -0.133080 11.595000 -0.003114 0.133047 0.991105 -0.285800 0.000000 0.000000 0.000000 1.000000
0.999633 -0.017663 0.020551 -0.162600 0.019110 0.997187 -0.072476 11.595000 -0.019213 0.072842 0.997158 -0.285800 0.000000 0.000000 0.000000 1.000000
0.997994 -0.029528 0.056003 -0.162600 0.031474 0.998919 -0.034203 11.595000 -0.054932 0.035897 0.997845 -0.285800 0.000000 0.000000 0.000000 1.000000
0.995061 -0.029600 0.094748 -0.162600 0.030157 0.999535 -0.004458 11.595000 -0.094572 0.007293 0.995491 -0.285800 0.000000 0.000000 0.000000 1.000000
0.991185 -0.027417 0.129615 -0.162600 0.025353 0.999525 0.017545 11.595000 -0.130034 -0.014104 0.991409 -0.285800 0.000000 0.000000 0.000000 1.000000
0.989124 -0.028476 0.144303 -0.162600 0.026288 0.999509 0.017046 11.595000 -0.144717 -0.013067 0.989387 -0.285800 0.000000 0.000000 0.000000 1.000000
0.988792 -0.031448 0.145953 -0.162600 0.030360 0.999492 0.009673 11.595000 -0.146184 -0.005133 0.989244 -0.285800 0.000000 0.000000 0.000000 1.000000
0.990284 -0.033234 0.135027 -0.162600 0.032599 0.999445 0.006912 11.595000 -0.135181 -0.002443 0.990818 -0.285800 0.000000 0.000000 0.000000 1.000000
0.993292 -0.034260 0.110445 -0.162600 0.034055 0.999413 0.003746 11.595000 -0.110509 0.000040 0.993875 -0.285800 0.000000 0.000000 0.000000 1.000000
0.996117 -0.034959 0.080796 -0.162600 0.035034 0.999386 0.000482 11.595000 -0.080763 0.002351 0.996731 -0.285800 0.000000 0.000000 0.000000 1.000000
0.998032 -0.035492 0.051687 -0.162600 0.035677 0.999360 -0.002669 11.595000 -0.051560 0.004508 0.998660 -0.285800 0.000000 0.000000 0.000000 1.000000
0.998937 -0.036019 0.028777 -0.162600 0.036193 0.999329 -0.005563 11.595000 -0.028557 0.006598 0.999570 -0.285800 0.000000 0.000000 0.000000 1.000000
0.999192 -0.036645 0.016525 -0.162600 0.036784 0.999290 -0.008196 11.595000 -0.016213 0.008798 0.999830 -0.285800 0.000000 0.000000 0.000000 1.000000
0.999229 -0.037250 0.012437 -0.162600 0.037385 0.999242 -0.010824 11.595000 -0.012024 0.011280 0.999864 -0.285800 0.000000 0.000000 0.000000 1.000000
0.999193 -0.037805 0.013556 -0.162600 0.037985 0.999190 -0.013302 11.595000 -0.013042 0.013807 0.999820 -0.285800 0.000000 0.000000 0.000000 1.000000
0.999115 -0.038313 0.017349 -0.162600 0.038582 0.999136 -0.015424 11.595000 -0.016743 0.016080 0.999731 -0.285800 0.000000 0.000000 0.000000 1.000000
0.999021 -0.038775 0.021279 -0.162600 0.039139 0.999089 -0.016986 11.595000 -0.020601 0.017802 0.999629 -0.285800 0.000000 0.000000 0.000000 1.000000
0.998941 -0.039117 0.024230 -0.162600 0.039542 0.999069 -0.017279 11.595000 -0.023532 0.018219 0.999557 -0.285800 0.000000 0.000000 0.000000 1.000000
0.998939 -0.038338 0.025502 -0.162600 0.038829 0.999065 -0.019030 11.595000 -0.024749 0.020000 0.999494 -0.285800 0.000000 0.000000 0.000000 1.000000
0.998957 -0.037764 0.025674 -0.162600 0.038338 0.999017 -0.022258 11.595000 -0.024808 0.023219 0.999423 -0.285800 0.000000 0.000000 0.000000 1.000000
0.998949 -0.036797 0.027343 -0.162600 0.037504 0.998963 -0.025804 11.595000 -0.026365 0.026802 0.999293 -0.285800 0.000000 0.000000 0.000000 1.000000</float_array><technique_common><accessor source="#Spine1-Matrix-animation-output-transform-array" count="70" stride="16"><param type="float4x4"/></accessor></technique_common></source><source id="Spine1-Interpolations"><Name_array id="Spine1-Interpolations-array" count="70">
 LINEAR LINEAR LINEAR LINEAR LINEAR LINEAR LINEAR LINEAR LINEAR LINEAR LINEAR
LINEAR LINEAR LINEAR LINEAR LINEAR LINEAR LINEAR LINEAR LINEAR LINEAR LINEAR LINEAR
LINEAR LINEAR LINEAR LINEAR LINEAR LINEAR LINEAR LINEAR LINEAR LINEAR LINEAR LINEAR
LINEAR LINEAR LINEAR LINEAR LINEAR LINEAR LINEAR LINEAR LINEAR LINEAR LINEAR LINEAR
LINEAR LINEAR LINEAR LINEAR LINEAR LINEAR LINEAR LINEAR LINEAR LINEAR LINEAR LINEAR
LINEAR LINEAR LINEAR LINEAR LINEAR LINEAR LINEAR LINEAR LINEAR LINEAR LINEAR</Name_array><technique_common><accessor source="#Spine1-Interpolations-array" count="70"><param type="name"/></accessor></technique_common></source><sampler id="Spine1-Matrix-animation-transform"><input semantic="INPUT" source="#Spine1-Matrix-animation-input"/><input semantic="OUTPUT" source="#Spine1-Matrix-animation-output-transform"/><input semantic="INTERPOLATION" source="#Spine1-Interpolations"/></sampler><channel source="#Spine1-Matrix-animation-transform" target="Spine1/matrix"/></animation>
    <animation id="Spine2-anim" name="Spine2"><source id="Spine2-Matrix-animation-input"><float_array id="Spine2-Matrix-animation-input-array" count="70">

0.000000 0.033333 0.066667 0.100000 0.133333 0.166667 0.200000 0.233333 0.266667 0.300000 0.333333 0.366667 0.400000 0.433333 0.466667 0.500000
0.533333 0.566667 0.600000 0.633333 0.666667 0.700000 0.733333 0.766667 0.800000 0.833333 0.866667 0.900000 0.933333 0.966667 1.000000 1.033333
1.066667 1.100000 1.133333 1.166667 1.200000 1.233333 1.266667 1.300000 1.333333 1.366667 1.400000 1.433333 1.466667 1.500000 1.533333 1.566667
1.600000 1.633333 1.666667 1.700000 1.733333 1.766667 1.800000 1.833333 1.866667 1.900000 1.933333 1.966667 2.000000 2.033333 2.066667 2.100000
