<?xml version="1.0" encoding="utf-8"?>
<COLLADA xmlns="http://www.collada.org/2005/11/COLLADASchema" version="1.4.1">
  <asset><contributor><author>Mixamo</author><authoring_tool>COLLADA Mixamo exporter</authoring_tool><comments></comments></contributor><created>2018-10-28T05:04:15Z</created><modified>2018-10-28T05:04:15Z</modified><revision></revision><title></title><unit meter="0.010000"/><up_axis>Y_UP</up_axis></asset>
  <library_animations>
    <animation id="Hips-anim" name="Hips"><source id="Hips-Matrix-animation-input"><float_array id="Hips-Matrix-animation-input-array" count="32">

0.000000 0.033333 0.066667 0.100000 0.133333 0.166667 0.200000 0.233333 0.266667 0.300000 0.333333 0.366667 0.400000 0.433333 0.466667 0.500000
0.533333 0.566667 0.600000 0.633333 0.666667 0.700000 0.733333 0.766667 0.800000 0.833333 0.866667 0.900000 0.933333 0.966667 1.000000 1.033333</float_array><technique_common><accessor source="#Hips-Matrix-animation-input-array" count="32"><param name="TIME" type="float"/></accessor></technique_common></source><source id="Hips-Matrix-animation-output-transform"><float_array id="Hips-Matrix-animation-output-transform-array" count="512">

0.869877 -0.062126 -0.489340 10.162550 -0.116131 0.938358 -0.325574 77.895576 0.479403 0.340037 0.809041 -0.666834 0.000000 0.000000 0.000000 1.000000
0.857624 -0.098403 -0.504776 10.007169 -0.089879 0.937738 -0.335513 80.451393 0.506363 0.333112 0.795382 4.427090 0.000000 0.000000 0.000000 1.000000
0.841577 -0.128982 -0.524511 9.953359 -0.066036 0.939216 -0.336917 82.251671 0.536085 0.318178 0.781905 9.081699 0.000000 0.000000 0.000000 1.000000
0.828797 -0.145766 -0.540230 9.952825 -0.052074 0.941189 -0.333843 83.156067 0.557122 0.304820 0.772464 13.416697 0.000000 0.000000 0.000000 1.000000
0.824119 -0.150175 -0.546145 9.982635 -0.055291 0.938278 -0.341434 82.777229 0.563711 0.311580 0.764950 17.783504 0.000000 0.000000 0.000000 1.000000
0.828240 -0.151365 -0.539544 10.054377 -0.067797 0.928689 -0.364610 81.189911 0.556258 0.338564 0.758915 22.371180 0.000000 0.000000 0.000000 1.000000
0.833973 -0.152136 -0.530419 10.221786 -0.077006 0.919748 -0.384881 78.756271 0.546406 0.361826 0.755330 27.385782 0.000000 0.000000 0.000000 1.000000
0.832270 -0.151193 -0.533354 10.426545 -0.078504 0.920252 -0.383372 75.908981 0.548783 0.360939 0.754029 32.886124 0.000000 0.000000 0.000000 1.000000
0.824061 -0.146210 -0.547308 10.503942 -0.075966 0.928874 -0.362522 73.049858 0.561385 0.340317 0.754342 38.472214 0.000000 0.000000 0.000000 1.000000
0.816737 -0.138690 -0.560095 10.365712 -0.070997 0.939154 -0.336080 70.559052 0.572626 0.314254 0.757194 43.613945 0.000000 0.000000 0.000000 1.000000
0.813465 -0.132186 -0.566394 10.021591 -0.064283 0.947430 -0.313438 68.825554 0.578051 0.291380 0.762204 48.189774 0.000000 0.000000 0.000000 1.000000
0.814430 -0.126651 -0.566271 9.599035 -0.059497 0.952519 -0.298609 68.100006 0.577204 0.276888 0.768225 52.547916 0.000000 0.000000 0.000000 1.000000
0.820576 -0.118356 -0.559148 9.351745 -0.062868 0.953695 -0.294132 68.529785 0.568069 0.276510 0.775138 57.236973 0.000000 0.000000 0.000000 1.000000
0.830827 -0.108548 -0.545842 9.440211 -0.072637 0.951254 -0.299732 70.009773 0.551770 0.288673 0.782444 62.261608 0.000000 0.000000 0.000000 1.000000
0.841478 -0.098531 -0.531231 9.746140 -0.085625 0.946485 -0.311182 72.176659 0.533463 0.307340 0.788010 67.474854 0.000000 0.000000 0.000000 1.000000
0.849582 -0.085944 -0.520408 10.147033 -0.102392 0.940995 -0.322560 74.555809 0.517423 0.327326 0.790652 72.801315 0.000000 0.000000 0.000000 1.000000
0.848362 -0.074570 -0.524138 10.661363 -0.112060 0.942305 -0.315442 77.158035 0.517421 0.326344 0.791060 78.039574 0.000000 0.000000 0.000000 1.000000
0.842931 -0.063020 -0.534319 11.083563 -0.119472 0.946397 -0.300098 79.850861 0.524590 0.316798 0.790218 83.016365 0.000000 0.000000 0.000000 1.000000
0.841430 -0.052512 -0.537809 11.313385 -0.122185 0.951001 -0.284021 81.505966 0.526371 0.304696 0.793784 87.946167 0.000000 0.000000 0.000000 1.000000
0.842683 -0.046748 -0.536377 11.371510 -0.117875 0.956037 -0.268513 82.620483 0.525349 0.289496 0.800125 92.565453 0.000000 0.000000 0.000000 1.000000
0.856695 -0.042085 -0.514103 11.227265 -0.110933 0.958313 -0.263306 82.551651 0.503753 0.282604 0.816314 96.873756 0.000000 0.000000 0.000000 1.000000
0.874139 -0.042312 -0.483830 10.865699 -0.097221 0.960790 -0.259674 81.482994 0.475846 0.274029 0.835750 101.352913 0.000000 0.000000 0.000000 1.000000
0.888349 -0.044228 -0.457034 10.352294 -0.085985 0.961719 -0.260199 79.655685 0.451046 0.270446 0.850539 106.181351 0.000000 0.000000 0.000000 1.000000
0.896565 -0.041224 -0.440990 9.948734 -0.087658 0.959450 -0.267904 77.489456 0.434152 0.278849 0.856595 111.192902 0.000000 0.000000 0.000000 1.000000
0.899502 -0.031505 -0.435779 9.668576 -0.102305 0.954482 -0.280176 74.601036 0.424770 0.296601 0.855335 116.476952 0.000000 0.000000 0.000000 1.000000
0.897242 -0.010526 -0.441413 9.653762 -0.131072 0.948302 -0.289037 71.306198 0.421635 0.317194 0.849478 121.381935 0.000000 0.000000 0.000000 1.000000
0.893758 0.014475 -0.448316 10.062080 -0.160105 0.943936 -0.288706 68.568375 0.419003 0.329811 0.845968 125.715439 0.000000 0.000000 0.000000 1.000000
0.892824 0.025239 -0.449699 10.655497 -0.170449 0.943107 -0.285476 67.648201 0.416909 0.331530 0.846330 130.232315 0.000000 0.000000 0.000000 1.000000
0.890628 0.016225 -0.454444 10.990785 -0.164500 0.943177 -0.288717 68.990059 0.423936 0.331895 0.842688 135.403702 0.000000 0.000000 0.000000 1.000000
0.884777 -0.003809 -0.465998 10.969515 -0.153468 0.941805 -0.299084 71.676041 0.440019 0.336139 0.832703 141.038849 0.000000 0.000000 0.000000 1.000000
0.877555 -0.030096 -0.478531 10.518348 -0.138007 0.939940 -0.312198 74.877678 0.459186 0.340012 0.820695 146.853836 0.000000 0.000000 0.000000 1.000000
0.869951 -0.062554 -0.489155 10.173335 -0.115600 0.938415 -0.325599 77.859222 0.479398 0.339801 0.809143 152.335754 0.000000 0.000000 0.000000 1.000000</float_array><technique_common><accessor source="#Hips-Matrix-animation-output-transform-array" count="32" stride="16"><param type="float4x4"/></accessor></technique_common></source><source id="Hips-Interpolations"><Name_array id="Hips-Interpolations-array" count="32">
 LINEAR LINEAR LINEAR LINEAR LINEAR LINEAR LINEAR LINEAR LINEAR LINEAR LINEAR
LINEAR LINEAR LINEAR LINEAR LINEAR LINEAR LINEAR LINEAR LINEAR LINEAR LINEAR LINEAR
LINEAR LINEAR LINEAR LINEAR LINEAR LINEAR LINEAR LINEAR LINEAR</Name_array><technique_common><accessor source="#Hips-Interpolations-array" count="32"><param type="name"/></accessor></technique_common></source><sampler id="Hips-Matrix-animation-transform"><input semantic="INPUT" source="#Hips-Matrix-animation-input"/><input semantic="OUTPUT" source="#Hips-Matrix-animation-output-transform"/><input semantic="INTERPOLATION" source="#Hips-Interpolations"/></sampler><channel source="#Hips-Matrix-animation-transform" target="Hips/matrix"/></animation>
    <animation id="Spine-anim" name="Spine"><source id="Spine-Matrix-animation-input"><float_array id="Spine-Matrix-animation-input-array" count="32">

0.000000 0.033333 0.066667 0.100000 0.133333 0.166667 0.200000 0.233333 0.266667 0.300000 0.333333 0.366667 0.400000 0.433333 0.466667 0.500000
0.533333 0.566667 0.600000 0.633333 0.666667 0.700000 0.733333 0.766667 0.800000 0.833333 0.866667 0.900000 0.933333 0.966667 1.000000 1.033333</float_array><technique_common><accessor source="#Spine-Matrix-animation-input-array" count="32"><param name="TIME" type="float"/></accessor></technique_common></source><source id="Spine-Matrix-animation-output-transform"><float_array id="Spine-Matrix-animation-output-transform-array" count="512">

0.999110 -0.042163 -0.001080 -0.279200 0.041543 0.988211 -0.147353 12.230700 0.007280 0.147177 0.989083 -2.892100 0.000000 0.000000 0.000000 1.000000
0.999702 -0.024182 -0.003243 -0.279200 0.023471 0.989467 -0.142846 12.230700 0.006663 0.142727 0.989740 -2.892100 0.000000 0.000000 0.000000 1.000000
0.999964 -0.002266 -0.008227 -0.279200 0.001098 0.990248 -0.139312 12.230700 0.008462 0.139298 0.990214 -2.892100 0.000000 0.000000 0.000000 1.000000
0.999772 0.016207 -0.013875 -0.279200 -0.017950 0.990485 -0.136442 12.230700 0.011532 0.136660 0.990551 -2.892100 0.000000 0.000000 0.000000 1.000000
0.999659 0.021572 -0.014710 -0.279200 -0.023316 0.991100 -0.131061 12.230700 0.011752 0.131359 0.991265 -2.892100 0.000000 0.000000 0.000000 1.000000
0.999808 0.015868 -0.011462 -0.279200 -0.017150 0.992362 -0.122165 12.230700 0.009436 0.122338 0.992444 -2.892100 0.000000 0.000000 0.000000 1.000000
0.999948 0.008391 -0.005836 -0.279200 -0.009004 0.993387 -0.114462 12.230700 0.004837 0.114508 0.993411 -2.892100 0.000000 0.000000 0.000000 1.000000
0.999971 0.007513 0.000992 -0.279200 -0.007352 0.993470 -0.113859 12.230700 -0.001841 0.113848 0.993496 -2.892100 0.000000 0.000000 0.000000 1.000000
0.999886 0.012893 0.007796 -0.279200 -0.011863 0.992682 -0.120177 12.230700 -0.009289 0.120071 0.992722 -2.892100 0.000000 0.000000 0.000000 1.000000
0.999713 0.021660 0.010238 -0.279200 -0.020157 0.991417 -0.129177 12.230700 -0.012948 0.128934 0.991569 -2.892100 0.000000 0.000000 0.000000 1.000000
0.999410 0.033870 0.005677 -0.279200 -0.032766 0.989922 -0.137773 12.230700 -0.010286 0.137506 0.990448 -2.892100 0.000000 0.000000 0.000000 1.000000
0.998903 0.046662 -0.003854 -0.279200 -0.046730 0.988450 -0.144165 12.230700 -0.002917 0.144187 0.989546 -2.892100 0.000000 0.000000 0.000000 1.000000
0.998729 0.048724 -0.012878 -0.279200 -0.050093 0.987787 -0.147536 12.230700 0.005533 0.147993 0.988973 -2.892100 0.000000 0.000000 0.000000 1.000000
0.998970 0.041433 -0.018515 -0.279200 -0.043720 0.988043 -0.147850 12.230700 0.012167 0.148507 0.988837 -2.892100 0.000000 0.000000 0.000000 1.000000
0.999273 0.031690 -0.021179 -0.279200 -0.034438 0.988776 -0.145385 12.230700 0.016334 0.146008 0.989148 -2.892100 0.000000 0.000000 0.000000 1.000000
0.999605 0.019376 -0.020339 -0.279200 -0.022060 0.989716 -0.141337 12.230700 0.017391 0.141730 0.989753 -2.892100 0.000000 0.000000 0.000000 1.000000
0.999740 0.014284 -0.017793 -0.279200 -0.016668 0.989730 -0.141977 12.230700 0.015583 0.142237 0.989710 -2.892100 0.000000 0.000000 0.000000 1.000000
0.999832 0.011700 -0.014090 -0.279200 -0.013618 0.989366 -0.144811 12.230700 0.012246 0.144978 0.989359 -2.892100 0.000000 0.000000 0.000000 1.000000
0.999911 0.007231 -0.011230 -0.279200 -0.008822 0.988827 -0.148804 12.230700 0.010028 0.148889 0.988803 -2.892100 0.000000 0.000000 0.000000 1.000000
0.999933 0.004399 -0.010717 -0.279200 -0.005986 0.988223 -0.152902 12.230700 0.009918 0.152956 0.988183 -2.892100 0.000000 0.000000 0.000000 1.000000
0.999895 -0.002995 -0.014179 -0.279200 0.000780 0.988119 -0.153690 12.230700 0.014471 0.153663 0.988017 -2.892100 0.000000 0.000000 0.000000 1.000000
0.999709 -0.006455 -0.023262 -0.279200 0.002830 0.988278 -0.152636 12.230700 0.023974 0.152526 0.988009 -2.892100 0.000000 0.000000 0.000000 1.000000
0.999429 -0.008490 -0.032692 -0.279200 0.003456 0.988519 -0.151054 12.230700 0.033599 0.150855 0.987985 -2.892100 0.000000 0.000000 0.000000 1.000000
0.999204 -0.014648 -0.037098 -0.279200 0.008955 0.988767 -0.149199 12.230700 0.038867 0.148748 0.988111 -2.892100 0.000000 0.000000 0.000000 1.000000
0.998950 -0.025757 -0.037894 -0.279200 0.019920 0.988927 -0.147061 12.230700 0.041263 0.146152 0.988401 -2.892100 0.000000 0.000000 0.000000 1.000000
0.998477 -0.045573 -0.031107 -0.279200 0.040542 0.988354 -0.146675 12.230700 0.037429 0.145190 0.988696 -2.892100 0.000000 0.000000 0.000000 1.000000
0.997422 -0.068683 -0.020776 -0.279200 0.064849 0.986745 -0.148754 12.230700 0.030717 0.147024 0.988656 -2.892100 0.000000 0.000000 0.000000 1.000000
0.996563 -0.081541 -0.014591 -0.279200 0.078393 0.985278 -0.151929 12.230700 0.026764 0.150263 0.988284 -2.892100 0.000000 0.000000 0.000000 1.000000
0.996758 -0.079823 -0.010084 -0.279200 0.077335 0.985094 -0.153651 12.230700 0.022198 0.152373 0.988074 -2.892100 0.000000 0.000000 0.000000 1.000000
0.997544 -0.069830 -0.005422 -0.279200 0.068180 0.985862 -0.153063 12.230700 0.016033 0.152317 0.988202 -2.892100 0.000000 0.000000 0.000000 1.000000
0.998410 -0.056345 -0.001688 -0.279200 0.055445 0.986983 -0.150965 12.230700 0.010172 0.150632 0.988538 -2.892100 0.000000 0.000000 0.000000 1.000000
0.999129 -0.041708 -0.001362 -0.279200 0.041052 0.988232 -0.147353 12.230700 0.007491 0.147168 0.989083 -2.892100 0.000000 0.000000 0.000000 1.000000</float_array><technique_common><accessor source="#Spine-Matrix-animation-output-transform-array" count="32" stride="16"><param type="float4x4"/></accessor></technique_common></source><source id="Spine-Interpolations"><Name_array id="Spine-Interpolations-array" count="32">
 LINEAR LINEAR LINEAR LINEAR LINEAR LINEAR LINEAR LINEAR LINEAR LINEAR LINEAR
LINEAR LINEAR LINEAR LINEAR LINEAR LINEAR LINEAR LINEAR LINEAR LINEAR LINEAR LINEAR
LINEAR LINEAR LINEAR LINEAR LINEAR LINEAR LINEAR LINEAR LINEAR</Name_array><technique_common><accessor source="#Spine-Interpolations-array" count="32"><param type="name"/></accessor></technique_common></source><sampler id="Spine-Matrix-animation-transform"><input semantic="INPUT" source="#Spine-Matrix-animation-input"/><input semantic="OUTPUT" source="#Spine-Matrix-animation-output-transform"/><input semantic="INTERPOLATION" source="#Spine-Interpolations"/></sampler><channel source="#Spine-Matrix-animation-transform" target="Spine/matrix"/></animation>
    <animation id="Spine1-anim" name="Spine1"><source id="Spine1-Matrix-animation-input"><float_array id="Spine1-Matrix-animation-input-array" count="32">

0.000000 0.033333 0.066667 0.100000 0.133333 0.166667 0.200000 0.233333 0.266667 0.300000 0.333333 0.366667 0.400000 0.433333 0.466667 0.500000
0.533333 0.566667 0.600000 0.633333 0.666667 0.700000 0.733333 0.766667 0.800000 0.833333 0.866667 0.900000 0.933333 0.966667 1.000000 1.033333</float_array><technique_common><accessor source="#Spine1-Matrix-animation-input-array" count="32"><param name="TIME" type="float"/></accessor></technique_common></source><source id="Spine1-Matrix-animation-output-transform"><float_array id="Spine1-Matrix-animation-output-transform-array" count="512">

0.998073 0.012088 -0.060863 -0.325700 -0.028735 0.959372 -0.280678 14.269200 0.054998 0.281886 0.957870 -3.374200 0.000000 0.000000 0.000000 1.000000
0.998057 0.026061 -0.056588 -0.325700 -0.040644 0.960764 -0.274372 14.269200 0.047217 0.276139 0.959957 -3.374200 0.000000 0.000000 0.000000 1.000000
0.998085 0.038232 -0.048634 -0.325700 -0.049995 0.961516 -0.270162 14.269200 0.036433 0.272076 0.961586 -3.374200 0.000000 0.000000 0.000000 1.000000
0.998211 0.044186 -0.040285 -0.325700 -0.053376 0.962142 -0.267270 14.269200 0.026950 0.268942 0.962779 -3.374200 0.000000 0.000000 0.000000 1.000000
0.998541 0.041154 -0.034949 -0.325700 -0.048835 0.964496 -0.259542 14.269200 0.023027 0.260870 0.965099 -3.374200 0.000000 0.000000 0.000000 1.000000
0.998945 0.030633 -0.034206 -0.325700 -0.038101 0.968742 -0.245128 14.269200 0.025628 0.246173 0.968887 -3.374200 0.000000 0.000000 0.000000 1.000000
0.999134 0.021490 -0.035620 -0.325700 -0.029195 0.972191 -0.232361 14.269200 0.029636 0.233200 0.971977 -3.374200 0.000000 0.000000 0.000000 1.000000
0.999188 0.022090 -0.033682 -0.325700 -0.029294 0.972455 -0.231244 14.269200 0.027646 0.232043 0.972313 -3.374200 0.000000 0.000000 0.000000 1.000000
0.999204 0.029581 -0.026770 -0.325700 -0.035193 0.969597 -0.242163 14.269200 0.018792 0.242912 0.969866 -3.374200 0.000000 0.000000 0.000000 1.000000
0.999177 0.036665 -0.017353 -0.325700 -0.039905 0.965239 -0.258304 14.269200 0.007280 0.258784 0.965908 -3.374200 0.000000 0.000000 0.000000 1.000000
0.999171 0.039847 -0.008347 -0.325700 -0.040611 0.961107 -0.273175 14.269200 -0.002863 0.273288 0.961928 -3.374200 0.000000 0.000000 0.000000 1.000000
0.999265 0.038243 -0.002594 -0.325700 -0.037412 0.958358 -0.283107 14.269200 -0.008340 0.282996 0.959085 -3.374200 0.000000 0.000000 0.000000 1.000000
0.999529 0.030612 -0.002146 -0.325700 -0.029936 0.957320 -0.287474 14.269200 -0.006746 0.287403 0.957786 -3.374200 0.000000 0.000000 0.000000 1.000000
0.999784 0.020019 -0.005608 -0.325700 -0.020787 0.957867 -0.286459 14.269200 -0.000363 0.286514 0.958076 -3.374200 0.000000 0.000000 0.000000 1.000000
0.999899 0.010219 -0.009920 -0.325700 -0.012589 0.959889 -0.280097 14.269200 0.006660 0.280193 0.959921 -3.374200 0.000000 0.000000 0.000000 1.000000
0.999896 0.002033 -0.014246 -0.325700 -0.005815 0.962633 -0.270746 14.269200 0.013163 0.270801 0.962545 -3.374200 0.000000 0.000000 0.000000 1.000000
0.999847 0.004162 -0.017002 -0.325700 -0.008619 0.962462 -0.271280 14.269200 0.015234 0.271385 0.962350 -3.374200 0.000000 0.000000 0.000000 1.000000
0.999761 0.011305 -0.018733 -0.325700 -0.016044 0.960913 -0.276385 14.269200 0.014877 0.276619 0.960864 -3.374200 0.000000 0.000000 0.000000 1.000000
0.999513 0.018646 -0.025016 -0.325700 -0.024969 0.958802 -0.282976 14.269200 0.018709 0.283463 0.958801 -3.374200 0.000000 0.000000 0.000000 1.000000
0.999073 0.027022 -0.033499 -0.325700 -0.035587 0.956405 -0.289867 14.269200 0.024206 0.290790 0.956481 -3.374200 0.000000 0.000000 0.000000 1.000000
0.998499 0.026777 -0.047769 -0.325700 -0.039585 0.955681 -0.291729 14.269200 0.037840 0.293182 0.955307 -3.374200 0.000000 0.000000 0.000000 1.000000
0.997829 0.024277 -0.061215 -0.325700 -0.041165 0.955516 -0.292053 14.269200 0.051402 0.293939 0.954441 -3.374200 0.000000 0.000000 0.000000 1.000000
0.997420 0.018830 -0.069279 -0.325700 -0.038264 0.955939 -0.291062 14.269200 0.060746 0.292962 0.954192 -3.374200 0.000000 0.000000 0.000000 1.000000
0.997401 0.008295 -0.071575 -0.325700 -0.028605 0.957302 -0.287671 14.269200 0.066133 0.288970 0.955051 -3.374200 0.000000 0.000000 0.000000 1.000000
0.997483 -0.005730 -0.070680 -0.325700 -0.014490 0.959228 -0.282262 14.269200 0.069415 0.282576 0.956730 -3.374200 0.000000 0.000000 0.000000 1.000000
0.997444 -0.016998 -0.069395 -0.325700 -0.003043 0.960298 -0.278958 14.269200 0.071382 0.278457 0.957793 -3.374200 0.000000 0.000000 0.000000 1.000000
0.997344 -0.020852 -0.069783 -0.325700 0.000428 0.959798 -0.280692 14.269200 0.072830 0.279916 0.957258 -3.374200 0.000000 0.000000 0.000000 1.000000
0.997282 -0.019102 -0.071155 -0.325700 -0.002011 0.958387 -0.285465 14.269200 0.073647 0.284832 0.955744 -3.374200 0.000000 0.000000 0.000000 1.000000
0.997431 -0.014823 -0.070085 -0.325700 -0.006042 0.957461 -0.288500 14.269200 0.071380 0.288182 0.954912 -3.374200 0.000000 0.000000 0.000000 1.000000
0.997772 -0.008837 -0.066125 -0.325700 -0.010627 0.957481 -0.288301 14.269200 0.065861 0.288362 0.955254 -3.374200 0.000000 0.000000 0.000000 1.000000
0.998028 0.000043 -0.062764 -0.325700 -0.018014 0.958127 -0.285778 14.269200 0.060124 0.286345 0.956238 -3.374200 0.000000 0.000000 0.000000 1.000000
0.998073 0.012087 -0.060863 -0.325700 -0.028735 0.959372 -0.280678 14.269200 0.054998 0.281886 0.957870 -3.374200 0.000000 0.000000 0.000000 1.000000</float_array><technique_common><accessor source="#Spine1-Matrix-animation-output-transform-array" count="32" stride="16"><param type="float4x4"/></accessor></technique_common></source><source id="Spine1-Interpolations"><Name_array id="Spine1-Interpolations-array" count="32">
 LINEAR LINEAR LINEAR LINEAR LINEAR LINEAR LINEAR LINEAR LINEAR LINEAR LINEAR
LINEAR LINEAR LINEAR LINEAR LINEAR LINEAR LINEAR LINEAR LINEAR LINEAR LINEAR LINEAR
LINEAR LINEAR LINEAR LINEAR LINEAR LINEAR LINEAR LINEAR LINEAR</Name_array><technique_common><accessor source="#Spine1-Interpolations-array" count="32"><param type="name"/></accessor></technique_common></source><sampler id="Spine1-Matrix-animation-transform"><input semantic="INPUT" source="#Spine1-Matrix-animation-input"/><input semantic="OUTPUT" source="#Spine1-Matrix-animation-output-transform"/><input semantic="INTERPOLATION" source="#Spine1-Interpolations"/></sampler><channel source="#Spine1-Matrix-animation-transform" target="Spine1/matrix"/></animation>
    <animation id="Spine2-anim" name="Spine2"><source id="Spine2-Matrix-animation-input"><float_array id="Spine2-Matrix-animation-input-array" count="32">

0.000000 0.033333 0.066667 0.100000 0.133333 0.166667 0.200000 0.233333 0.266667 0.300000 0.333333 0.366667 0.400000 0.433333 0.466667 0.500000
0.533333 0.566667 0.600000 0.633333 0.666667 0.700000 0.733333 0.766667 0.800000 0.833333 0.866667 0.900000 0.933333 0.966667 1.000000 1.033333</float_array><technique_common><accessor source="#Spine2-Matrix-animation-input-array" count="32"><param name="TIME" type="float"/></accessor></technique_common></source><source id="Spine2-Matrix-animation-output-transform"><float_array id="Spine2-Matrix-animation-output-transform-array" count="512">

0.998102 0.012814 -0.060227 -0.372300 -0.029257 0.959333 -0.280756 16.307600 0.054180 0.281986 0.957888 -0.352600 0.000000 0.000000 0.000000 1.000000
0.998096 0.026665 -0.055615 -0.372300 -0.040963 0.960712 -0.274509 16.307600 0.046110 0.276265 0.959975 -0.352600 0.000000 0.000000 0.000000 1.000000
0.998123 0.038703 -0.047459 -0.372300 -0.050135 0.961465 -0.270318 16.307600 0.035168 0.272190 0.961601 -0.352600 0.000000 0.000000 0.000000 1.000000
0.998248 0.044573 -0.038904 -0.372300 -0.053382 0.962092 -0.267450 16.307600 0.025509 0.269058 0.962786 -0.352600 0.000000 0.000000 0.000000 1.000000
0.998586 0.041511 -0.033214 -0.372300 -0.048732 0.964436 -0.259786 16.307600 0.021248 0.261037 0.965095 -0.352600 0.000000 0.000000 0.000000 1.000000
0.999008 0.030973 -0.031983 -0.372300 -0.037892 0.968654 -0.245506 16.307600 0.023376 0.246474 0.968867 -0.352600 0.000000 0.000000 0.000000 1.000000
0.999215 0.021781 -0.033087 -0.372300 -0.028901 0.972075 -0.232885 16.307600 0.027090 0.233658 0.971941 -0.352600 0.000000 0.000000 0.000000 1.000000
0.999261 0.022346 -0.031271 -0.372300 -0.028997 0.972339 -0.231766 16.307600 0.025227 0.232501 0.972269 -0.352600 0.000000 0.000000 0.000000 1.000000
0.999249 0.029820 -0.024755 -0.372300 -0.034941 0.969512 -0.242538 16.307600 0.016768 0.243221 0.969826 -0.352600 0.000000 0.000000 0.000000 1.000000
0.999195 0.036871 -0.015815 -0.372300 -0.039708 0.965195 -0.258501 16.307600 0.005734 0.258921 0.965882 -0.352600 0.000000 0.000000 0.000000 1.000000
0.999173 0.039993 -0.007386 -0.372300 -0.040489 0.961097 -0.273229 16.307600 -0.003829 0.273302 0.961921 -0.352600 0.000000 0.000000 0.000000 1.000000
0.999264 0.038289 -0.002235 -0.372300 -0.037355 0.958367 -0.283085 16.307600 -0.008698 0.282960 0.959092 -0.352600 0.000000 0.000000 0.000000 1.000000
0.999528 0.030673 -0.001806 -0.372300 -0.029897 0.957328 -0.287452 16.307600 -0.007088 0.287370 0.957793 -0.352600 0.000000 0.000000 0.000000 1.000000
0.999784 0.020178 -0.004975 -0.372300 -0.020757 0.957865 -0.286469 16.307600 -0.001015 0.286510 0.958077 -0.352600 0.000000 0.000000 0.000000 1.000000
0.999903 0.010459 -0.009165 -0.372300 -0.012608 0.959879 -0.280132 16.307600 0.005867 0.280220 0.959918 -0.352600 0.000000 0.000000 0.000000 1.000000
0.999906 0.002327 -0.013525 -0.372300 -0.005903 0.962620 -0.270790 16.307600 0.012390 0.270845 0.962543 -0.352600 0.000000 0.000000 0.000000 1.000000
0.999853 0.004414 -0.016575 -0.372300 -0.008747 0.962454 -0.271304 16.307600 0.014755 0.271409 0.962351 -0.352600 0.000000 0.000000 0.000000 1.000000
0.999759 0.011476 -0.018699 -0.372300 -0.016199 0.960911 -0.276384 16.307600 0.014797 0.276620 0.960865 -0.352600 0.000000 0.000000 0.000000 1.000000
0.999504 0.018847 -0.025240 -0.372300 -0.025225 0.958808 -0.282932 16.307600 0.018868 0.283429 0.958808 -0.352600 0.000000 0.000000 0.000000 1.000000
0.999052 0.027293 -0.033928 -0.372300 -0.035969 0.956424 -0.289759 16.307600 0.024541 0.290705 0.956498 -0.352600 0.000000 0.000000 0.000000 1.000000
0.998460 0.027182 -0.048358 -0.372300 -0.040138 0.955717 -0.291539 16.307600 0.038292 0.293031 0.955336 -0.352600 0.000000 0.000000 0.000000 1.000000
0.997777 0.024689 -0.061895 -0.372300 -0.041746 0.955564 -0.291812 16.307600 0.051940 0.293747 0.954471 -0.352600 0.000000 0.000000 0.000000 1.000000
0.997367 0.019185 -0.069936 -0.372300 -0.038782 0.955990 -0.290824 16.307600 0.061279 0.292770 0.954217 -0.352600 0.000000 0.000000 0.000000 1.000000
0.997352 0.008670 -0.072201 -0.372300 -0.029132 0.957353 -0.287447 16.307600 0.066629 0.288789 0.955071 -0.352600 0.000000 0.000000 0.000000 1.000000
0.997441 -0.005277 -0.071306 -0.372300 -0.015089 0.959280 -0.282055 16.307600 0.069890 0.282409 0.956745 -0.352600 0.000000 0.000000 0.000000 1.000000
0.997409 -0.016440 -0.070035 -0.372300 -0.003745 0.960353 -0.278763 16.307600 0.071841 0.278303 0.957803 -0.352600 0.000000 0.000000 0.000000 1.000000
0.997319 -0.020181 -0.070341 -0.372300 -0.000361 0.959850 -0.280515 16.307600 0.073178 0.279788 0.957269 -0.352600 0.000000 0.000000 0.000000 1.000000
0.997272 -0.018306 -0.071505 -0.372300 -0.002865 0.958425 -0.285330 16.307600 0.073755 0.284757 0.955758 -0.352600 0.000000 0.000000 0.000000 1.000000
0.997434 -0.013952 -0.070220 -0.372300 -0.006912 0.957480 -0.288415 16.307600 0.071258 0.288161 0.954927 -0.352600 0.000000 0.000000 0.000000 1.000000
0.997783 -0.007983 -0.066066 -0.372300 -0.011426 0.957483 -0.288262 16.307600 0.065558 0.288378 0.955270 -0.352600 0.000000 0.000000 0.000000 1.000000
0.998046 0.000841 -0.062477 -0.372300 -0.018698 0.958111 -0.285787 16.307600 0.059620 0.286397 0.956254 -0.352600 0.000000 0.000000 0.000000 1.000000
0.998102 0.012814 -0.060227 -0.372300 -0.029257 0.959333 -0.280757 16.307600 0.054180 0.281986 0.957887 -0.352600 0.000000 0.000000 0.000000 1.000000</float_array><technique_common><accessor source="#Spine2-Matrix-animation-output-transform-array" count="32" stride="16"><param type="float4x4"/></accessor></technique_common></source><source id="Spine2-Interpolations"><Name_array id="Spine2-Interpolations-array" count="32">
 LINEAR LINEAR LINEAR LINEAR LINEAR LINEAR LINEAR LINEAR LINEAR LINEAR LINEAR
LINEAR LINEAR LINEAR LINEAR LINEAR LINEAR LINEAR LINEAR LINEAR LINEAR LINEAR LINEAR
LINEAR LINEAR LINEAR LINEAR LINEAR LINEAR LINEAR LINEAR LINEAR</Name_array><technique_common><accessor source="#Spine2-Interpolations-array" count="32"><param type="name"/></accessor></technique_common></source><sampler id="Spine2-Matrix-animation-transform"><input semantic="INPUT" source="#Spine2-Matrix-animation-input"/><input semantic="OUTPUT" source="#Spine2-Matrix-animation-output-transform"/><input semantic="INTERPOLATION" source="#Spine2-Interpolations"/></sampler><channel source="#Spine2-Matrix-animation-transform" target="Spine2/matrix"/></animation>
    <animation id="Neck-anim" name="Neck"><source id="Neck-Matrix-animation-input"><float_array id="Neck-Matrix-animation-input-array" count="32">

0.000000 0.033333 0.066667 0.100000 0.133333 0.166667 0.200000 0.233333 0.266667 0.300000 0.333333 0.366667 0.400000 0.433333 0.466667 0.500000
0.533333 0.566667 0.600000 0.633333 0.666667 0.700000 0.733333 0.766667 0.800000 0.833333 0.866667 0.900000 0.933333 0.966667 1.000000 1.033333</float_array><technique_common><accessor source="#Neck-Matrix-animation-input-array" count="32"><param name="TIME" type="float"/></accessor></technique_common></source><source id="Neck-Matrix-animation-output-transform"><float_array id="Neck-Matrix-animation-output-transform-array" count="512">

0.997375 -0.024116 0.068270 -0.418800 0.026866 0.998852 -0.039653 17.814199 -0.067236 0.041383 0.996879 8.416900 0.000000 0.000000 0.000000 1.000000
0.997376 -0.023666 0.068418 -0.418800 0.026617 0.998739 -0.042557 17.814199 -0.067325 0.044266 0.996749 8.416900 0.000000 0.000000 0.000000 1.000000
0.997404 -0.022399 0.068430 -0.418800 0.025454 0.998703 -0.044101 17.814199 -0.067353 0.045729 0.996681 8.416900 0.000000 0.000000 0.000000 1.000000
0.997420 -0.022375 0.068212 -0.418800 0.025436 0.998693 -0.044336 17.814199 -0.067131 0.045957 0.996685 8.416900 0.000000 0.000000 0.000000 1.000000
0.997397 -0.023950 0.068018 -0.418800 0.026958 0.998683 -0.043661 17.814199 -0.066883 0.045381 0.996728 8.416900 0.000000 0.000000 0.000000 1.000000
0.997342 -0.026674 0.067806 -0.418800 0.029553 0.998688 -0.041816 17.814199 -0.066601 0.043709 0.996822 8.416900 0.000000 0.000000 0.000000 1.000000
0.997282 -0.030654 0.067001 -0.418800 0.033315 0.998685 -0.038972 17.814199 -0.065718 0.041098 0.996992 8.416900 0.000000 0.000000 0.000000 1.000000
0.997227 -0.035892 0.065187 -0.418800 0.038269 0.998633 -0.035590 17.814199 -0.063821 0.037985 0.997238 8.416900 0.000000 0.000000 0.000000 1.000000
0.997176 -0.041760 0.062414 -0.418800 0.043760 0.998560 -0.031027 17.814199 -0.061028 0.033670 0.997568 8.416900 0.000000 0.000000 0.000000 1.000000
0.997190 -0.046021 0.059117 -0.418800 0.047559 0.998559 -0.024872 17.814199 -0.057887 0.027614 0.997941 8.416900 0.000000 0.000000 0.000000 1.000000
0.997349 -0.046271 0.056153 -0.418800 0.047425 0.998686 -0.019396 17.814199 -0.055182 0.022008 0.998234 8.416900 0.000000 0.000000 0.000000 1.000000
0.997578 -0.043309 0.054435 -0.418800 0.044292 0.998874 -0.016977 17.814199 -0.053638 0.019347 0.998373 8.416900 0.000000 0.000000 0.000000 1.000000
0.997706 -0.040530 0.054224 -0.418800 0.041484 0.999001 -0.016594 17.814199 -0.053497 0.018806 0.998391 8.416900 0.000000 0.000000 0.000000 1.000000
0.997677 -0.040280 0.054944 -0.418800 0.041274 0.999002 -0.017086 17.814199 -0.054201 0.019314 0.998343 8.416900 0.000000 0.000000 0.000000 1.000000
0.997521 -0.042929 0.055767 -0.418800 0.044080 0.998836 -0.019591 17.814199 -0.054861 0.022000 0.998252 8.416900 0.000000 0.000000 0.000000 1.000000
0.997270 -0.047943 0.056155 -0.418800 0.049322 0.998508 -0.023429 17.814199 -0.054948 0.026134 0.998147 8.416900 0.000000 0.000000 0.000000 1.000000
0.997090 -0.049416 0.058048 -0.418800 0.051136 0.998284 -0.028525 17.814199 -0.056539 0.031410 0.997906 8.416900 0.000000 0.000000 0.000000 1.000000
0.996945 -0.049237 0.060635 -0.418800 0.051372 0.998095 -0.034166 17.814199 -0.058838 0.037177 0.997575 8.416900 0.000000 0.000000 0.000000 1.000000
0.996882 -0.047778 0.062806 -0.418800 0.050259 0.997992 -0.038543 17.814199 -0.060838 0.041579 0.997281 8.416900 0.000000 0.000000 0.000000 1.000000
0.996811 -0.046666 0.064736 -0.418800 0.049438 0.997898 -0.041893 17.814199 -0.062645 0.044960 0.997023 8.416900 0.000000 0.000000 0.000000 1.000000
0.996689 -0.048406 0.065333 -0.418800 0.051165 0.997839 -0.041231 17.814199 -0.063196 0.044438 0.997011 8.416900 0.000000 0.000000 0.000000 1.000000
0.996571 -0.050438 0.065594 -0.418800 0.053017 0.997863 -0.038186 17.814199 -0.063528 0.041533 0.997115 8.416900 0.000000 0.000000 0.000000 1.000000
0.996549 -0.050840 0.065618 -0.418800 0.053075 0.998053 -0.032774 17.814199 -0.063824 0.036144 0.997306 8.416900 0.000000 0.000000 0.000000 1.000000
0.996724 -0.047531 0.065437 -0.418800 0.049364 0.998425 -0.026674 17.814199 -0.064066 0.029817 0.997500 8.416900 0.000000 0.000000 0.000000 1.000000
0.997018 -0.040381 0.065759 -0.418800 0.042063 0.998817 -0.024398 17.814199 -0.064696 0.027091 0.997537 8.416900 0.000000 0.000000 0.000000 1.000000
0.997170 -0.034552 0.066777 -0.418800 0.036501 0.998936 -0.028189 17.814199 -0.065732 0.030547 0.997370 8.416900 0.000000 0.000000 0.000000 1.000000
0.997133 -0.033453 0.067872 -0.418800 0.035830 0.998775 -0.034115 17.814199 -0.066647 0.036449 0.997111 8.416900 0.000000 0.000000 0.000000 1.000000
0.997099 -0.032963 0.068605 -0.418800 0.035538 0.998695 -0.036667 17.814199 -0.067307 0.038998 0.996970 8.416900 0.000000 0.000000 0.000000 1.000000
0.997191 -0.029727 0.068754 -0.418800 0.032262 0.998829 -0.036063 17.814199 -0.067601 0.038180 0.996982 8.416900 0.000000 0.000000 0.000000 1.000000
0.997323 -0.025599 0.068492 -0.418800 0.028089 0.998970 -0.035642 17.814199 -0.067509 0.037471 0.997015 8.416900 0.000000 0.000000 0.000000 1.000000
0.997385 -0.023780 0.068250 -0.418800 0.026343 0.998971 -0.036911 17.814199 -0.067302 0.038612 0.996985 8.416900 0.000000 0.000000 0.000000 1.000000
0.997375 -0.024116 0.068270 -0.418800 0.026866 0.998852 -0.039653 17.814199 -0.067235 0.041383 0.996879 8.416900 0.000000 0.000000 0.000000 1.000000</float_array><technique_common><accessor source="#Neck-Matrix-animation-output-transform-array" count="32" stride="16"><param type="float4x4"/></accessor></technique_common></source><source id="Neck-Interpolations"><Name_array id="Neck-Interpolations-array" count="32">
 LINEAR LINEAR LINEAR LINEAR LINEAR LINEAR LINEAR LINEAR LINEAR LINEAR LINEAR
LINEAR LINEAR LINEAR LINEAR LINEAR LINEAR LINEAR LINEAR LINEAR LINEAR LINEAR LINEAR
LINEAR LINEAR LINEAR LINEAR LINEAR LINEAR LINEAR LINEAR LINEAR</Name_array><technique_common><accessor source="#Neck-Interpolations-array" count="32"><param type="name"/></accessor></technique_common></source><sampler id="Neck-Matrix-animation-transform"><input semantic="INPUT" source="#Neck-Matrix-animation-input"/><input semantic="OUTPUT" source="#Neck-Matrix-animation-output-transform"/><input semantic="INTERPOLATION" source="#Neck-Interpolations"/></sampler><channel source="#Neck-Matrix-animation-transform" target="Neck/matrix"/></animation>
    <animation id="Head-anim" name="Head"><source id="Head-Matrix-animation-input"><float_array id="Head-Matrix-animation-input-array" count="32">

0.000000 0.033333 0.066667 0.100000 0.133333 0.166667 0.200000 0.233333 0.266667 0.300000 0.333333 0.366667 0.400000 0.433333 0.466667 0.500000
0.533333 0.566667 0.600000 0.633333 0.666667 0.700000 0.733333 0.766667 0.800000 0.833333 0.866667 0.900000 0.933333 0.966667 1.000000 1.033333</float_array><technique_common><accessor source="#Head-Matrix-animation-input-array" count="32"><param name="TIME" type="float"/></accessor></technique_common></source><source id="Head-Matrix-animation-output-transform"><float_array id="Head-Matrix-animation-output-transform-array" count="512">

0.909611 0.056516 0.411600 -0.000000 -0.281967 0.811582 0.511693 7.031100 -0.305128 -0.581499 0.754159 3.806800 0.000000 0.000000 0.000000 1.000000
0.910129 0.054047 0.410786 -0.000000 -0.277636 0.815491 0.507831 7.031100 -0.307545 -0.576241 0.757207 3.806800 0.000000 0.000000 0.000000 1.000000
0.910816 0.053624 0.409316 0.000000 -0.272768 0.822420 0.499222 7.031100 -0.309859 -0.566348 0.763700 3.806800 0.000000 0.000000 0.000000 1.000000
0.911448 0.054178 0.407832 0.000000 -0.269472 0.827675 0.492280 7.031100 -0.310882 -0.558587 0.768982 3.806800 0.000000 0.000000 0.000000 1.000000
0.911738 0.054075 0.407197 0.000000 -0.267751 0.830004 0.489288 7.031100 -0.311517 -0.555130 0.771225 3.806800 0.000000 0.000000 0.000000 1.000000
0.911884 0.053435 0.406956 0.000000 -0.266627 0.830924 0.488340 7.031100 -0.312055 -0.553815 0.771953 3.806800 0.000000 0.000000 0.000000 1.000000
0.912521 0.054107 0.405435 0.000000 -0.266140 0.831234 0.488077 7.031100 -0.310603 -0.553283 0.772919 3.806800 0.000000 0.000000 0.000000 1.000000
0.914445 0.056200 0.400789 -0.000000 -0.265972 0.829874 0.490477 7.031100 -0.305040 -0.555113 0.773822 3.806800 0.000000 0.000000 0.000000 1.000000
0.918247 0.058177 0.391712 0.000000 -0.264131 0.826964 0.496352 7.031100 -0.295056 -0.559237 0.774723 3.806800 0.000000 0.000000 0.000000 1.000000
0.923445 0.060849 0.378875 0.000000 -0.259533 0.826307 0.499859 7.031100 -0.282651 -0.559923 0.778842 3.806800 0.000000 0.000000 0.000000 1.000000
0.928127 0.066642 0.366251 0.000000 -0.254559 0.831487 0.493790 7.031100 -0.271626 -0.551532 0.788690 3.806800 0.000000 0.000000 0.000000 1.000000
0.930361 0.074977 0.358898 -0.000000 -0.253149 0.839456 0.480862 7.031100 -0.265225 -0.538230 0.799977 3.806800 0.000000 0.000000 0.000000 1.000000
0.929842 0.081613 0.358794 -0.000000 -0.256316 0.843265 0.472447 7.031100 -0.264001 -0.531265 0.805022 3.806800 0.000000 0.000000 0.000000 1.000000
0.928205 0.082234 0.362867 0.000000 -0.259923 0.841144 0.474255 7.031100 -0.266224 -0.534523 0.802128 3.806800 0.000000 0.000000 0.000000 1.000000
0.927274 0.076034 0.366582 0.000000 -0.259087 0.837146 0.481728 7.031100 -0.270255 -0.541670 0.795962 3.806800 0.000000 0.000000 0.000000 1.000000
0.927190 0.066875 0.368573 0.000000 -0.254919 0.833600 0.490029 7.031100 -0.274472 -0.548306 0.789953 3.806800 0.000000 0.000000 0.000000 1.000000
0.925168 0.056753 0.375291 -0.000000 -0.254458 0.826393 0.502320 7.031100 -0.281630 -0.560226 0.778994 3.806800 0.000000 0.000000 0.000000 1.000000
0.921920 0.047189 0.384496 -0.000000 -0.256802 0.817564 0.515404 7.031100 -0.290029 -0.573900 0.765847 3.806800 0.000000 0.000000 0.000000 1.000000
0.918453 0.043630 0.393116 0.000000 -0.261767 0.812144 0.521440 7.031100 -0.296517 -0.581823 0.757337 3.806800 0.000000 0.000000 0.000000 1.000000
0.914995 0.041676 0.401308 0.000000 -0.267606 0.807069 0.526334 7.031100 -0.301947 -0.588985 0.749616 3.806800 0.000000 0.000000 0.000000 1.000000
0.913147 0.042219 0.405438 0.000000 -0.272604 0.802734 0.530382 7.031100 -0.303067 -0.594841 0.744523 3.806800 0.000000 0.000000 0.000000 1.000000
0.912061 0.042750 0.407821 0.000000 -0.276122 0.799299 0.533739 7.031100 -0.303153 -0.599411 0.740813 3.806800 0.000000 0.000000 0.000000 1.000000
0.911039 0.046809 0.409655 0.000000 -0.278430 0.802639 0.527491 7.031100 -0.304114 -0.594625 0.744269 3.806800 0.000000 0.000000 0.000000 1.000000
0.909776 0.057386 0.411114 -0.000000 -0.281168 0.813789 0.508617 7.031100 -0.305373 -0.578320 0.756501 3.806800 0.000000 0.000000 0.000000 1.000000
0.908375 0.068612 0.412489 0.000000 -0.283663 0.825876 0.487303 7.031100 -0.307230 -0.559662 0.769668 3.806800 0.000000 0.000000 0.000000 1.000000
0.907230 0.071234 0.414560 -0.000000 -0.283062 0.832403 0.476426 7.031100 -0.311143 -0.549574 0.775344 3.806800 0.000000 0.000000 0.000000 1.000000
0.906781 0.064943 0.416569 0.000000 -0.278874 0.833419 0.477118 7.031100 -0.316191 -0.548812 0.773840 3.806800 0.000000 0.000000 0.000000 1.000000
0.906943 0.058754 0.417136 0.000000 -0.275356 0.832076 0.481485 7.031100 -0.318800 -0.551541 0.770824 3.806800 0.000000 0.000000 0.000000 1.000000
0.907427 0.058620 0.416101 0.000000 -0.276708 0.828580 0.486711 7.031100 -0.316242 -0.556793 0.768096 3.806800 0.000000 0.000000 0.000000 1.000000
0.908207 0.060753 0.414087 0.000000 -0.280998 0.821754 0.495743 7.031100 -0.310160 -0.566595 0.763394 3.806800 0.000000 0.000000 0.000000 1.000000
0.909073 0.059796 0.412323 -0.000000 -0.283340 0.814289 0.506607 7.031100 -0.305457 -0.577371 0.757191 3.806800 0.000000 0.000000 0.000000 1.000000
0.909610 0.056516 0.411600 0.000000 -0.281967 0.811582 0.511692 7.031100 -0.305129 -0.581498 0.754160 3.806800 0.000000 0.000000 0.000000 1.000000</float_array><technique_common><accessor source="#Head-Matrix-animation-output-transform-array" count="32" stride="16"><param type="float4x4"/></accessor></technique_common></source><source id="Head-Interpolations"><Name_array id="Head-Interpolations-array" count="32">
 LINEAR LINEAR LINEAR LINEAR LINEAR LINEAR LINEAR LINEAR LINEAR LINEAR LINEAR
LINEAR LINEAR LINEAR LINEAR LINEAR LINEAR LINEAR LINEAR LINEAR LINEAR LINEAR LINEAR
LINEAR LINEAR LINEAR LINEAR LINEAR LINEAR LINEAR LINEAR LINEAR</Name_array><technique_common><accessor source="#Head-Interpolations-array" count="32"><param type="name"/></accessor></technique_common></source><sampler id="Head-Matrix-animation-transform"><input semantic="INPUT" source="#Head-Matrix-animation-input"/><input semantic="OUTPUT" source="#Head-Matrix-animation-output-transform"/><input semantic="INTERPOLATION" source="#Head-Interpolations"/></sampler><channel source="#Head-Matrix-animation-transform" target="Head/matrix"/></animation>
    <animation id="LeftShoulder-anim" name="LeftShoulder"><source id="LeftShoulder-Matrix-animation-input"><float_array id="LeftShoulder-Matrix-animation-input-array" count="32">

0.000000 0.033333 0.066667 0.100000 0.133333 0.166667 0.200000 0.233333 0.266667 0.300000 0.333333 0.366667 0.400000 0.433333 0.466667 0.500000
