<?xml version="1.0" encoding="utf-8"?>
<COLLADA xmlns="http://www.collada.org/2005/11/COLLADASchema" version="1.4.1">
  <asset><contributor><author>Mixamo</author><authoring_tool>COLLADA Mixamo exporter</authoring_tool><comments></comments></contributor><created>2018-11-01T12:06:05Z</created><modified>2018-11-01T12:06:05Z</modified><revision></revision><title></title><unit meter="0.010000"/><up_axis>Y_UP</up_axis></asset>
  <library_animations>
    <animation id="Hips-anim" name="Hips"><source id="Hips-Matrix-animation-input"><float_array id="Hips-Matrix-animation-input-array" count="44">

0.000000 0.033333 0.066667 0.100000 0.133333 0.166667 0.200000 0.233333 0.266667 0.300000 0.333333 0.366667 0.400000 0.433333 0.466667 0.500000
0.533333 0.566667 0.600000 0.633333 0.666667 0.700000 0.733333 0.766667 0.800000 0.833333 0.866667 0.900000 0.933333 0.966667 1.000000 1.033333
1.066667 1.100000 1.133333 1.166667 1.200000 1.233333 1.266667 1.300000 1.333333 1.366667 1.400000 1.433333</float_array><technique_common><accessor source="#Hips-Matrix-animation-input-array" count="44"><param name="TIME" type="float"/></accessor></technique_common></source><source id="Hips-Matrix-animation-output-transform"><float_array id="Hips-Matrix-animation-output-transform-array" count="704">

0.689185 0.006337 -0.724558 2.195106 0.059033 0.996147 0.064863 72.839005 0.722177 -0.087475 0.686155 -1.714693 0.000000 0.000000 0.000000 1.000000
0.724943 0.016705 -0.688606 1.260993 0.083873 0.990126 0.112319 73.542717 0.683683 -0.139180 0.716384 -1.661616 0.000000 0.000000 0.000000 1.000000
0.798267 0.029841 -0.601564 -0.869553 0.118905 0.971308 0.205968 75.693390 0.590450 -0.235946 0.771815 -0.148984 0.000000 0.000000 0.000000 1.000000
0.871649 0.021366 -0.489664 -4.035175 0.159742 0.932116 0.325027 79.865517 0.463368 -0.361529 0.809065 3.271372 0.000000 0.000000 0.000000 1.000000
0.892646 0.008931 -0.450670 -6.362673 0.194600 0.894196 0.403167 84.488678 0.406588 -0.447586 0.796463 6.704572 0.000000 0.000000 0.000000 1.000000
0.867420 0.012736 -0.497414 -6.883481 0.231482 0.874576 0.426066 86.768433 0.440453 -0.484721 0.755677 7.699465 0.000000 0.000000 0.000000 1.000000
0.832595 0.006228 -0.553847 -6.822726 0.279397 0.858673 0.429671 86.347305 0.478250 -0.512485 0.713187 6.642329 0.000000 0.000000 0.000000 1.000000
0.809016 -0.009482 -0.587710 -6.765862 0.322132 0.843494 0.429825 85.199684 0.491654 -0.537056 0.685454 5.700770 0.000000 0.000000 0.000000 1.000000
0.783066 -0.024271 -0.621465 -6.271012 0.358264 0.834400 0.418836 82.984367 0.508385 -0.550625 0.662086 4.489276 0.000000 0.000000 0.000000 1.000000
0.749339 -0.035257 -0.661247 -5.287528 0.390072 0.830440 0.397761 80.479317 0.535102 -0.555992 0.636034 3.103603 0.000000 0.000000 0.000000 1.000000
0.713608 -0.050683 -0.698710 -4.038433 0.417299 0.831873 0.365854 78.201546 0.562695 -0.552647 0.614781 1.772606 0.000000 0.000000 0.000000 1.000000
0.674551 -0.074010 -0.734509 -2.642240 0.439367 0.839804 0.318883 76.199631 0.593243 -0.537822 0.599008 0.506994 0.000000 0.000000 0.000000 1.000000
0.630414 -0.098393 -0.769998 -1.102910 0.454341 0.851050 0.263229 74.397842 0.629407 -0.515784 0.581218 -0.670748 0.000000 0.000000 0.000000 1.000000
0.583723 -0.119369 -0.803130 0.481382 0.460538 0.863307 0.206411 72.896416 0.668709 -0.490359 0.558906 -1.748218 0.000000 0.000000 0.000000 1.000000
0.540371 -0.143877 -0.829035 1.873026 0.456349 0.877891 0.145095 71.842842 0.706927 -0.456735 0.540045 -2.769561 0.000000 0.000000 0.000000 1.000000
0.509632 -0.176247 -0.842147 2.929896 0.440903 0.894008 0.079715 71.214424 0.738837 -0.411930 0.533323 -3.792779 0.000000 0.000000 0.000000 1.000000
0.496214 -0.205439 -0.843544 3.746402 0.416172 0.908984 0.023436 70.827728 0.761953 -0.362689 0.536548 -4.868521 0.000000 0.000000 0.000000 1.000000
0.494645 -0.220784 -0.840583 4.467167 0.383545 0.923369 -0.016829 70.484604 0.779884 -0.314077 0.541421 -6.017816 0.000000 0.000000 0.000000 1.000000
0.499646 -0.228022 -0.835679 5.094813 0.342269 0.938198 -0.051355 70.161667 0.795742 -0.260368 0.546811 -7.240809 0.000000 0.000000 0.000000 1.000000
0.510755 -0.237558 -0.826254 5.568838 0.295361 0.951055 -0.090860 69.951775 0.807398 -0.197636 0.555921 -8.521248 0.000000 0.000000 0.000000 1.000000
0.522644 -0.246229 -0.816219 5.930863 0.246936 0.960067 -0.131505 69.930077 0.816006 -0.132824 0.562576 -9.666042 0.000000 0.000000 0.000000 1.000000
0.525058 -0.243377 -0.815526 6.217718 0.195733 0.967085 -0.162588 69.952240 0.828253 -0.074257 0.555413 -10.427059 0.000000 0.000000 0.000000 1.000000
0.515838 -0.227926 -0.825809 6.421887 0.140394 0.973416 -0.180970 69.914703 0.845104 -0.022587 0.534125 -10.735445 0.000000 0.000000 0.000000 1.000000
0.502579 -0.208399 -0.839038 6.586235 0.088262 0.977809 -0.189998 70.013817 0.860014 0.021433 0.509820 -10.713834 0.000000 0.000000 0.000000 1.000000
0.490815 -0.188215 -0.850692 6.758887 0.047987 0.980745 -0.189303 70.398148 0.869941 0.052090 0.490396 -10.451333 0.000000 0.000000 0.000000 1.000000
0.477086 -0.163324 -0.863547 6.873903 0.018328 0.984216 -0.176021 70.908882 0.878665 0.068150 0.472549 -9.959126 0.000000 0.000000 0.000000 1.000000
0.459788 -0.134777 -0.877742 6.813451 -0.005115 0.987997 -0.154386 71.290298 0.888014 0.075474 0.453580 -9.314058 0.000000 0.000000 0.000000 1.000000
0.445786 -0.109271 -0.888445 6.560219 -0.020017 0.991056 -0.131935 71.504402 0.894916 0.076598 0.439611 -8.633047 0.000000 0.000000 0.000000 1.000000
0.444336 -0.087213 -0.891605 6.175284 -0.022379 0.993859 -0.108367 71.664299 0.895581 0.068105 0.439655 -7.944293 0.000000 0.000000 0.000000 1.000000
0.459264 -0.063547 -0.886024 5.681923 -0.013771 0.996809 -0.078630 71.896606 0.888193 0.048313 0.456923 -7.223451 0.000000 0.000000 0.000000 1.000000
0.487244 -0.038847 -0.872402 5.072251 0.000829 0.999030 -0.044023 72.282181 0.873266 0.020727 0.486803 -6.476935 0.000000 0.000000 0.000000 1.000000
0.519839 -0.017938 -0.854076 4.397535 0.016719 0.999802 -0.010823 72.816444 0.854101 -0.008653 0.520036 -5.697055 0.000000 0.000000 0.000000 1.000000
0.548640 -0.002722 -0.836054 3.777832 0.030636 0.999389 0.016851 73.382347 0.835497 -0.034858 0.548388 -4.898420 0.000000 0.000000 0.000000 1.000000
0.570379 0.006194 -0.821358 3.332788 0.040793 0.998524 0.035858 73.802612 0.820368 -0.053958 0.569285 -4.213170 0.000000 0.000000 0.000000 1.000000
0.587845 0.010277 -0.808908 3.030655 0.048122 0.997704 0.047646 74.063988 0.807541 -0.066935 0.586001 -3.676245 0.000000 0.000000 0.000000 1.000000
0.603925 0.012398 -0.796945 2.779936 0.054266 0.996919 0.056631 74.264313 0.795192 -0.077448 0.601392 -3.196843 0.000000 0.000000 0.000000 1.000000
0.618694 0.013285 -0.785520 2.572752 0.059277 0.996218 0.063536 74.401535 0.783392 -0.085873 0.615567 -2.767073 0.000000 0.000000 0.000000 1.000000
0.632169 0.013193 -0.774718 2.410509 0.063019 0.995667 0.068379 74.456055 0.772263 -0.092049 0.628599 -2.401118 0.000000 0.000000 0.000000 1.000000
0.644876 0.012807 -0.764180 2.272627 0.065781 0.995219 0.072191 74.443710 0.761451 -0.096822 0.640950 -2.083354 0.000000 0.000000 0.000000 1.000000
0.656675 0.012328 -0.754073 2.164730 0.067165 0.994937 0.074756 74.322716 0.751177 -0.099738 0.652523 -1.841014 0.000000 0.000000 0.000000 1.000000
0.666261 0.011045 -0.745637 2.143434 0.065762 0.995124 0.073502 73.988419 0.742814 -0.098007 0.662286 -1.757348 0.000000 0.000000 0.000000 1.000000
0.674169 0.009160 -0.738520 2.176318 0.062935 0.995574 0.069799 73.542282 0.735891 -0.093535 0.670609 -1.766718 0.000000 0.000000 0.000000 1.000000
0.681962 0.007654 -0.731348 2.189977 0.060849 0.995885 0.067162 73.167091 0.728852 -0.090304 0.678690 -1.746670 0.000000 0.000000 0.000000 1.000000
0.689185 0.006337 -0.724558 2.195107 0.059033 0.996147 0.064863 72.839005 0.722177 -0.087475 0.686155 -1.714695 0.000000 0.000000 0.000000 1.000000</float_array><technique_common><accessor source="#Hips-Matrix-animation-output-transform-array" count="44" stride="16"><param type="float4x4"/></accessor></technique_common></source><source id="Hips-Interpolations"><Name_array id="Hips-Interpolations-array" count="44">
 LINEAR LINEAR LINEAR LINEAR LINEAR LINEAR LINEAR LINEAR LINEAR LINEAR LINEAR
LINEAR LINEAR LINEAR LINEAR LINEAR LINEAR LINEAR LINEAR LINEAR LINEAR LINEAR LINEAR
LINEAR LINEAR LINEAR LINEAR LINEAR LINEAR LINEAR LINEAR LINEAR LINEAR LINEAR LINEAR
LINEAR LINEAR LINEAR LINEAR LINEAR LINEAR LINEAR LINEAR LINEAR</Name_array><technique_common><accessor source="#Hips-Interpolations-array" count="44"><param type="name"/></accessor></technique_common></source><sampler id="Hips-Matrix-animation-transform"><input semantic="INPUT" source="#Hips-Matrix-animation-input"/><input semantic="OUTPUT" source="#Hips-Matrix-animation-output-transform"/><input semantic="INTERPOLATION" source="#Hips-Interpolations"/></sampler><channel source="#Hips-Matrix-animation-transform" target="Hips/matrix"/></animation>
    <animation id="Spine-anim" name="Spine"><source id="Spine-Matrix-animation-input"><float_array id="Spine-Matrix-animation-input-array" count="44">

0.000000 0.033333 0.066667 0.100000 0.133333 0.166667 0.200000 0.233333 0.266667 0.300000 0.333333 0.366667 0.400000 0.433333 0.466667 0.500000
0.533333 0.566667 0.600000 0.633333 0.666667 0.700000 0.733333 0.766667 0.800000 0.833333 0.866667 0.900000 0.933333 0.966667 1.000000 1.033333
1.066667 1.100000 1.133333 1.166667 1.200000 1.233333 1.266667 1.300000 1.333333 1.366667 1.400000 1.433333</float_array><technique_common><accessor source="#Spine-Matrix-animation-input-array" count="44"><param name="TIME" type="float"/></accessor></technique_common></source><source id="Spine-Matrix-animation-output-transform"><float_array id="Spine-Matrix-animation-output-transform-array" count="704">

0.991309 0.023648 0.129411 -0.279200 -0.002352 0.986740 -0.162295 12.230700 -0.131533 0.160580 0.978219 -2.892100 0.000000 0.000000 0.000000 1.000000
0.994347 0.014899 0.105132 -0.279200 0.000401 0.989573 -0.144034 12.230700 -0.106182 0.143261 0.983972 -2.892100 0.000000 0.000000 0.000000 1.000000
0.994821 -0.001230 0.101635 -0.279200 0.010367 0.995940 -0.089422 12.230700 -0.101112 0.090012 0.990795 -2.892100 0.000000 0.000000 0.000000 1.000000
0.991783 -0.019057 0.126501 -0.279200 0.019489 0.999808 -0.002180 12.230700 -0.126436 0.004627 0.991964 -2.892100 0.000000 0.000000 0.000000 1.000000
0.988879 -0.032039 0.145228 -0.279200 0.022603 0.997553 0.066163 12.230700 -0.146992 -0.062145 0.987183 -2.892100 0.000000 0.000000 0.000000 1.000000
0.989444 -0.044915 0.137778 -0.279200 0.032576 0.995360 0.090542 12.230700 -0.141206 -0.085098 0.986316 -2.892100 0.000000 0.000000 0.000000 1.000000
0.990782 -0.061396 0.120758 -0.279200 0.049816 0.994069 0.096675 12.230700 -0.125977 -0.089768 0.987963 -2.892100 0.000000 0.000000 0.000000 1.000000
0.990466 -0.084840 0.108531 -0.279200 0.073746 0.992001 0.102447 12.230700 -0.116354 -0.093466 0.988800 -2.892100 0.000000 0.000000 0.000000 1.000000
0.987710 -0.108618 0.112391 -0.279200 0.097840 0.990430 0.097348 12.230700 -0.121889 -0.085155 0.988884 -2.892100 0.000000 0.000000 0.000000 1.000000
0.983989 -0.132308 0.119414 -0.279200 0.123774 0.989374 0.076288 12.230700 -0.128239 -0.060287 0.989909 -2.892100 0.000000 0.000000 0.000000 1.000000
0.980413 -0.154970 0.121550 -0.279200 0.150203 0.987514 0.047497 12.230700 -0.127392 -0.028309 0.991448 -2.892100 0.000000 0.000000 0.000000 1.000000
0.977210 -0.174676 0.120623 -0.279200 0.173733 0.984621 0.018373 12.230700 -0.121977 0.003002 0.992528 -2.892100 0.000000 0.000000 0.000000 1.000000
0.974147 -0.190105 0.122055 -0.279200 0.193330 0.981018 -0.015039 12.230700 -0.116880 0.038247 0.992409 -2.892100 0.000000 0.000000 0.000000 1.000000
0.971593 -0.199604 0.127144 -0.279200 0.207816 0.976629 -0.054844 12.230700 -0.113226 0.079708 0.990367 -2.892100 0.000000 0.000000 0.000000 1.000000
0.970119 -0.203707 0.131802 -0.279200 0.216352 0.972167 -0.089909 12.230700 -0.109819 0.115738 0.987190 -2.892100 0.000000 0.000000 0.000000 1.000000
0.970097 -0.204317 0.131022 -0.279200 0.219392 0.969040 -0.113261 12.230700 -0.103825 0.138619 0.984888 -2.892100 0.000000 0.000000 0.000000 1.000000
0.971833 -0.200420 0.123987 -0.279200 0.216720 0.966708 -0.136043 12.230700 -0.092594 0.159082 0.982914 -2.892100 0.000000 0.000000 0.000000 1.000000
0.975007 -0.190309 0.114647 -0.279200 0.207944 0.963383 -0.169269 12.230700 -0.078235 0.188879 0.978879 -2.892100 0.000000 0.000000 0.000000 1.000000
0.978847 -0.175204 0.105655 -0.279200 0.193939 0.959059 -0.206383 12.230700 -0.065171 0.222508 0.972750 -2.892100 0.000000 0.000000 0.000000 1.000000
0.983200 -0.155976 0.094810 -0.279200 0.174394 0.956063 -0.235648 12.230700 -0.053889 0.248223 0.967203 -2.892100 0.000000 0.000000 0.000000 1.000000
0.988068 -0.131500 0.080182 -0.279200 0.147905 0.955339 -0.255834 12.230700 -0.042959 0.264640 0.963390 -2.892100 0.000000 0.000000 0.000000 1.000000
0.992894 -0.101433 0.062229 -0.279200 0.114600 0.955912 -0.270367 12.230700 -0.032061 0.275577 0.960744 -2.892100 0.000000 0.000000 0.000000 1.000000
0.996783 -0.069211 0.040413 -0.279200 0.077742 0.957530 -0.277656 12.230700 -0.019480 0.279905 0.959830 -2.892100 0.000000 0.000000 0.000000 1.000000
0.999083 -0.039588 0.016308 -0.279200 0.042554 0.960156 -0.276206 12.230700 -0.004724 0.276646 0.960960 -2.892100 0.000000 0.000000 0.000000 1.000000
0.999896 -0.014374 -0.001089 -0.279200 0.013544 0.962648 -0.270416 12.230700 0.004936 0.270373 0.962743 -2.892100 0.000000 0.000000 0.000000 1.000000
0.999960 0.008043 -0.003992 -0.279200 -0.008810 0.964780 -0.262910 12.230700 0.001737 0.262934 0.964812 -2.892100 0.000000 0.000000 0.000000 1.000000
0.999560 0.029141 0.005601 -0.279200 -0.026819 0.967928 -0.249790 12.230700 -0.012701 0.249530 0.968284 -2.892100 0.000000 0.000000 0.000000 1.000000
0.998655 0.047615 0.020501 -0.279200 -0.041655 0.972440 -0.229404 12.230700 -0.030859 0.228241 0.973115 -2.892100 0.000000 0.000000 0.000000 1.000000
0.997510 0.060452 0.036330 -0.279200 -0.051601 0.976688 -0.208368 12.230700 -0.048080 0.205974 0.977376 -2.892100 0.000000 0.000000 0.000000 1.000000
0.996524 0.066583 0.050075 -0.279200 -0.055720 0.979507 -0.193549 12.230700 -0.061936 0.190086 0.979812 -2.892100 0.000000 0.000000 0.000000 1.000000
0.995989 0.068041 0.058101 -0.279200 -0.056317 0.981342 -0.183839 12.230700 -0.069525 0.179829 0.981238 -2.892100 0.000000 0.000000 0.000000 1.000000
0.995930 0.066559 0.060776 -0.279200 -0.055052 0.983114 -0.174520 12.230700 -0.071365 0.170463 0.982776 -2.892100 0.000000 0.000000 0.000000 1.000000
0.996056 0.062478 0.063007 -0.279200 -0.051312 0.984884 -0.165443 12.230700 -0.072391 0.161558 0.984205 -2.892100 0.000000 0.000000 0.000000 1.000000
0.996089 0.057067 0.067458 -0.279200 -0.045682 0.986112 -0.159678 12.230700 -0.075633 0.155972 0.984862 -2.892100 0.000000 0.000000 0.000000 1.000000
0.995999 0.051641 0.072928 -0.279200 -0.039687 0.986836 -0.156777 12.230700 -0.080064 0.153255 0.984938 -2.892100 0.000000 0.000000 0.000000 1.000000
0.995832 0.046249 0.078612 -0.279200 -0.033638 0.987376 -0.154782 12.230700 -0.084778 0.151492 0.984816 -2.892100 0.000000 0.000000 0.000000 1.000000
0.995570 0.040988 0.084618 -0.279200 -0.027616 0.987756 -0.153546 12.230700 -0.089875 0.150529 0.984512 -2.892100 0.000000 0.000000 0.000000 1.000000
0.995206 0.036141 0.090876 -0.279200 -0.021900 0.987971 -0.153082 12.230700 -0.095315 0.150358 0.984026 -2.892100 0.000000 0.000000 0.000000 1.000000
0.994754 0.031819 0.097219 -0.279200 -0.016652 0.988085 -0.153005 12.230700 -0.100929 0.150584 0.983432 -2.892100 0.000000 0.000000 0.000000 1.000000
0.994204 0.028475 0.103667 -0.279200 -0.012300 0.988080 -0.153446 12.230700 -0.106800 0.151282 0.982704 -2.892100 0.000000 0.000000 0.000000 1.000000
0.993510 0.026820 0.110538 -0.279200 -0.009381 0.987813 -0.155365 12.230700 -0.113358 0.153320 0.981653 -2.892100 0.000000 0.000000 0.000000 1.000000
0.992770 0.025723 0.117242 -0.279200 -0.006912 0.987398 -0.158104 12.230700 -0.119832 0.156150 0.980437 -2.892100 0.000000 0.000000 0.000000 1.000000
0.992031 0.024649 0.123559 -0.279200 -0.004561 0.987059 -0.160291 12.230700 -0.125911 0.158450 0.979306 -2.892100 0.000000 0.000000 0.000000 1.000000
0.991309 0.023648 0.129410 -0.279200 -0.002352 0.986740 -0.162295 12.230700 -0.131532 0.160580 0.978220 -2.892100 0.000000 0.000000 0.000000 1.000000</float_array><technique_common><accessor source="#Spine-Matrix-animation-output-transform-array" count="44" stride="16"><param type="float4x4"/></accessor></technique_common></source><source id="Spine-Interpolations"><Name_array id="Spine-Interpolations-array" count="44">
 LINEAR LINEAR LINEAR LINEAR LINEAR LINEAR LINEAR LINEAR LINEAR LINEAR LINEAR
LINEAR LINEAR LINEAR LINEAR LINEAR LINEAR LINEAR LINEAR LINEAR LINEAR LINEAR LINEAR
LINEAR LINEAR LINEAR LINEAR LINEAR LINEAR LINEAR LINEAR LINEAR LINEAR LINEAR LINEAR
LINEAR LINEAR LINEAR LINEAR LINEAR LINEAR LINEAR LINEAR LINEAR</Name_array><technique_common><accessor source="#Spine-Interpolations-array" count="44"><param type="name"/></accessor></technique_common></source><sampler id="Spine-Matrix-animation-transform"><input semantic="INPUT" source="#Spine-Matrix-animation-input"/><input semantic="OUTPUT" source="#Spine-Matrix-animation-output-transform"/><input semantic="INTERPOLATION" source="#Spine-Interpolations"/></sampler><channel source="#Spine-Matrix-animation-transform" target="Spine/matrix"/></animation>
    <animation id="Spine1-anim" name="Spine1"><source id="Spine1-Matrix-animation-input"><float_array id="Spine1-Matrix-animation-input-array" count="44">

0.000000 0.033333 0.066667 0.100000 0.133333 0.166667 0.200000 0.233333 0.266667 0.300000 0.333333 0.366667 0.400000 0.433333 0.466667 0.500000
0.533333 0.566667 0.600000 0.633333 0.666667 0.700000 0.733333 0.766667 0.800000 0.833333 0.866667 0.900000 0.933333 0.966667 1.000000 1.033333
1.066667 1.100000 1.133333 1.166667 1.200000 1.233333 1.266667 1.300000 1.333333 1.366667 1.400000 1.433333</float_array><technique_common><accessor source="#Spine1-Matrix-animation-input-array" count="44"><param name="TIME" type="float"/></accessor></technique_common></source><source id="Spine1-Matrix-animation-output-transform"><float_array id="Spine1-Matrix-animation-output-transform-array" count="704">

0.999723 0.015978 0.017276 -0.325700 -0.015309 0.999154 -0.038168 14.269200 -0.017871 0.037893 0.999122 -3.374200 0.000000 0.000000 0.000000 1.000000
0.999721 0.020239 0.012163 -0.325700 -0.019439 0.997845 -0.062666 14.269200 -0.013405 0.062412 0.997960 -3.374200 0.000000 0.000000 0.000000 1.000000
0.999465 0.022527 0.023731 -0.325700 -0.020856 0.997436 -0.068464 14.269200 -0.025213 0.067932 0.997371 -3.374200 0.000000 0.000000 0.000000 1.000000
0.997746 0.031217 0.059405 -0.325700 -0.028081 0.998204 -0.052919 14.269200 -0.060950 0.051132 0.996830 -3.374200 0.000000 0.000000 0.000000 1.000000
0.994330 0.047478 0.095152 -0.325700 -0.043247 0.998002 -0.046052 14.269200 -0.097148 0.041676 0.994397 -3.374200 0.000000 0.000000 0.000000 1.000000
0.992603 0.056007 0.107712 -0.325700 -0.049514 0.996845 -0.062043 14.269200 -0.110847 0.056251 0.992244 -3.374200 0.000000 0.000000 0.000000 1.000000
0.993280 0.048490 0.105088 -0.325700 -0.040057 0.995915 -0.080918 14.269200 -0.108582 0.076165 0.991165 -3.374200 0.000000 0.000000 0.000000 1.000000
0.994045 0.033125 0.103809 -0.325700 -0.023828 0.995697 -0.089552 14.269200 -0.106329 0.086546 0.990557 -3.374200 0.000000 0.000000 0.000000 1.000000
0.994036 0.016768 0.107753 -0.325700 -0.006470 0.995435 -0.095220 14.269200 -0.108858 0.093955 0.989607 -3.374200 0.000000 0.000000 0.000000 1.000000
0.993546 0.002013 0.113414 -0.325700 0.010717 0.993704 -0.111522 14.269200 -0.112924 0.112018 0.987269 -3.374200 0.000000 0.000000 0.000000 1.000000
0.993138 -0.011191 0.116409 -0.325700 0.026830 0.990665 -0.133656 14.269200 -0.113827 0.135862 0.984167 -3.374200 0.000000 0.000000 0.000000 1.000000
0.992955 -0.020891 0.116636 -0.325700 0.039003 0.987106 -0.155241 14.269200 -0.111889 0.158696 0.980967 -3.374200 0.000000 0.000000 0.000000 1.000000
0.992774 -0.027252 0.116867 -0.325700 0.047848 0.983005 -0.177235 14.269200 -0.110051 0.181546 0.977205 -3.374200 0.000000 0.000000 0.000000 1.000000
0.992462 -0.032231 0.118234 -0.325700 0.055661 0.978093 -0.200591 14.269200 -0.109179 0.205660 0.972514 -3.374200 0.000000 0.000000 0.000000 1.000000
0.992252 -0.036288 0.118826 -0.325700 0.061876 0.973684 -0.219340 14.269200 -0.107740 0.224993 0.968385 -3.374200 0.000000 0.000000 0.000000 1.000000
0.992494 -0.039037 0.115898 -0.325700 0.065036 0.971045 -0.229873 14.269200 -0.103568 0.235685 0.966295 -3.374200 0.000000 0.000000 0.000000 1.000000
0.993212 -0.040505 0.109037 -0.325700 0.065822 0.968599 -0.239758 14.269200 -0.095901 0.245308 0.964690 -3.374200 0.000000 0.000000 0.000000 1.000000
0.994076 -0.040265 0.100950 -0.325700 0.065175 0.964148 -0.257236 14.269200 -0.086973 0.262292 0.961061 -3.374200 0.000000 0.000000 0.000000 1.000000
0.994902 -0.037427 0.093646 -0.325700 0.062325 0.958214 -0.279181 14.269200 -0.079284 0.283594 0.955661 -3.374200 0.000000 0.000000 0.000000 1.000000
0.995808 -0.031125 0.086006 -0.325700 0.055524 0.952942 -0.298023 14.269200 -0.072683 0.301550 0.950676 -3.374200 0.000000 0.000000 0.000000 1.000000
0.996853 -0.020806 0.076488 -0.325700 0.043725 0.949184 -0.311669 14.269200 -0.066117 0.314033 0.947107 -3.374200 0.000000 0.000000 0.000000 1.000000
0.997883 -0.007710 0.064576 -0.325700 0.028017 0.947046 -0.319872 14.269200 -0.058690 0.321004 0.945258 -3.374200 0.000000 0.000000 0.000000 1.000000
0.998754 0.005673 0.049588 -0.325700 0.010545 0.947106 -0.320748 14.269200 -0.048784 0.320871 0.945866 -3.374200 0.000000 0.000000 0.000000 1.000000
0.999281 0.018857 0.032878 -0.325700 -0.007505 0.948729 -0.316002 14.269200 -0.037151 0.315528 0.948189 -3.374200 0.000000 0.000000 0.000000 1.000000
0.999259 0.032821 0.020107 -0.325700 -0.024979 0.950410 -0.309994 14.269200 -0.029285 0.309262 0.950526 -3.374200 0.000000 0.000000 0.000000 1.000000
0.998754 0.047157 0.016345 -0.325700 -0.040000 0.952175 -0.302925 14.269200 -0.029848 0.301893 0.952874 -3.374200 0.000000 0.000000 0.000000 1.000000
0.998017 0.059656 0.020079 -0.325700 -0.051324 0.955921 -0.289103 14.269200 -0.036440 0.287499 0.957087 -3.374200 0.000000 0.000000 0.000000 1.000000
0.997255 0.069155 0.026465 -0.325700 -0.059608 0.961816 -0.267128 14.269200 -0.043927 0.264817 0.963298 -3.374200 0.000000 0.000000 0.000000 1.000000
0.996606 0.075519 0.032750 -0.325700 -0.065320 0.967667 -0.243628 14.269200 -0.050090 0.240662 0.969316 -3.374200 0.000000 0.000000 0.000000 1.000000
0.996213 0.078622 0.037132 -0.325700 -0.068338 0.972031 -0.224691 14.269200 -0.053760 0.221302 0.973722 -3.374200 0.000000 0.000000 0.000000 1.000000
0.996183 0.078898 0.037356 -0.325700 -0.069391 0.975343 -0.209503 14.269200 -0.052964 0.206111 0.977094 -3.374200 0.000000 0.000000 0.000000 1.000000
0.996464 0.076904 0.033840 -0.325700 -0.068911 0.978480 -0.194493 14.269200 -0.048069 0.191473 0.980320 -3.374200 0.000000 0.000000 0.000000 1.000000
0.996891 0.072855 0.030005 -0.325700 -0.066350 0.981606 -0.179019 14.269200 -0.042496 0.176472 0.983388 -3.374200 0.000000 0.000000 0.000000 1.000000
0.997329 0.067584 0.027686 -0.325700 -0.062148 0.984441 -0.164356 14.269200 -0.038363 0.162196 0.986012 -3.374200 0.000000 0.000000 0.000000 1.000000
0.997737 0.061998 0.026020 -0.325700 -0.057409 0.986968 -0.150331 14.269200 -0.035001 0.148497 0.988293 -3.374200 0.000000 0.000000 0.000000 1.000000
0.998116 0.056283 0.024417 -0.325700 -0.052450 0.989277 -0.136312 14.269200 -0.031828 0.134774 0.990365 -3.374200 0.000000 0.000000 0.000000 1.000000
0.998461 0.050483 0.022976 -0.325700 -0.047306 0.991351 -0.122412 14.269200 -0.028957 0.121136 0.992213 -3.374200 0.000000 0.000000 0.000000 1.000000
0.998764 0.044728 0.021688 -0.325700 -0.042116 0.993175 -0.108764 14.269200 -0.026405 0.107717 0.993831 -3.374200 0.000000 0.000000 0.000000 1.000000
0.999025 0.039113 0.020484 -0.325700 -0.036991 0.994755 -0.095364 14.269200 -0.024106 0.094514 0.995232 -3.374200 0.000000 0.000000 0.000000 1.000000
0.999241 0.033776 0.019421 -0.325700 -0.032068 0.996086 -0.082370 14.269200 -0.022128 0.081685 0.996413 -3.374200 0.000000 0.000000 0.000000 1.000000
0.999402 0.028973 0.018848 -0.325700 -0.027580 0.997138 -0.070390 14.269200 -0.020834 0.069828 0.997341 -3.374200 0.000000 0.000000 0.000000 1.000000
0.999536 0.024368 0.018295 -0.325700 -0.023251 0.997991 -0.058938 14.269200 -0.019694 0.058486 0.998094 -3.374200 0.000000 0.000000 0.000000 1.000000
0.999642 0.020017 0.017768 -0.325700 -0.019141 0.998657 -0.048152 14.269200 -0.018708 0.047795 0.998682 -3.374200 0.000000 0.000000 0.000000 1.000000
0.999723 0.015978 0.017276 -0.325700 -0.015309 0.999154 -0.038168 14.269200 -0.017871 0.037893 0.999122 -3.374200 0.000000 0.000000 0.000000 1.000000</float_array><technique_common><accessor source="#Spine1-Matrix-animation-output-transform-array" count="44" stride="16"><param type="float4x4"/></accessor></technique_common></source><source id="Spine1-Interpolations"><Name_array id="Spine1-Interpolations-array" count="44">
 LINEAR LINEAR LINEAR LINEAR LINEAR LINEAR LINEAR LINEAR LINEAR LINEAR LINEAR
LINEAR LINEAR LINEAR LINEAR LINEAR LINEAR LINEAR LINEAR LINEAR LINEAR LINEAR LINEAR
LINEAR LINEAR LINEAR LINEAR LINEAR LINEAR LINEAR LINEAR LINEAR LINEAR LINEAR LINEAR
LINEAR LINEAR LINEAR LINEAR LINEAR LINEAR LINEAR LINEAR LINEAR</Name_array><technique_common><accessor source="#Spine1-Interpolations-array" count="44"><param type="name"/></accessor></technique_common></source><sampler id="Spine1-Matrix-animation-transform"><input semantic="INPUT" source="#Spine1-Matrix-animation-input"/><input semantic="OUTPUT" source="#Spine1-Matrix-animation-output-transform"/><input semantic="INTERPOLATION" source="#Spine1-Interpolations"/></sampler><channel source="#Spine1-Matrix-animation-transform" target="Spine1/matrix"/></animation>
    <animation id="Spine2-anim" name="Spine2"><source id="Spine2-Matrix-animation-input"><float_array id="Spine2-Matrix-animation-input-array" count="44">

0.000000 0.033333 0.066667 0.100000 0.133333 0.166667 0.200000 0.233333 0.266667 0.300000 0.333333 0.366667 0.400000 0.433333 0.466667 0.500000
0.533333 0.566667 0.600000 0.633333 0.666667 0.700000 0.733333 0.766667 0.800000 0.833333 0.866667 0.900000 0.933333 0.966667 1.000000 1.033333
1.066667 1.100000 1.133333 1.166667 1.200000 1.233333 1.266667 1.300000 1.333333 1.366667 1.400000 1.433333</float_array><technique_common><accessor source="#Spine2-Matrix-animation-input-array" count="44"><param name="TIME" type="float"/></accessor></technique_common></source><source id="Spine2-Matrix-animation-output-transform"><float_array id="Spine2-Matrix-animation-output-transform-array" count="704">

0.999731 0.015603 0.017152 -0.372300 -0.014935 0.999150 -0.038432 16.307600 -0.017737 0.038165 0.999114 -0.352600 0.000000 0.000000 0.000000 1.000000
0.999734 0.019876 0.011708 -0.372300 -0.019100 0.997831 -0.062993 16.307600 -0.012934 0.062753 0.997945 -0.352600 0.000000 0.000000 0.000000 1.000000
0.999499 0.021887 0.022867 -0.372300 -0.020267 0.997423 -0.068827 16.307600 -0.024314 0.068329 0.997366 -0.352600 0.000000 0.000000 0.000000 1.000000
0.997852 0.029934 0.058277 -0.372300 -0.026842 0.998227 -0.053132 16.307600 -0.059764 0.051453 0.996886 -0.352600 0.000000 0.000000 0.000000 1.000000
0.994524 0.045652 0.094005 -0.372300 -0.041468 0.998080 -0.046001 16.307600 -0.095924 0.041851 0.994508 -0.352600 0.000000 0.000000 0.000000 1.000000
0.992829 0.054130 0.106582 -0.372300 -0.047705 0.996939 -0.061941 16.307600 -0.109609 0.056413 0.992373 -0.352600 0.000000 0.000000 0.000000 1.000000
0.993489 0.046821 0.103863 -0.372300 -0.038467 0.995970 -0.081025 16.307600 -0.107238 0.076502 0.991286 -0.352600 0.000000 0.000000 0.000000 1.000000
0.994248 0.031482 0.102376 -0.372300 -0.022274 0.995704 -0.089875 16.307600 -0.104765 0.087077 0.990677 -0.352600 0.000000 0.000000 0.000000 1.000000
0.994254 0.014879 0.106003 -0.372300 -0.004700 0.995405 -0.095641 16.307600 -0.106939 0.094593 0.989756 -0.352600 0.000000 0.000000 0.000000 1.000000
0.993785 -0.000147 0.111318 -0.372300 0.012694 0.993625 -0.112015 16.307600 -0.110592 0.112732 0.987452 -0.352600 0.000000 0.000000 0.000000 1.000000
0.993391 -0.013506 0.113979 -0.372300 0.028880 0.990515 -0.134333 16.307600 -0.111084 0.136737 0.984359 -0.352600 0.000000 0.000000 0.000000 1.000000
0.993231 -0.023331 0.113785 -0.372300 0.041086 0.986857 -0.156285 16.307600 -0.108643 0.159902 0.981136 -0.352600 0.000000 0.000000 0.000000 1.000000
0.993085 -0.029801 0.113554 -0.372300 0.049925 0.982629 -0.178738 16.307600 -0.106255 0.183171 0.977322 -0.352600 0.000000 0.000000 0.000000 1.000000
0.992815 -0.034729 0.114506 -0.372300 0.057554 0.977586 -0.202517 16.307600 -0.104906 0.207652 0.972561 -0.352600 0.000000 0.000000 0.000000 1.000000
0.992632 -0.038509 0.114882 -0.372300 0.063399 0.973071 -0.221614 16.307600 -0.103254 0.227265 0.968344 -0.352600 0.000000 0.000000 0.000000 1.000000
0.992869 -0.040808 0.112007 -0.372300 0.066095 0.970384 -0.232348 16.307600 -0.099208 0.238094 0.966162 -0.352600 0.000000 0.000000 0.000000 1.000000
0.993548 -0.041748 0.105447 -0.372300 0.066375 0.967960 -0.242174 16.307600 -0.091958 0.247611 0.964486 -0.352600 0.000000 0.000000 0.000000 1.000000
0.994363 -0.040979 0.097790 -0.372300 0.065220 0.963566 -0.259397 16.307600 -0.083598 0.264313 0.960807 -0.352600 0.000000 0.000000 0.000000 1.000000
0.995140 -0.037658 0.090989 -0.372300 0.061937 0.957696 -0.281039 16.307600 -0.076556 0.285308 0.955373 -0.352600 0.000000 0.000000 0.000000 1.000000
0.995989 -0.030958 0.083944 -0.372300 0.054853 0.952500 -0.299557 16.307600 -0.070683 0.302960 0.950378 -0.352600 0.000000 0.000000 0.000000 1.000000
0.996973 -0.020367 0.075039 -0.372300 0.042931 0.948830 -0.312856 16.307600 -0.064828 0.315130 0.946832 -0.352600 0.000000 0.000000 0.000000 1.000000
0.997946 -0.007116 0.063667 -0.372300 0.027215 0.946774 -0.320746 16.307600 -0.057996 0.321820 0.945023 -0.352600 0.000000 0.000000 0.000000 1.000000
0.998772 0.006312 0.049135 -0.372300 0.009826 0.946899 -0.321382 16.307600 -0.048554 0.321470 0.945674 -0.352600 0.000000 0.000000 0.000000 1.000000
0.999273 0.019452 0.032791 -0.372300 -0.008080 0.948567 -0.316472 16.307600 -0.037260 0.315977 0.948035 -0.352600 0.000000 0.000000 0.000000 1.000000
0.999236 0.033394 0.020310 -0.372300 -0.025450 0.950279 -0.310359 16.307600 -0.029664 0.309605 0.950403 -0.352600 0.000000 0.000000 0.000000 1.000000
0.998713 0.047839 0.016838 -0.372300 -0.040493 0.952071 -0.303186 16.307600 -0.030535 0.302114 0.952783 -0.352600 0.000000 0.000000 0.000000 1.000000
0.997950 0.060512 0.020853 -0.372300 -0.051916 0.955858 -0.289207 16.307600 -0.037433 0.287531 0.957039 -0.352600 0.000000 0.000000 0.000000 1.000000
0.997164 0.070101 0.027398 -0.372300 -0.060278 0.961801 -0.267030 16.307600 -0.045070 0.264621 0.963299 -0.352600 0.000000 0.000000 0.000000 1.000000
0.996506 0.076433 0.033668 -0.372300 -0.066001 0.967689 -0.243354 16.307600 -0.051180 0.240282 0.969353 -0.352600 0.000000 0.000000 0.000000 1.000000
0.996119 0.079426 0.037935 -0.372300 -0.068965 0.972072 -0.224321 16.307600 -0.054693 0.220834 0.973777 -0.352600 0.000000 0.000000 0.000000 1.000000
0.996106 0.079535 0.038031 -0.372300 -0.069896 0.975386 -0.209133 16.307600 -0.053729 0.205660 0.977147 -0.352600 0.000000 0.000000 0.000000 1.000000
0.996413 0.077325 0.034389 -0.372300 -0.069234 0.978518 -0.194187 16.307600 -0.048666 0.191109 0.980362 -0.352600 0.000000 0.000000 0.000000 1.000000
0.996864 0.073057 0.030411 -0.372300 -0.066486 0.981636 -0.178803 16.307600 -0.042915 0.176221 0.983415 -0.352600 0.000000 0.000000 0.000000 1.000000
0.997319 0.067628 0.027961 -0.372300 -0.062152 0.984464 -0.164220 16.307600 -0.038633 0.162042 0.986027 -0.352600 0.000000 0.000000 0.000000 1.000000
0.997736 0.061943 0.026204 -0.372300 -0.057329 0.986984 -0.150254 16.307600 -0.035170 0.148412 0.988300 -0.352600 0.000000 0.000000 0.000000 1.000000
0.998121 0.056149 0.024529 -0.372300 -0.052303 0.989288 -0.136287 16.307600 -0.031919 0.134748 0.990366 -0.352600 0.000000 0.000000 0.000000 1.000000
0.998469 0.050287 0.023027 -0.372300 -0.047105 0.991358 -0.122434 16.307600 -0.028984 0.121162 0.992209 -0.352600 0.000000 0.000000 0.000000 1.000000
0.998775 0.044483 0.021689 -0.372300 -0.041870 0.993178 -0.108830 16.307600 -0.026382 0.107789 0.993824 -0.352600 0.000000 0.000000 0.000000 1.000000
0.999037 0.038823 0.020441 -0.372300 -0.036703 0.994755 -0.095472 16.307600 -0.024040 0.094630 0.995222 -0.352600 0.000000 0.000000 0.000000 1.000000
0.999252 0.033500 0.019332 -0.372300 -0.031798 0.996082 -0.082520 16.307600 -0.022020 0.081844 0.996402 -0.352600 0.000000 0.000000 0.000000 1.000000
0.999413 0.028671 0.018749 -0.372300 -0.027281 0.997134 -0.070568 16.307600 -0.020719 0.070015 0.997331 -0.352600 0.000000 0.000000 0.000000 1.000000
0.999546 0.024040 0.018187 -0.372300 -0.022926 0.997986 -0.059145 16.307600 -0.019572 0.058701 0.998084 -0.352600 0.000000 0.000000 0.000000 1.000000
0.999651 0.019665 0.017652 -0.372300 -0.018790 0.998652 -0.048388 16.307600 -0.018579 0.048039 0.998673 -0.352600 0.000000 0.000000 0.000000 1.000000
0.999731 0.015603 0.017152 -0.372300 -0.014935 0.999150 -0.038431 16.307600 -0.017737 0.038165 0.999114 -0.352600 0.000000 0.000000 0.000000 1.000000</float_array><technique_common><accessor source="#Spine2-Matrix-animation-output-transform-array" count="44" stride="16"><param type="float4x4"/></accessor></technique_common></source><source id="Spine2-Interpolations"><Name_array id="Spine2-Interpolations-array" count="44">
 LINEAR LINEAR LINEAR LINEAR LINEAR LINEAR LINEAR LINEAR LINEAR LINEAR LINEAR
LINEAR LINEAR LINEAR LINEAR LINEAR LINEAR LINEAR LINEAR LINEAR LINEAR LINEAR LINEAR
LINEAR LINEAR LINEAR LINEAR LINEAR LINEAR LINEAR LINEAR LINEAR LINEAR LINEAR LINEAR
LINEAR LINEAR LINEAR LINEAR LINEAR LINEAR LINEAR LINEAR LINEAR</Name_array><technique_common><accessor source="#Spine2-Interpolations-array" count="44"><param type="name"/></accessor></technique_common></source><sampler id="Spine2-Matrix-animation-transform"><input semantic="INPUT" source="#Spine2-Matrix-animation-input"/><input semantic="OUTPUT" source="#Spine2-Matrix-animation-output-transform"/><input semantic="INTERPOLATION" source="#Spine2-Interpolations"/></sampler><channel source="#Spine2-Matrix-animation-transform" target="Spine2/matrix"/></animation>
    <animation id="Neck-anim" name="Neck"><source id="Neck-Matrix-animation-input"><float_array id="Neck-Matrix-animation-input-array" count="44">

0.000000 0.033333 0.066667 0.100000 0.133333 0.166667 0.200000 0.233333 0.266667 0.300000 0.333333 0.366667 0.400000 0.433333 0.466667 0.500000
0.533333 0.566667 0.600000 0.633333 0.666667 0.700000 0.733333 0.766667 0.800000 0.833333 0.866667 0.900000 0.933333 0.966667 1.000000 1.033333
1.066667 1.100000 1.133333 1.166667 1.200000 1.233333 1.266667 1.300000 1.333333 1.366667 1.400000 1.433333</float_array><technique_common><accessor source="#Neck-Matrix-animation-input-array" count="44"><param name="TIME" type="float"/></accessor></technique_common></source><source id="Neck-Matrix-animation-output-transform"><float_array id="Neck-Matrix-animation-output-transform-array" count="704">

0.970444 -0.077035 0.228700 -0.418800 0.079469 0.996836 -0.001438 17.814199 -0.227866 0.019570 0.973496 8.416900 0.000000 0.000000 0.000000 1.000000
0.979304 -0.053636 0.195157 -0.418800 0.057155 0.998288 -0.012443 17.814199 -0.194156 0.023340 0.980693 8.416900 0.000000 0.000000 0.000000 1.000000
0.988547 -0.012814 0.150368 -0.418800 0.013433 0.999905 -0.003103 17.814199 -0.150314 0.005087 0.988625 8.416900 0.000000 0.000000 0.000000 1.000000
0.994895 0.025367 0.097677 -0.418800 -0.031374 0.997677 0.060464 17.814199 -0.095916 -0.063220 0.993380 8.416900 0.000000 0.000000 0.000000 1.000000
0.998548 0.026170 0.047093 -0.418800 -0.033021 0.987959 0.151150 17.814199 -0.042570 -0.152486 0.987388 8.416900 0.000000 0.000000 0.000000 1.000000
0.999991 -0.002314 0.003631 -0.418800 0.001466 0.975872 0.218338 17.814199 -0.004049 -0.218331 0.975866 8.416900 0.000000 0.000000 0.000000 1.000000
0.999186 -0.020937 -0.034493 -0.418800 0.029032 0.966713 0.254211 17.814199 0.028023 -0.255005 0.966533 8.416900 0.000000 0.000000 0.000000 1.000000
0.997776 -0.018088 -0.064162 -0.418800 0.034547 0.963455 0.265634 17.814199 0.057013 -0.267260 0.961936 8.416900 0.000000 0.000000 0.000000 1.000000
0.996957 -0.007849 -0.077553 -0.418800 0.027359 0.966857 0.253848 17.814199 0.072990 -0.255198 0.964130 8.416900 0.000000 0.000000 0.000000 1.000000
0.996748 0.001492 -0.080563 -0.418800 0.017013 0.973393 0.228508 17.814199 0.078760 -0.229135 0.970203 8.416900 0.000000 0.000000 0.000000 1.000000
0.996824 0.002715 -0.079589 -0.418800 0.013404 0.979439 0.201296 17.814199 0.078499 -0.201723 0.976292 8.416900 0.000000 0.000000 0.000000 1.000000
0.996777 -0.007649 -0.079852 -0.418800 0.021222 0.985122 0.170541 17.814199 0.077360 -0.171686 0.982110 8.416900 0.000000 0.000000 0.000000 1.000000
0.996245 -0.023330 -0.083377 -0.418800 0.034436 0.990333 0.134364 17.814199 0.079436 -0.136731 0.987418 8.416900 0.000000 0.000000 0.000000 1.000000
0.995375 -0.033596 -0.090004 -0.418800 0.042292 0.994433 0.096516 17.814199 0.086260 -0.099876 0.991254 8.416900 0.000000 0.000000 0.000000 1.000000
0.994703 -0.033421 -0.097203 -0.418800 0.039090 0.997608 0.057009 17.814199 0.095066 -0.060507 0.993630 8.416900 0.000000 0.000000 0.000000 1.000000
0.994450 -0.026763 -0.101746 -0.418800 0.028491 0.999473 0.015572 17.814199 0.101276 -0.018384 0.994689 8.416900 0.000000 0.000000 0.000000 1.000000
0.994521 -0.018940 -0.102804 -0.418800 0.016935 0.999650 -0.020345 17.814199 0.103153 0.018492 0.994494 8.416900 0.000000 0.000000 0.000000 1.000000
0.994859 -0.008652 -0.100901 -0.418800 0.004218 0.999020 -0.044067 17.814199 0.101184 0.043415 0.993920 8.416900 0.000000 0.000000 0.000000 1.000000
0.995393 0.006557 -0.095658 -0.418800 -0.012067 0.998293 -0.057144 17.814199 0.095120 0.058035 0.993773 8.416900 0.000000 0.000000 0.000000 1.000000
0.996039 0.023231 -0.085830 -0.418800 -0.028617 0.997662 -0.062064 17.814199 0.084188 0.064275 0.994375 8.416900 0.000000 0.000000 0.000000 1.000000
0.996861 0.037051 -0.069970 -0.418800 -0.041264 0.997360 -0.059749 17.814199 0.067572 0.062448 0.995758 8.416900 0.000000 0.000000 0.000000 1.000000
0.997744 0.047069 -0.047871 -0.418800 -0.049720 0.997205 -0.055770 17.814199 0.045113 0.058024 0.997295 8.416900 0.000000 0.000000 0.000000 1.000000
0.998391 0.052228 -0.022099 -0.418800 -0.053399 0.996988 -0.056243 17.814199 0.019095 0.057333 0.998173 8.416900 0.000000 0.000000 0.000000 1.000000
0.998671 0.051462 0.002824 -0.418800 -0.051208 0.996963 -0.058666 17.814199 -0.005834 0.058444 0.998274 8.416900 0.000000 0.000000 0.000000 1.000000
0.998650 0.046382 0.023375 -0.418800 -0.044969 0.997319 -0.057729 17.814199 -0.025990 0.056600 0.998059 8.416900 0.000000 0.000000 0.000000 1.000000
0.998551 0.038739 0.037340 -0.418800 -0.036601 0.997741 -0.056337 17.814199 -0.039438 0.054889 0.997713 8.416900 0.000000 0.000000 0.000000 1.000000
0.998582 0.026701 0.046056 -0.418800 -0.023945 0.997948 -0.059386 17.814199 -0.047548 0.058199 0.997172 8.416900 0.000000 0.000000 0.000000 1.000000
0.998561 0.010342 0.052616 -0.418800 -0.006985 0.997952 -0.063585 17.814199 -0.053166 0.063126 0.996588 8.416900 0.000000 0.000000 0.000000 1.000000
0.998246 -0.004517 0.059032 -0.418800 0.008245 0.997976 -0.063060 17.814199 -0.058627 0.063436 0.996262 8.416900 0.000000 0.000000 0.000000 1.000000
0.997717 -0.013421 0.066189 -0.418800 0.017345 0.998103 -0.059070 17.814199 -0.065270 0.060084 0.996057 8.416900 0.000000 0.000000 0.000000 1.000000
0.997017 -0.018430 0.074946 -0.418800 0.022696 0.998146 -0.056477 17.814199 -0.073766 0.058010 0.995587 8.416900 0.000000 0.000000 0.000000 1.000000
