<?xml version="1.0" encoding="utf-8"?>
<COLLADA xmlns="http://www.collada.org/2005/11/COLLADASchema" version="1.4.1">
  <asset><contributor><author>Mixamo</author><authoring_tool>COLLADA Mixamo exporter</authoring_tool><comments></comments></contributor><created>2018-10-28T03:25:59Z</created><modified>2018-10-28T03:25:59Z</modified><revision></revision><title></title><unit meter="0.010000"/><up_axis>Y_UP</up_axis></asset>
  <library_animations>
    <animation id="Hips-anim" name="Hips"><source id="Hips-Matrix-animation-input"><float_array id="Hips-Matrix-animation-input-array" count="110">

0.000000 0.033333 0.066667 0.100000 0.133333 0.166667 0.200000 0.233333 0.266667 0.300000 0.333333 0.366667 0.400000 0.433333 0.466667 0.500000
0.533333 0.566667 0.600000 0.633333 0.666667 0.700000 0.733333 0.766667 0.800000 0.833333 0.866667 0.900000 0.933333 0.966667 1.000000 1.033333
1.066667 1.100000 1.133333 1.166667 1.200000 1.233333 1.266667 1.300000 1.333333 1.366667 1.400000 1.433333 1.466667 1.500000 1.533333 1.566667
1.600000 1.633333 1.666667 1.700000 1.733333 1.766667 1.800000 1.833333 1.866667 1.900000 1.933333 1.966667 2.000000 2.033333 2.066667 2.100000
2.133333 2.166667 2.200000 2.233333 2.266667 2.300000 2.333333 2.366667 2.400000 2.433333 2.466667 2.500000 2.533333 2.566667 2.600000 2.633333
2.666667 2.700000 2.733333 2.766667 2.800000 2.833333 2.866667 2.900000 2.933333 2.966667 3.000000 3.033333 3.066667 3.100000 3.133333 3.166667
3.200000 3.233333 3.266667 3.300000 3.333333 3.366667 3.400000 3.433333 3.466667 3.500000 3.533333 3.566667 3.600000 3.633333</float_array><technique_common><accessor source="#Hips-Matrix-animation-input-array" count="110"><param name="TIME" type="float"/></accessor></technique_common></source><source id="Hips-Matrix-animation-output-transform"><float_array id="Hips-Matrix-animation-output-transform-array" count="1760">

0.622752 0.011767 -0.782331 -2.023512 -0.081765 0.995391 -0.050115 67.909897 0.778135 0.095177 0.620844 0.472261 0.000000 0.000000 0.000000 1.000000
0.617571 -0.001170 -0.786514 -1.572165 -0.079601 0.994771 -0.063982 69.340683 0.782476 0.102121 0.614249 1.100787 0.000000 0.000000 0.000000 1.000000
0.614669 -0.017128 -0.788599 -1.044849 -0.078904 0.993415 -0.083077 70.659294 0.784829 0.113288 0.609269 1.644737 0.000000 0.000000 0.000000 1.000000
0.613986 -0.032042 -0.788666 -0.469089 -0.079937 0.991514 -0.102515 71.570274 0.785259 0.125986 0.606215 2.069153 0.000000 0.000000 0.000000 1.000000
0.614437 -0.042735 -0.787807 0.122369 -0.081675 0.989722 -0.117389 71.846268 0.784727 0.136472 0.604632 2.341230 0.000000 0.000000 0.000000 1.000000
0.614280 -0.047491 -0.787658 0.675610 -0.082696 0.988816 -0.124113 71.450577 0.784743 0.141376 0.603482 2.469944 0.000000 0.000000 0.000000 1.000000
0.613786 -0.045676 -0.788150 1.117418 -0.081776 0.989276 -0.121017 70.527336 0.785226 0.138731 0.603468 2.510150 0.000000 0.000000 0.000000 1.000000
0.614848 -0.037526 -0.787753 1.382248 -0.078458 0.991001 -0.108445 69.288834 0.784734 0.128483 0.606371 2.505135 0.000000 0.000000 0.000000 1.000000
0.617820 -0.024774 -0.785929 1.434860 -0.073195 0.993352 -0.088852 67.932343 0.782906 0.112421 0.611899 2.447103 0.000000 0.000000 0.000000 1.000000
0.621815 -0.011390 -0.783082 1.268020 -0.066531 0.995511 -0.067310 66.640663 0.780333 0.093954 0.618266 2.292249 0.000000 0.000000 0.000000 1.000000
0.627035 -0.000478 -0.778991 0.917756 -0.061315 0.996867 -0.049967 65.690514 0.776574 0.079095 0.625041 2.048094 0.000000 0.000000 0.000000 1.000000
0.634712 0.007394 -0.772714 0.458733 -0.060489 0.997361 -0.040143 65.304596 0.770378 0.072220 0.633484 1.744936 0.000000 0.000000 0.000000 1.000000
0.644261 0.012801 -0.764699 -0.044565 -0.063427 0.997310 -0.036743 65.548622 0.762171 0.072174 0.643340 1.382285 0.000000 0.000000 0.000000 1.000000
0.652306 0.014477 -0.757818 -0.562742 -0.065680 0.997136 -0.037486 66.372543 0.755105 0.074225 0.651389 0.931696 0.000000 0.000000 0.000000 1.000000
0.656136 0.009933 -0.754578 -1.065719 -0.064997 0.996942 -0.043394 67.629532 0.751839 0.077517 0.654774 0.393323 0.000000 0.000000 0.000000 1.000000
0.656496 -0.001632 -0.754328 -1.517192 -0.063408 0.996339 -0.057340 69.034264 0.751660 0.085474 0.653989 -0.210512 0.000000 0.000000 0.000000 1.000000
0.655852 -0.017744 -0.754681 -1.893707 -0.063702 0.994857 -0.078751 70.239998 0.752197 0.099724 0.651349 -0.848448 0.000000 0.000000 0.000000 1.000000
0.655746 -0.033445 -0.754240 -2.180696 -0.066302 0.992607 -0.101660 70.922379 0.752065 0.116671 0.648681 -1.491946 0.000000 0.000000 0.000000 1.000000
0.656588 -0.043023 -0.753021 -2.363739 -0.070459 0.990507 -0.118028 70.931801 0.750951 0.130553 0.647324 -2.091814 0.000000 0.000000 0.000000 1.000000
0.658310 -0.042793 -0.751529 -2.461214 -0.075175 0.989654 -0.122203 70.339294 0.748983 0.136944 0.648282 -2.609358 0.000000 0.000000 0.000000 1.000000
0.660344 -0.033246 -0.750227 -2.516089 -0.079075 0.990387 -0.113490 69.351974 0.746788 0.134267 0.651368 -3.023379 0.000000 0.000000 0.000000 1.000000
0.661714 -0.019207 -0.749510 -2.554823 -0.080707 0.992038 -0.096675 68.161545 0.745400 0.124462 0.654896 -3.299983 0.000000 0.000000 0.000000 1.000000
0.661326 -0.006456 -0.750071 -2.566379 -0.080087 0.993639 -0.079163 66.901871 0.745811 0.112423 0.656602 -3.368258 0.000000 0.000000 0.000000 1.000000
0.658164 0.002829 -0.752869 -2.498122 -0.079329 0.994687 -0.065611 65.762436 0.748683 0.102907 0.654892 -3.141238 0.000000 0.000000 0.000000 1.000000
0.651871 0.009314 -0.758272 -2.330444 -0.080106 0.995176 -0.056642 64.990051 0.754087 0.097665 0.649473 -2.627528 0.000000 0.000000 0.000000 1.000000
0.643119 0.013324 -0.765651 -2.089652 -0.081511 0.995359 -0.051144 64.795738 0.761416 0.095301 0.641220 -1.960261 0.000000 0.000000 0.000000 1.000000
0.633771 0.014672 -0.773381 -1.799183 -0.081628 0.995506 -0.048006 65.215363 0.769202 0.093554 0.632121 -1.284014 0.000000 0.000000 0.000000 1.000000
0.626157 0.013145 -0.779586 -1.446340 -0.080742 0.995575 -0.048064 66.127289 0.775505 0.093041 0.624448 -0.638617 0.000000 0.000000 0.000000 1.000000
0.621591 0.007897 -0.783302 -1.015998 -0.080332 0.995320 -0.053713 67.270470 0.779212 0.096312 0.619317 -0.023920 0.000000 0.000000 0.000000 1.000000
0.619514 -0.001729 -0.784984 -0.502937 -0.080542 0.994580 -0.065755 68.343681 0.780843 0.103961 0.616017 0.548460 0.000000 0.000000 0.000000 1.000000
0.618001 -0.015142 -0.786032 0.073637 -0.079824 0.993439 -0.081897 69.066650 0.782115 0.113356 0.612737 1.048585 0.000000 0.000000 0.000000 1.000000
0.614651 -0.029274 -0.788256 0.673166 -0.077579 0.992223 -0.097342 69.273018 0.784975 0.120984 0.607599 1.454737 0.000000 0.000000 0.000000 1.000000
0.608277 -0.038845 -0.792774 1.235792 -0.075112 0.991502 -0.106215 68.956619 0.790163 0.124155 0.600190 1.744639 0.000000 0.000000 0.000000 1.000000
0.601194 -0.039416 -0.798130 1.699195 -0.073701 0.991791 -0.104496 68.264832 0.795697 0.121645 0.593354 1.912458 0.000000 0.000000 0.000000 1.000000
0.597511 -0.030966 -0.801262 2.004009 -0.072387 0.993091 -0.092359 67.366447 0.798586 0.113186 0.591142 1.960107 0.000000 0.000000 0.000000 1.000000
0.598413 -0.017976 -0.800986 2.111806 -0.069517 0.994813 -0.074262 66.377037 0.798166 0.100121 0.594059 1.890915 0.000000 0.000000 0.000000 1.000000
0.602357 -0.006268 -0.798202 2.023529 -0.065167 0.996245 -0.057000 65.434982 0.795562 0.086351 0.599687 1.726816 0.000000 0.000000 0.000000 1.000000
0.608276 0.001078 -0.793725 1.772619 -0.061341 0.997072 -0.045656 64.754929 0.791352 0.076460 0.606561 1.492867 0.000000 0.000000 0.000000 1.000000
0.616019 0.005165 -0.787715 1.400919 -0.059851 0.997395 -0.040265 64.519623 0.785455 0.071949 0.614723 1.186359 0.000000 0.000000 0.000000 1.000000
0.624969 0.008416 -0.780605 0.943593 -0.059688 0.997530 -0.037033 64.784531 0.778365 0.069737 0.623927 0.799209 0.000000 0.000000 0.000000 1.000000
0.633283 0.011250 -0.773839 0.427669 -0.057541 0.997811 -0.032583 65.525398 0.771778 0.065162 0.632544 0.349823 0.000000 0.000000 0.000000 1.000000
0.638788 0.011884 -0.769291 -0.115578 -0.052387 0.998232 -0.028079 66.631760 0.767597 0.058237 0.638281 -0.142463 0.000000 0.000000 0.000000 1.000000
0.641557 0.009127 -0.767021 -0.627109 -0.048546 0.998408 -0.028725 67.878525 0.765538 0.055664 0.640978 -0.668515 0.000000 0.000000 0.000000 1.000000
0.643901 0.004062 -0.765098 -1.059420 -0.050033 0.998069 -0.036809 68.982239 0.763471 0.061981 0.642861 -1.236894 0.000000 0.000000 0.000000 1.000000
0.646898 -0.001114 -0.762576 -1.415792 -0.055366 0.997291 -0.048424 69.678223 0.760564 0.073546 0.645084 -1.858538 0.000000 0.000000 0.000000 1.000000
0.649574 -0.003880 -0.760288 -1.701921 -0.061877 0.996400 -0.057951 69.825249 0.757776 0.084688 0.646996 -2.480434 0.000000 0.000000 0.000000 1.000000
0.650827 -0.002843 -0.759221 -1.909826 -0.067612 0.995803 -0.061687 69.390350 0.756209 0.091480 0.647903 -3.046572 0.000000 0.000000 0.000000 1.000000
0.650666 0.002502 -0.759360 -2.044326 -0.071426 0.995763 -0.057921 68.471832 0.755997 0.091926 0.648088 -3.515233 0.000000 0.000000 0.000000 1.000000
0.650044 0.012838 -0.759789 -2.129149 -0.074110 0.996162 -0.046573 67.264137 0.756275 0.086582 0.648500 -3.834917 0.000000 0.000000 0.000000 1.000000
0.649353 0.027921 -0.759974 -2.185230 -0.077565 0.996546 -0.029662 65.966148 0.756521 0.078209 0.649276 -3.951011 0.000000 0.000000 0.000000 1.000000
0.647330 0.044245 -0.760925 -2.185133 -0.081692 0.996591 -0.011548 64.756805 0.757819 0.069637 0.648738 -3.818204 0.000000 0.000000 0.000000 1.000000
0.642326 0.056300 -0.764361 -2.102933 -0.084465 0.996424 0.002412 63.790573 0.761763 0.063012 0.644784 -3.463281 0.000000 0.000000 0.000000 1.000000
0.634350 0.061154 -0.770624 -1.923806 -0.084955 0.996343 0.009134 63.221287 0.768364 0.059674 0.637225 -2.950839 0.000000 0.000000 0.000000 1.000000
0.625431 0.061252 -0.777871 -1.642870 -0.085179 0.996316 0.009966 63.185261 0.775616 0.060025 0.628344 -2.331857 0.000000 0.000000 0.000000 1.000000
0.617820 0.060061 -0.784022 -1.281522 -0.086491 0.996219 0.008161 63.691971 0.781548 0.062769 0.620679 -1.647394 0.000000 0.000000 0.000000 1.000000
0.611941 0.057223 -0.788830 -0.870417 -0.088043 0.996109 0.003960 64.616386 0.785988 0.067028 0.614598 -0.943784 0.000000 0.000000 0.000000 1.000000
0.606917 0.049682 -0.793211 -0.421976 -0.088403 0.996071 -0.005253 65.713608 0.789833 0.073310 0.608924 -0.269435 0.000000 0.000000 0.000000 1.000000
0.601981 0.036214 -0.797689 0.076883 -0.087096 0.995989 -0.020511 66.710999 0.793746 0.081823 0.602720 0.369118 0.000000 0.000000 0.000000 1.000000
0.596393 0.019358 -0.802459 0.630992 -0.084228 0.995699 -0.038579 67.368706 0.798261 0.090598 0.595459 0.977413 0.000000 0.000000 0.000000 1.000000
0.588689 0.003463 -0.808352 1.208263 -0.079662 0.995372 -0.053750 67.535950 0.804425 0.096037 0.586240 1.532872 0.000000 0.000000 0.000000 1.000000
0.578190 -0.007679 -0.815866 1.753927 -0.073762 0.995369 -0.061642 67.205315 0.812561 0.095821 0.574946 1.999421 0.000000 0.000000 0.000000 1.000000
0.567826 -0.011726 -0.823065 2.204417 -0.067463 0.995872 -0.060729 66.489914 0.820379 0.090010 0.564691 2.349835 0.000000 0.000000 0.000000 1.000000
0.562553 -0.008171 -0.826721 2.509310 -0.061634 0.996754 -0.051792 65.575760 0.824460 0.080090 0.560224 2.582394 0.000000 0.000000 0.000000 1.000000
0.563683 0.000880 -0.825991 2.632869 -0.056947 0.997661 -0.037800 64.651962 0.824026 0.068345 0.562415 2.686358 0.000000 0.000000 0.000000 1.000000
0.568005 0.011155 -0.822949 2.555320 -0.053740 0.998277 -0.023560 63.896507 0.821269 0.057608 0.567626 2.630653 0.000000 0.000000 0.000000 1.000000
0.572557 0.019081 -0.819643 2.298673 -0.052060 0.998558 -0.013121 63.475155 0.818210 0.050183 0.572725 2.411530 0.000000 0.000000 0.000000 1.000000
0.577523 0.023385 -0.816039 1.915259 -0.051601 0.998637 -0.007902 63.494724 0.814742 0.046672 0.577942 2.046718 0.000000 0.000000 0.000000 1.000000
0.584108 0.024419 -0.811309 1.453927 -0.051570 0.998644 -0.007071 63.968628 0.810036 0.045969 0.584575 1.540615 0.000000 0.000000 0.000000 1.000000
0.591812 0.022637 -0.805758 0.948990 -0.051248 0.998640 -0.009585 64.842155 0.804445 0.046966 0.592167 0.898799 0.000000 0.000000 0.000000 1.000000
0.598868 0.017106 -0.800665 0.425185 -0.050477 0.998590 -0.016420 65.998329 0.799256 0.050248 0.598887 0.147423 0.000000 0.000000 0.000000 1.000000
0.604273 0.006601 -0.796750 -0.116214 -0.049770 0.998326 -0.029476 67.206314 0.795221 0.057465 0.603590 -0.722753 0.000000 0.000000 0.000000 1.000000
0.608751 -0.006955 -0.793331 -0.665984 -0.050797 0.997568 -0.047724 68.169785 0.791734 0.069351 0.606917 -1.711897 0.000000 0.000000 0.000000 1.000000
0.614189 -0.018221 -0.788949 -1.191250 -0.055773 0.996231 -0.066427 68.641907 0.787186 0.084801 0.610858 -2.754456 0.000000 0.000000 0.000000 1.000000
0.622062 -0.022192 -0.782653 -1.624296 -0.065483 0.994622 -0.080249 68.550735 0.780225 0.101170 0.617263 -3.696876 0.000000 0.000000 0.000000 1.000000
0.631806 -0.018072 -0.774915 -1.917137 -0.076482 0.993396 -0.085524 67.915123 0.771344 0.113302 0.626252 -4.436722 0.000000 0.000000 0.000000 1.000000
0.640917 -0.008372 -0.767564 -2.051635 -0.084842 0.993041 -0.081675 66.920006 0.762907 0.117468 0.635747 -4.918404 0.000000 0.000000 0.000000 1.000000
0.646859 0.003702 -0.762601 -2.052273 -0.089776 0.993405 -0.071327 65.835197 0.757307 0.114602 0.642925 -5.146523 0.000000 0.000000 0.000000 1.000000
0.648440 0.016159 -0.761094 -1.931389 -0.092878 0.993985 -0.058027 64.893356 0.755579 0.108316 0.646040 -5.110967 0.000000 0.000000 0.000000 1.000000
0.645664 0.026544 -0.763160 -1.690557 -0.094407 0.994503 -0.045281 64.196396 0.757764 0.101283 0.644621 -4.793438 0.000000 0.000000 0.000000 1.000000
0.639666 0.031593 -0.768003 -1.331075 -0.092172 0.995098 -0.035834 63.807426 0.763107 0.093710 0.639442 -4.184843 0.000000 0.000000 0.000000 1.000000
0.632785 0.032119 -0.773661 -0.884839 -0.086329 0.995837 -0.029267 63.794952 0.769500 0.085309 0.632924 -3.353262 0.000000 0.000000 0.000000 1.000000
0.627672 0.033645 -0.777750 -0.366350 -0.081680 0.996397 -0.022815 64.268311 0.774181 0.077847 0.628159 -2.357025 0.000000 0.000000 0.000000 1.000000
0.625342 0.038516 -0.779400 0.191537 -0.081281 0.996563 -0.015968 65.214661 0.776106 0.073336 0.626324 -1.314768 0.000000 0.000000 0.000000 1.000000
0.625437 0.041711 -0.779159 0.757382 -0.082867 0.996474 -0.013174 66.455902 0.775862 0.072805 0.626688 -0.333697 0.000000 0.000000 0.000000 1.000000
0.628016 0.036939 -0.777323 1.298295 -0.082453 0.996409 -0.019266 67.688034 0.773820 0.076192 0.628806 0.560899 0.000000 0.000000 0.000000 1.000000
0.632669 0.024599 -0.774032 1.802669 -0.079029 0.996328 -0.032932 68.626556 0.770380 0.082005 0.632290 1.385757 0.000000 0.000000 0.000000 1.000000
0.637099 0.009872 -0.770719 2.252578 -0.073351 0.996156 -0.047875 69.041893 0.767284 0.087034 0.635375 2.083413 0.000000 0.000000 0.000000 1.000000
0.638661 -0.002925 -0.769483 2.611180 -0.066208 0.996075 -0.058738 68.858345 0.766635 0.088460 0.635961 2.568967 0.000000 0.000000 0.000000 1.000000
0.637624 -0.011893 -0.770256 2.848336 -0.058138 0.996286 -0.063510 68.177780 0.768150 0.085276 0.634565 2.826506 0.000000 0.000000 0.000000 1.000000
0.637473 -0.015955 -0.770307 2.960119 -0.049830 0.996839 -0.061884 67.186096 0.768860 0.077834 0.634663 2.912496 0.000000 0.000000 0.000000 1.000000
0.641530 -0.014896 -0.766953 2.942157 -0.042116 0.997619 -0.054604 66.069626 0.765941 0.067332 0.639376 2.864616 0.000000 0.000000 0.000000 1.000000
0.650478 -0.010177 -0.759457 2.777419 -0.035806 0.998388 -0.044046 65.019775 0.758681 0.055844 0.649064 2.668958 0.000000 0.000000 0.000000 1.000000
0.662839 -0.004181 -0.748750 2.467908 -0.031313 0.998955 -0.033298 64.238663 0.748107 0.045517 0.662015 2.296689 0.000000 0.000000 0.000000 1.000000
0.672058 0.000461 -0.740498 1.896754 -0.030691 0.999158 -0.027233 64.286636 0.739862 0.041029 0.671506 1.814538 0.000000 0.000000 0.000000 1.000000
0.675484 0.003408 -0.737367 1.080307 -0.033801 0.999081 -0.026347 65.065430 0.736599 0.042720 0.674979 1.328782 0.000000 0.000000 0.000000 1.000000
0.676883 0.003771 -0.736081 0.229089 -0.037736 0.998850 -0.029583 66.082451 0.735122 0.047801 0.676247 0.805011 0.000000 0.000000 0.000000 1.000000
0.677106 -0.000475 -0.735885 -0.520783 -0.041615 0.998375 -0.038935 67.224228 0.734708 0.056987 0.675986 0.232943 0.000000 0.000000 0.000000 1.000000
0.672872 -0.016901 -0.739566 -0.997787 -0.046738 0.996770 -0.065302 68.483269 0.738281 0.078506 0.669909 -0.387481 0.000000 0.000000 0.000000 1.000000
0.662792 -0.035394 -0.747966 -1.699623 -0.055969 0.993746 -0.096620 69.887093 0.746709 0.105902 0.656667 -0.937821 0.000000 0.000000 0.000000 1.000000
0.650215 -0.051802 -0.757982 -2.424895 -0.066938 0.989887 -0.125072 71.055710 0.756795 0.132061 0.640172 -1.328020 0.000000 0.000000 0.000000 1.000000
0.640399 -0.063892 -0.765380 -3.000439 -0.076443 0.986283 -0.146293 71.787880 0.764229 0.152194 0.626731 -1.673304 0.000000 0.000000 0.000000 1.000000
0.641573 -0.064807 -0.764319 -3.110980 -0.080102 0.985316 -0.150783 71.465820 0.762868 0.157961 0.626962 -2.132703 0.000000 0.000000 0.000000 1.000000
0.647232 -0.053022 -0.760447 -3.018486 -0.081979 0.986951 -0.138588 70.298477 0.757873 0.152039 0.634439 -2.507743 0.000000 0.000000 0.000000 1.000000
0.651385 -0.034824 -0.757948 -2.956524 -0.084671 0.989370 -0.118224 68.940361 0.754008 0.141186 0.641513 -2.689320 0.000000 0.000000 0.000000 1.000000
0.653363 -0.014996 -0.756896 -2.911153 -0.086601 0.991760 -0.094404 67.577950 0.752075 0.127228 0.646681 -2.615537 0.000000 0.000000 0.000000 1.000000
0.652184 0.001707 -0.758059 -2.851558 -0.086886 0.993576 -0.072514 66.436188 0.753065 0.113157 0.648143 -2.254308 0.000000 0.000000 0.000000 1.000000
0.647002 0.013111 -0.762376 -2.748911 -0.086647 0.994640 -0.056429 65.813416 0.757549 0.102567 0.644670 -1.647573 0.000000 0.000000 0.000000 1.000000
0.638838 0.018958 -0.769108 -2.599418 -0.086185 0.995167 -0.047056 65.902817 0.764499 0.096347 0.637385 -0.926486 0.000000 0.000000 0.000000 1.000000
0.630107 0.018750 -0.776282 -2.372420 -0.084457 0.995433 -0.044510 66.664268 0.771901 0.093608 0.628813 -0.210285 0.000000 0.000000 0.000000 1.000000
0.622752 0.011767 -0.782331 -2.023512 -0.081765 0.995391 -0.050115 67.909897 0.778135 0.095177 0.620844 0.472261 0.000000 0.000000 0.000000 1.000000</float_array><technique_common><accessor source="#Hips-Matrix-animation-output-transform-array" count="110" stride="16"><param type="float4x4"/></accessor></technique_common></source><source id="Hips-Interpolations"><Name_array id="Hips-Interpolations-array" count="110">
 LINEAR LINEAR LINEAR LINEAR LINEAR LINEAR LINEAR LINEAR LINEAR LINEAR LINEAR
LINEAR LINEAR LINEAR LINEAR LINEAR LINEAR LINEAR LINEAR LINEAR LINEAR LINEAR LINEAR
LINEAR LINEAR LINEAR LINEAR LINEAR LINEAR LINEAR LINEAR LINEAR LINEAR LINEAR LINEAR
LINEAR LINEAR LINEAR LINEAR LINEAR LINEAR LINEAR LINEAR LINEAR LINEAR LINEAR LINEAR
LINEAR LINEAR LINEAR LINEAR LINEAR LINEAR LINEAR LINEAR LINEAR LINEAR LINEAR LINEAR
LINEAR LINEAR LINEAR LINEAR LINEAR LINEAR LINEAR LINEAR LINEAR LINEAR LINEAR LINEAR
LINEAR LINEAR LINEAR LINEAR LINEAR LINEAR LINEAR LINEAR LINEAR LINEAR LINEAR LINEAR
LINEAR LINEAR LINEAR LINEAR LINEAR LINEAR LINEAR LINEAR LINEAR LINEAR LINEAR LINEAR
LINEAR LINEAR LINEAR LINEAR LINEAR LINEAR LINEAR LINEAR LINEAR LINEAR LINEAR LINEAR
LINEAR LINEAR LINEAR</Name_array><technique_common><accessor source="#Hips-Interpolations-array" count="110"><param type="name"/></accessor></technique_common></source><sampler id="Hips-Matrix-animation-transform"><input semantic="INPUT" source="#Hips-Matrix-animation-input"/><input semantic="OUTPUT" source="#Hips-Matrix-animation-output-transform"/><input semantic="INTERPOLATION" source="#Hips-Interpolations"/></sampler><channel source="#Hips-Matrix-animation-transform" target="Hips/matrix"/></animation>
    <animation id="Spine-anim" name="Spine"><source id="Spine-Matrix-animation-input"><float_array id="Spine-Matrix-animation-input-array" count="110">

0.000000 0.033333 0.066667 0.100000 0.133333 0.166667 0.200000 0.233333 0.266667 0.300000 0.333333 0.366667 0.400000 0.433333 0.466667 0.500000
0.533333 0.566667 0.600000 0.633333 0.666667 0.700000 0.733333 0.766667 0.800000 0.833333 0.866667 0.900000 0.933333 0.966667 1.000000 1.033333
1.066667 1.100000 1.133333 1.166667 1.200000 1.233333 1.266667 1.300000 1.333333 1.366667 1.400000 1.433333 1.466667 1.500000 1.533333 1.566667
1.600000 1.633333 1.666667 1.700000 1.733333 1.766667 1.800000 1.833333 1.866667 1.900000 1.933333 1.966667 2.000000 2.033333 2.066667 2.100000
2.133333 2.166667 2.200000 2.233333 2.266667 2.300000 2.333333 2.366667 2.400000 2.433333 2.466667 2.500000 2.533333 2.566667 2.600000 2.633333
2.666667 2.700000 2.733333 2.766667 2.800000 2.833333 2.866667 2.900000 2.933333 2.966667 3.000000 3.033333 3.066667 3.100000 3.133333 3.166667
3.200000 3.233333 3.266667 3.300000 3.333333 3.366667 3.400000 3.433333 3.466667 3.500000 3.533333 3.566667 3.600000 3.633333</float_array><technique_common><accessor source="#Spine-Matrix-animation-input-array" count="110"><param name="TIME" type="float"/></accessor></technique_common></source><source id="Spine-Matrix-animation-output-transform"><float_array id="Spine-Matrix-animation-output-transform-array" count="1760">

0.998955 -0.041691 0.018749 -0.279200 0.043320 0.994333 -0.097088 12.230700 -0.014595 0.097799 0.995099 -2.892100 0.000000 0.000000 0.000000 1.000000
0.999156 -0.037023 0.017793 -0.279200 0.038541 0.994799 -0.094284 12.230700 -0.014210 0.094890 0.995386 -2.892100 0.000000 0.000000 0.000000 1.000000
0.999312 -0.032394 0.018079 -0.279200 0.033909 0.995279 -0.090940 12.230700 -0.015048 0.091490 0.995692 -2.892100 0.000000 0.000000 0.000000 1.000000
0.999395 -0.028889 0.019355 -0.279200 0.030486 0.995647 -0.088073 12.230700 -0.016726 0.088610 0.995926 -2.892100 0.000000 0.000000 0.000000 1.000000
0.999432 -0.026261 0.021117 -0.279200 0.028000 0.995834 -0.086778 12.230700 -0.018750 0.087320 0.996004 -2.892100 0.000000 0.000000 0.000000 1.000000
0.999448 -0.023481 0.023502 -0.279200 0.025454 0.995839 -0.087499 12.230700 -0.021350 0.088049 0.995887 -2.892100 0.000000 0.000000 0.000000 1.000000
0.999444 -0.020128 0.026593 -0.279200 0.022453 0.995666 -0.090251 12.230700 -0.024661 0.090797 0.995564 -2.892100 0.000000 0.000000 0.000000 1.000000
0.999414 -0.016823 0.029811 -0.279200 0.019581 0.995303 -0.094803 12.230700 -0.028076 0.095331 0.995050 -2.892100 0.000000 0.000000 0.000000 1.000000
0.999367 -0.014667 0.032411 -0.279200 0.017853 0.994798 -0.100288 12.230700 -0.030772 0.100803 0.994430 -2.892100 0.000000 0.000000 0.000000 1.000000
0.999324 -0.013214 0.034303 -0.279200 0.016754 0.994328 -0.105028 12.230700 -0.032720 0.105532 0.993877 -2.892100 0.000000 0.000000 0.000000 1.000000
0.999261 -0.013787 0.035887 -0.279200 0.017582 0.994032 -0.107658 12.230700 -0.034189 0.108210 0.993540 -2.892100 0.000000 0.000000 0.000000 1.000000
0.999158 -0.017291 0.037217 -0.279200 0.021220 0.993934 -0.107915 12.230700 -0.035126 0.108613 0.993463 -2.892100 0.000000 0.000000 0.000000 1.000000
0.999019 -0.022987 0.037859 -0.279200 0.026910 0.993938 -0.106597 12.230700 -0.035180 0.107511 0.993581 -2.892100 0.000000 0.000000 0.000000 1.000000
0.998911 -0.027837 0.037446 -0.279200 0.031618 0.994023 -0.104495 12.230700 -0.034313 0.105565 0.993820 -2.892100 0.000000 0.000000 0.000000 1.000000
0.998906 -0.029712 0.036105 -0.279200 0.033235 0.994304 -0.101270 12.230700 -0.032890 0.102359 0.994204 -2.892100 0.000000 0.000000 0.000000 1.000000
0.998984 -0.029097 0.034419 -0.279200 0.032289 0.994843 -0.096145 12.230700 -0.031444 0.097159 0.994772 -2.892100 0.000000 0.000000 0.000000 1.000000
0.999064 -0.028251 0.032757 -0.279200 0.031088 0.995492 -0.089605 12.230700 -0.030078 0.090540 0.995439 -2.892100 0.000000 0.000000 0.000000 1.000000
0.999106 -0.028547 0.031173 -0.279200 0.031065 0.996022 -0.083516 12.230700 -0.028665 0.084409 0.996019 -2.892100 0.000000 0.000000 0.000000 1.000000
0.999088 -0.030762 0.029614 -0.279200 0.033043 0.996255 -0.079906 12.230700 -0.027045 0.080812 0.996362 -2.892100 0.000000 0.000000 0.000000 1.000000
0.999013 -0.034469 0.028022 -0.279200 0.036616 0.996113 -0.080112 12.230700 -0.025152 0.081059 0.996392 -2.892100 0.000000 0.000000 0.000000 1.000000
0.998910 -0.038525 0.026347 -0.279200 0.040622 0.995607 -0.084357 12.230700 -0.022981 0.085335 0.996087 -2.892100 0.000000 0.000000 0.000000 1.000000
0.998811 -0.042089 0.024598 -0.279200 0.044162 0.994878 -0.090928 12.230700 -0.020645 0.091906 0.995554 -2.892100 0.000000 0.000000 0.000000 1.000000
0.998710 -0.045347 0.022849 -0.279200 0.047352 0.994195 -0.096610 12.230700 -0.018335 0.097568 0.995060 -2.892100 0.000000 0.000000 0.000000 1.000000
0.998567 -0.049113 0.021248 -0.279200 0.050990 0.993743 -0.099372 12.230700 -0.016235 0.100313 0.994823 -2.892100 0.000000 0.000000 0.000000 1.000000
0.998398 -0.052930 0.019981 -0.279200 0.054668 0.993506 -0.099790 12.230700 -0.014569 0.100723 0.994808 -2.892100 0.000000 0.000000 0.000000 1.000000
0.998325 -0.054574 0.019212 -0.279200 0.056224 0.993440 -0.099577 12.230700 -0.013651 0.100490 0.994844 -2.892100 0.000000 0.000000 0.000000 1.000000
0.998451 -0.052407 0.018676 -0.279200 0.054012 0.993570 -0.099504 12.230700 -0.013341 0.100359 0.994862 -2.892100 0.000000 0.000000 0.000000 1.000000
0.998671 -0.048319 0.017948 -0.279200 0.049865 0.993837 -0.099001 12.230700 -0.013054 0.099764 0.994926 -2.892100 0.000000 0.000000 0.000000 1.000000
0.998868 -0.044331 0.017275 -0.279200 0.045807 0.994199 -0.097316 12.230700 -0.012860 0.097997 0.995104 -2.892100 0.000000 0.000000 0.000000 1.000000
0.999033 -0.040381 0.017400 -0.279200 0.041852 0.994627 -0.094683 12.230700 -0.013484 0.095320 0.995355 -2.892100 0.000000 0.000000 0.000000 1.000000
0.999193 -0.035604 0.018592 -0.279200 0.037169 0.995064 -0.092015 12.230700 -0.015224 0.092631 0.995584 -2.892100 0.000000 0.000000 0.000000 1.000000
0.999330 -0.030188 0.020673 -0.279200 0.031935 0.995414 -0.090177 12.230700 -0.017855 0.090777 0.995711 -2.892100 0.000000 0.000000 0.000000 1.000000
0.999426 -0.024435 0.023474 -0.279200 0.026456 0.995590 -0.090001 12.230700 -0.021171 0.090570 0.995665 -2.892100 0.000000 0.000000 0.000000 1.000000
0.999468 -0.018927 0.026545 -0.279200 0.021301 0.995510 -0.092234 12.230700 -0.024680 0.092750 0.995383 -2.892100 0.000000 0.000000 0.000000 1.000000
0.999473 -0.013960 0.029316 -0.279200 0.016740 0.995160 -0.096830 12.230700 -0.027822 0.097270 0.994869 -2.892100 0.000000 0.000000 0.000000 1.000000
0.999449 -0.009650 0.031756 -0.279200 0.012857 0.994662 -0.102380 12.230700 -0.030598 0.102732 0.994238 -2.892100 0.000000 0.000000 0.000000 1.000000
0.999396 -0.006573 0.034119 -0.279200 0.010183 0.994235 -0.106740 12.230700 -0.033221 0.107023 0.993701 -2.892100 0.000000 0.000000 0.000000 1.000000
0.999327 -0.005507 0.036274 -0.279200 0.009422 0.994034 -0.108662 12.230700 -0.035459 0.108931 0.993417 -2.892100 0.000000 0.000000 0.000000 1.000000
0.999266 -0.006681 0.037717 -0.279200 0.010745 0.994026 -0.108616 12.230700 -0.036766 0.108942 0.993368 -2.892100 0.000000 0.000000 0.000000 1.000000
0.999236 -0.008902 0.038058 -0.279200 0.012965 0.994079 -0.107882 12.230700 -0.036872 0.108293 0.993435 -2.892100 0.000000 0.000000 0.000000 1.000000
0.999251 -0.010213 0.037321 -0.279200 0.014167 0.994127 -0.107284 12.230700 -0.036006 0.107732 0.993528 -2.892100 0.000000 0.000000 0.000000 1.000000
0.999310 -0.009729 0.035840 -0.279200 0.013500 0.994220 -0.106509 12.230700 -0.034596 0.106919 0.993666 -2.892100 0.000000 0.000000 0.000000 1.000000
0.999384 -0.009138 0.033884 -0.279200 0.012637 0.994442 -0.104527 12.230700 -0.032740 0.104891 0.993945 -2.892100 0.000000 0.000000 0.000000 1.000000
0.999454 -0.009968 0.031497 -0.279200 0.013110 0.994780 -0.101194 12.230700 -0.030324 0.101552 0.994368 -2.892100 0.000000 0.000000 0.000000 1.000000
0.999521 -0.010913 0.028967 -0.279200 0.013693 0.995131 -0.097601 12.230700 -0.027761 0.097951 0.994804 -2.892100 0.000000 0.000000 0.000000 1.000000
0.999564 -0.011978 0.026997 -0.279200 0.014492 0.995379 -0.094927 12.230700 -0.025735 0.095277 0.995118 -2.892100 0.000000 0.000000 0.000000 1.000000
0.999556 -0.013995 0.026297 -0.279200 0.016411 0.995436 -0.094009 12.230700 -0.024861 0.094399 0.995224 -2.892100 0.000000 0.000000 0.000000 1.000000
0.999483 -0.017717 0.026833 -0.279200 0.020206 0.995221 -0.095532 12.230700 -0.025013 0.096025 0.995065 -2.892100 0.000000 0.000000 0.000000 1.000000
0.999346 -0.023118 0.027813 -0.279200 0.025778 0.994709 -0.099447 12.230700 -0.025367 0.100099 0.994654 -2.892100 0.000000 0.000000 0.000000 1.000000
0.999169 -0.029288 0.028339 -0.279200 0.032098 0.994018 -0.104393 12.230700 -0.025112 0.105215 0.994132 -2.892100 0.000000 0.000000 0.000000 1.000000
0.998996 -0.034900 0.028082 -0.279200 0.037754 0.993377 -0.108518 12.230700 -0.024109 0.109469 0.993698 -2.892100 0.000000 0.000000 0.000000 1.000000
0.998867 -0.038896 0.027418 -0.279200 0.041709 0.992962 -0.110847 12.230700 -0.022914 0.111865 0.993459 -2.892100 0.000000 0.000000 0.000000 1.000000
0.998815 -0.040638 0.026781 -0.279200 0.043386 0.992807 -0.111592 12.230700 -0.022054 0.112621 0.993393 -2.892100 0.000000 0.000000 0.000000 1.000000
0.998801 -0.041487 0.025972 -0.279200 0.044135 0.992789 -0.111453 12.230700 -0.021161 0.112466 0.993430 -2.892100 0.000000 0.000000 0.000000 1.000000
0.998822 -0.041717 0.024765 -0.279200 0.044215 0.992860 -0.110786 12.230700 -0.019967 0.111751 0.993536 -2.892100 0.000000 0.000000 0.000000 1.000000
0.998902 -0.040571 0.023408 -0.279200 0.042897 0.993078 -0.109345 12.230700 -0.018810 0.110229 0.993728 -2.892100 0.000000 0.000000 0.000000 1.000000
0.999038 -0.037769 0.022292 -0.279200 0.039940 0.993484 -0.106746 12.230700 -0.018115 0.107534 0.994036 -2.892100 0.000000 0.000000 0.000000 1.000000
0.999185 -0.034063 0.021669 -0.279200 0.036124 0.994009 -0.103159 12.230700 -0.018025 0.103857 0.994429 -2.892100 0.000000 0.000000 0.000000 1.000000
0.999311 -0.030064 0.021746 -0.279200 0.032083 0.994529 -0.099416 12.230700 -0.018638 0.100045 0.994808 -2.892100 0.000000 0.000000 0.000000 1.000000
0.999418 -0.025401 0.022751 -0.279200 0.027484 0.994957 -0.096467 12.230700 -0.020186 0.097036 0.995076 -2.892100 0.000000 0.000000 0.000000 1.000000
0.999503 -0.019651 0.024642 -0.279200 0.021913 0.995219 -0.095179 12.230700 -0.022654 0.095672 0.995155 -2.892100 0.000000 0.000000 0.000000 1.000000
0.999550 -0.013254 0.026912 -0.279200 0.015790 0.995227 -0.096305 12.230700 -0.025507 0.096687 0.994988 -2.892100 0.000000 0.000000 0.000000 1.000000
0.999552 -0.007978 0.028849 -0.279200 0.010824 0.994942 -0.099865 12.230700 -0.027906 0.100133 0.994583 -2.892100 0.000000 0.000000 0.000000 1.000000
0.999530 -0.005130 0.030219 -0.279200 0.008268 0.994477 -0.104626 12.230700 -0.029516 0.104827 0.994052 -2.892100 0.000000 0.000000 0.000000 1.000000
0.999500 -0.004268 0.031343 -0.279200 0.007657 0.994031 -0.108826 12.230700 -0.030691 0.109012 0.993567 -2.892100 0.000000 0.000000 0.000000 1.000000
0.999464 -0.004670 0.032396 -0.279200 0.008257 0.993731 -0.111489 12.230700 -0.031672 0.111697 0.993238 -2.892100 0.000000 0.000000 0.000000 1.000000
0.999432 -0.006379 0.033083 -0.279200 0.010067 0.993595 -0.112553 12.230700 -0.032153 0.112822 0.993095 -2.892100 0.000000 0.000000 0.000000 1.000000
0.999412 -0.009185 0.033041 -0.279200 0.012843 0.993596 -0.112261 12.230700 -0.031798 0.112619 0.993129 -2.892100 0.000000 0.000000 0.000000 1.000000
0.999406 -0.012387 0.032174 -0.279200 0.015884 0.993715 -0.110810 12.230700 -0.030600 0.111255 0.993321 -2.892100 0.000000 0.000000 0.000000 1.000000
0.999409 -0.015525 0.030677 -0.279200 0.018758 0.993962 -0.108105 12.230700 -0.028814 0.108617 0.993666 -2.892100 0.000000 0.000000 0.000000 1.000000
0.999411 -0.018267 0.029061 -0.279200 0.021197 0.994355 -0.103962 12.230700 -0.026998 0.104517 0.994157 -2.892100 0.000000 0.000000 0.000000 1.000000
0.999404 -0.020346 0.027894 -0.279200 0.023012 0.994837 -0.098841 12.230700 -0.025739 0.099424 0.994712 -2.892100 0.000000 0.000000 0.000000 1.000000
0.999380 -0.022194 0.027324 -0.279200 0.024673 0.995267 -0.093995 12.230700 -0.025108 0.094611 0.995198 -2.892100 0.000000 0.000000 0.000000 1.000000
0.999295 -0.025973 0.027108 -0.279200 0.028342 0.995448 -0.090990 12.230700 -0.024621 0.091694 0.995483 -2.892100 0.000000 0.000000 0.000000 1.000000
0.999118 -0.031971 0.027227 -0.279200 0.034330 0.995251 -0.091086 12.230700 -0.024186 0.091940 0.995471 -2.892100 0.000000 0.000000 0.000000 1.000000
0.998819 -0.039847 0.027813 -0.279200 0.042314 0.994616 -0.094598 12.230700 -0.023893 0.095663 0.995127 -2.892100 0.000000 0.000000 0.000000 1.000000
0.998434 -0.048191 0.028410 -0.279200 0.050821 0.993630 -0.100584 12.230700 -0.023382 0.101870 0.994523 -2.892100 0.000000 0.000000 0.000000 1.000000
0.998119 -0.054514 0.028056 -0.279200 0.057227 0.992579 -0.107292 12.230700 -0.021999 0.108696 0.993832 -2.892100 0.000000 0.000000 0.000000 1.000000
0.998009 -0.057176 0.026616 -0.279200 0.059836 0.991780 -0.113106 12.230700 -0.019930 0.114473 0.993226 -2.892100 0.000000 0.000000 0.000000 1.000000
0.998115 -0.056061 0.024991 -0.279200 0.058620 0.991362 -0.117324 12.230700 -0.018197 0.118568 0.992779 -2.892100 0.000000 0.000000 0.000000 1.000000
0.998338 -0.052452 0.023895 -0.279200 0.054956 0.991222 -0.120245 12.230700 -0.017378 0.121358 0.992457 -2.892100 0.000000 0.000000 0.000000 1.000000
0.998566 -0.048277 0.023115 -0.279200 0.050750 0.991203 -0.122235 12.230700 -0.017011 0.123233 0.992232 -2.892100 0.000000 0.000000 0.000000 1.000000
0.998785 -0.043951 0.022276 -0.279200 0.046368 0.991305 -0.123146 12.230700 -0.016670 0.124029 0.992139 -2.892100 0.000000 0.000000 0.000000 1.000000
0.998999 -0.039289 0.021408 -0.279200 0.041620 0.991618 -0.122321 12.230700 -0.016423 0.123090 0.992260 -2.892100 0.000000 0.000000 0.000000 1.000000
0.999186 -0.034535 0.020834 -0.279200 0.036781 0.992167 -0.119379 12.230700 -0.016548 0.120048 0.992630 -2.892100 0.000000 0.000000 0.000000 1.000000
0.999303 -0.030750 0.021157 -0.279200 0.032987 0.992809 -0.115072 12.230700 -0.017466 0.115690 0.993132 -2.892100 0.000000 0.000000 0.000000 1.000000
0.999359 -0.027325 0.023119 -0.279200 0.029725 0.993395 -0.110827 12.230700 -0.019938 0.111443 0.993571 -2.892100 0.000000 0.000000 0.000000 1.000000
0.999386 -0.022571 0.026788 -0.279200 0.025336 0.993848 -0.107815 12.230700 -0.024190 0.108427 0.993810 -2.892100 0.000000 0.000000 0.000000 1.000000
0.999382 -0.016104 0.031256 -0.279200 0.019355 0.994104 -0.106687 12.230700 -0.029353 0.107226 0.993801 -2.892100 0.000000 0.000000 0.000000 1.000000
0.999325 -0.009940 0.035379 -0.279200 0.013704 0.994078 -0.107801 12.230700 -0.034098 0.108213 0.993543 -2.892100 0.000000 0.000000 0.000000 1.000000
0.999238 -0.006339 0.038520 -0.279200 0.010583 0.993765 -0.110993 12.230700 -0.037577 0.111316 0.993074 -2.892100 0.000000 0.000000 0.000000 1.000000
0.999160 -0.005514 0.040618 -0.279200 0.010164 0.993291 -0.115194 12.230700 -0.039711 0.115510 0.992512 -2.892100 0.000000 0.000000 0.000000 1.000000
0.999109 -0.006301 0.041738 -0.279200 0.011234 0.992826 -0.119036 12.230700 -0.040688 0.119399 0.992012 -2.892100 0.000000 0.000000 0.000000 1.000000
0.999126 -0.009169 0.040790 -0.279200 0.013998 0.992709 -0.119716 12.230700 -0.039395 0.120183 0.991970 -2.892100 0.000000 0.000000 0.000000 1.000000
0.999179 -0.013767 0.038101 -0.279200 0.018147 0.992954 -0.117102 12.230700 -0.036220 0.117697 0.992389 -2.892100 0.000000 0.000000 0.000000 1.000000
0.999210 -0.018151 0.035350 -0.279200 0.022049 0.993326 -0.113214 12.230700 -0.033059 0.113904 0.992942 -2.892100 0.000000 0.000000 0.000000 1.000000
0.999215 -0.021442 0.033323 -0.279200 0.024941 0.993795 -0.108394 12.230700 -0.030792 0.109140 0.993549 -2.892100 0.000000 0.000000 0.000000 1.000000
0.999245 -0.022101 0.031952 -0.279200 0.025215 0.994608 -0.100596 12.230700 -0.029556 0.101326 0.994414 -2.892100 0.000000 0.000000 0.000000 1.000000
0.999268 -0.023596 0.030100 -0.279200 0.026220 0.995597 -0.090000 12.230700 -0.027844 0.090723 0.995487 -2.892100 0.000000 0.000000 0.000000 1.000000
0.999264 -0.025871 0.028306 -0.279200 0.028051 0.996436 -0.079547 12.230700 -0.026148 0.080282 0.996429 -2.892100 0.000000 0.000000 0.000000 1.000000
0.999232 -0.028555 0.026822 -0.279200 0.030418 0.996953 -0.071826 12.230700 -0.024689 0.072587 0.997056 -2.892100 0.000000 0.000000 0.000000 1.000000
0.999160 -0.031693 0.025969 -0.279200 0.033486 0.996857 -0.071796 12.230700 -0.023612 0.072606 0.997081 -2.892100 0.000000 0.000000 0.000000 1.000000
0.999026 -0.035731 0.025889 -0.279200 0.037648 0.996261 -0.077764 12.230700 -0.023014 0.078663 0.996636 -2.892100 0.000000 0.000000 0.000000 1.000000
0.998859 -0.040017 0.026047 -0.279200 0.042108 0.995455 -0.085419 12.230700 -0.022510 0.086419 0.996005 -2.892100 0.000000 0.000000 0.000000 1.000000
0.998682 -0.044453 0.025638 -0.279200 0.046648 0.994613 -0.092566 12.230700 -0.021385 0.093640 0.995376 -2.892100 0.000000 0.000000 0.000000 1.000000
0.998520 -0.048622 0.024355 -0.279200 0.050776 0.993947 -0.097427 12.230700 -0.019471 0.098519 0.994945 -2.892100 0.000000 0.000000 0.000000 1.000000
0.998428 -0.051223 0.022734 -0.279200 0.053245 0.993595 -0.099668 12.230700 -0.017483 0.100722 0.994761 -2.892100 0.000000 0.000000 0.000000 1.000000
0.998494 -0.050542 0.021344 -0.279200 0.052432 0.993604 -0.100011 12.230700 -0.016153 0.100979 0.994757 -2.892100 0.000000 0.000000 0.000000 1.000000
0.998712 -0.046579 0.020107 -0.279200 0.048349 0.993907 -0.099047 12.230700 -0.015371 0.099892 0.994880 -2.892100 0.000000 0.000000 0.000000 1.000000
0.998955 -0.041691 0.018749 -0.279200 0.043320 0.994333 -0.097088 12.230700 -0.014595 0.097799 0.995099 -2.892100 0.000000 0.000000 0.000000 1.000000</float_array><technique_common><accessor source="#Spine-Matrix-animation-output-transform-array" count="110" stride="16"><param type="float4x4"/></accessor></technique_common></source><source id="Spine-Interpolations"><Name_array id="Spine-Interpolations-array" count="110">
 LINEAR LINEAR LINEAR LINEAR LINEAR LINEAR LINEAR LINEAR LINEAR LINEAR LINEAR
LINEAR LINEAR LINEAR LINEAR LINEAR LINEAR LINEAR LINEAR LINEAR LINEAR LINEAR LINEAR
LINEAR LINEAR LINEAR LINEAR LINEAR LINEAR LINEAR LINEAR LINEAR LINEAR LINEAR LINEAR
LINEAR LINEAR LINEAR LINEAR LINEAR LINEAR LINEAR LINEAR LINEAR LINEAR LINEAR LINEAR
LINEAR LINEAR LINEAR LINEAR LINEAR LINEAR LINEAR LINEAR LINEAR LINEAR LINEAR LINEAR
LINEAR LINEAR LINEAR LINEAR LINEAR LINEAR LINEAR LINEAR LINEAR LINEAR LINEAR LINEAR
LINEAR LINEAR LINEAR LINEAR LINEAR LINEAR LINEAR LINEAR LINEAR LINEAR LINEAR LINEAR
LINEAR LINEAR LINEAR LINEAR LINEAR LINEAR LINEAR LINEAR LINEAR LINEAR LINEAR LINEAR
LINEAR LINEAR LINEAR LINEAR LINEAR LINEAR LINEAR LINEAR LINEAR LINEAR LINEAR LINEAR
LINEAR LINEAR LINEAR</Name_array><technique_common><accessor source="#Spine-Interpolations-array" count="110"><param type="name"/></accessor></technique_common></source><sampler id="Spine-Matrix-animation-transform"><input semantic="INPUT" source="#Spine-Matrix-animation-input"/><input semantic="OUTPUT" source="#Spine-Matrix-animation-output-transform"/><input semantic="INTERPOLATION" source="#Spine-Interpolations"/></sampler><channel source="#Spine-Matrix-animation-transform" target="Spine/matrix"/></animation>
    <animation id="Spine1-anim" name="Spine1"><source id="Spine1-Matrix-animation-input"><float_array id="Spine1-Matrix-animation-input-array" count="110">

0.000000 0.033333 0.066667 0.100000 0.133333 0.166667 0.200000 0.233333 0.266667 0.300000 0.333333 0.366667 0.400000 0.433333 0.466667 0.500000
0.533333 0.566667 0.600000 0.633333 0.666667 0.700000 0.733333 0.766667 0.800000 0.833333 0.866667 0.900000 0.933333 0.966667 1.000000 1.033333
1.066667 1.100000 1.133333 1.166667 1.200000 1.233333 1.266667 1.300000 1.333333 1.366667 1.400000 1.433333 1.466667 1.500000 1.533333 1.566667
