<?xml version="1.0" encoding="utf-8"?>
<COLLADA xmlns="http://www.collada.org/2005/11/COLLADASchema" version="1.4.1">
  <asset><contributor><author>Mixamo</author><authoring_tool>COLLADA Mixamo exporter</authoring_tool><comments></comments></contributor><created>2018-10-28T03:35:08Z</created><modified>2018-10-28T03:35:08Z</modified><revision></revision><title></title><unit meter="0.010000"/><up_axis>Y_UP</up_axis></asset>
  <library_animations>
    <animation id="Hips-anim" name="Hips"><source id="Hips-Matrix-animation-input"><float_array id="Hips-Matrix-animation-input-array" count="61">

0.000000 0.033333 0.066667 0.100000 0.133333 0.166667 0.200000 0.233333 0.266667 0.300000 0.333333 0.366667 0.400000 0.433333 0.466667 0.500000
0.533333 0.566667 0.600000 0.633333 0.666667 0.700000 0.733333 0.766667 0.800000 0.833333 0.866667 0.900000 0.933333 0.966667 1.000000 1.033333
1.066667 1.100000 1.133333 1.166667 1.200000 1.233333 1.266667 1.300000 1.333333 1.366667 1.400000 1.433333 1.466667 1.500000 1.533333 1.566667
1.600000 1.633333 1.666667 1.700000 1.733333 1.766667 1.800000 1.833333 1.866667 1.900000 1.933333 1.966667 2.000000</float_array><technique_common><accessor source="#Hips-Matrix-animation-input-array" count="61"><param name="TIME" type="float"/></accessor></technique_common></source><source id="Hips-Matrix-animation-output-transform"><float_array id="Hips-Matrix-animation-output-transform-array" count="976">

0.999763 0.021773 -0.000379 0.359938 -0.021771 0.999753 0.004412 78.122780 0.000475 -0.004403 0.999990 0.742461 0.000000 0.000000 0.000000 1.000000
0.999791 0.018634 0.008462 0.128643 -0.018632 0.999826 -0.000294 78.382721 -0.008466 0.000136 0.999964 0.670315 0.000000 0.000000 0.000000 1.000000
0.999745 0.016727 0.015164 -0.343408 -0.016661 0.999851 -0.004471 78.844101 -0.015237 0.004218 0.999875 0.528120 0.000000 0.000000 0.000000 1.000000
0.999732 0.014902 0.017691 -1.038041 -0.014741 0.999849 -0.009190 79.444855 -0.017825 0.008927 0.999801 0.307122 0.000000 0.000000 0.000000 1.000000
0.999679 0.010769 0.022929 -2.065860 -0.010397 0.999814 -0.016266 80.186691 -0.023100 0.016022 0.999605 -0.039491 0.000000 0.000000 0.000000 1.000000
0.998108 0.006955 0.061098 -4.032919 -0.005592 0.999732 -0.022458 81.469009 -0.061238 0.022074 0.997879 -0.997851 0.000000 0.000000 0.000000 1.000000
0.994295 0.000232 0.106662 -7.021623 0.002830 0.999588 -0.028557 83.390182 -0.106625 0.028696 0.993885 -2.726221 0.000000 0.000000 0.000000 1.000000
0.987920 0.004154 0.154912 -9.877608 0.001249 0.999395 -0.034760 84.142357 -0.154962 0.034533 0.987317 -5.026013 0.000000 0.000000 0.000000 1.000000
0.978221 0.019920 0.206608 -11.779870 -0.011749 0.999102 -0.040699 82.859802 -0.207234 0.037385 0.977577 -7.968302 0.000000 0.000000 0.000000 1.000000
0.962948 0.039719 0.266747 -13.168356 -0.028324 0.998520 -0.046431 80.878784 -0.268196 0.037155 0.962648 -11.417365 0.000000 0.000000 0.000000 1.000000
0.940167 0.045545 0.337656 -13.674831 -0.030024 0.998245 -0.051050 79.230179 -0.339388 0.037857 0.939884 -13.506975 0.000000 0.000000 0.000000 1.000000
0.908474 0.049083 0.415050 -13.273432 -0.030088 0.998184 -0.052185 77.593567 -0.416857 0.034921 0.908301 -14.511564 0.000000 0.000000 0.000000 1.000000
0.864594 0.058974 0.498998 -13.023518 -0.038720 0.997955 -0.050854 76.437889 -0.500977 0.024647 0.865110 -15.462651 0.000000 0.000000 0.000000 1.000000
0.803559 0.075855 0.590372 -13.304345 -0.057261 0.997098 -0.050176 74.014297 -0.592464 0.006514 0.805570 -17.198605 0.000000 0.000000 0.000000 1.000000
0.704247 0.105827 0.702023 -13.970573 -0.094652 0.993996 -0.054888 70.364540 -0.703617 -0.027793 0.710036 -19.535398 0.000000 0.000000 0.000000 1.000000
0.648059 0.156512 0.745335 -14.484872 -0.134491 0.986794 -0.090278 66.863159 -0.749621 -0.041735 0.660550 -21.778311 0.000000 0.000000 0.000000 1.000000
0.639233 0.232265 0.733099 -14.685732 -0.178464 0.972078 -0.152366 64.201645 -0.748018 -0.033434 0.662836 -24.200605 0.000000 0.000000 0.000000 1.000000
0.639976 0.264517 0.721430 -14.872933 -0.197749 0.963953 -0.178018 62.946098 -0.742513 -0.028735 0.669215 -26.179340 0.000000 0.000000 0.000000 1.000000
0.646680 0.273369 0.712092 -15.131907 -0.207936 0.961393 -0.180239 62.202328 -0.733872 -0.031513 0.678557 -27.895836 0.000000 0.000000 0.000000 1.000000
0.661238 0.279910 0.695999 -15.371177 -0.213411 0.959635 -0.183183 61.943375 -0.719180 -0.027406 0.694283 -28.908293 0.000000 0.000000 0.000000 1.000000
0.681288 0.287348 0.673259 -15.545172 -0.210177 0.957794 -0.196104 62.574951 -0.701194 -0.007900 0.712927 -28.794371 0.000000 0.000000 0.000000 1.000000
0.707653 0.285333 0.646384 -15.560235 -0.195258 0.958180 -0.209204 64.020317 -0.679045 0.021832 0.733772 -28.051657 0.000000 0.000000 0.000000 1.000000
0.743901 0.263029 0.614352 -15.821834 -0.163909 0.963020 -0.213835 65.378204 -0.647878 0.058374 0.759504 -24.808439 0.000000 0.000000 0.000000 1.000000
0.789877 0.219104 0.572790 -16.189610 -0.121253 0.971358 -0.204357 66.918419 -0.601159 0.091965 0.793820 -18.403250 0.000000 0.000000 0.000000 1.000000
0.852387 0.142939 0.502996 -16.661705 -0.065313 0.983484 -0.168802 69.399170 -0.518817 0.111032 0.847644 -9.315357 0.000000 0.000000 0.000000 1.000000
0.927414 0.055645 0.369874 -17.615864 -0.011607 0.992677 -0.120240 74.670486 -0.373856 0.107219 0.921268 1.394839 0.000000 0.000000 0.000000 1.000000
0.977829 -0.010952 0.209117 -17.754408 0.023894 0.997945 -0.059462 80.357376 -0.208036 0.063141 0.976081 9.635227 0.000000 0.000000 0.000000 1.000000
0.944514 -0.109601 -0.309647 -15.259791 0.082759 0.991683 -0.098574 84.217163 0.317875 0.067478 0.945728 28.144968 0.000000 0.000000 0.000000 1.000000
0.519390 -0.225809 -0.824163 -11.460333 0.084562 0.973303 -0.213380 84.113586 0.850343 0.041135 0.524619 51.561195 0.000000 0.000000 0.000000 1.000000
0.288556 -0.194190 -0.937564 -7.841745 -0.039320 0.975987 -0.214250 79.083572 0.956655 0.098688 0.273991 65.972290 0.000000 0.000000 0.000000 1.000000
0.116616 -0.254368 -0.960051 -3.817196 -0.131506 0.954180 -0.268787 68.131058 0.984432 0.157597 0.077822 71.827934 0.000000 0.000000 0.000000 1.000000
0.081904 -0.296913 -0.951386 -0.282565 -0.170981 0.936254 -0.306910 60.238983 0.981864 0.187806 0.025916 75.708580 0.000000 0.000000 0.000000 1.000000
0.079991 -0.320677 -0.943805 2.785333 -0.190418 0.924486 -0.330251 56.743587 0.978439 0.206135 0.012888 77.661232 0.000000 0.000000 0.000000 1.000000
0.089974 -0.334466 -0.938103 5.141765 -0.197523 0.917220 -0.345965 54.986076 0.976161 0.216425 0.016462 78.098282 0.000000 0.000000 0.000000 1.000000
0.107235 -0.332537 -0.936974 6.090381 -0.194001 0.917295 -0.347756 54.449257 0.975123 0.219066 0.033854 76.869156 0.000000 0.000000 0.000000 1.000000
0.126084 -0.325131 -0.937226 6.977506 -0.187799 0.919859 -0.344370 55.051373 0.974081 0.219430 0.054920 75.171463 0.000000 0.000000 0.000000 1.000000
0.148176 -0.304386 -0.940953 7.028434 -0.169526 0.929556 -0.327395 56.498917 0.974323 0.208028 0.086137 72.437767 0.000000 0.000000 0.000000 1.000000
0.175745 -0.278026 -0.944360 6.648136 -0.144815 0.941553 -0.304150 58.640873 0.973726 0.190211 0.125210 68.827530 0.000000 0.000000 0.000000 1.000000
0.215055 -0.253640 -0.943090 6.197717 -0.123253 0.950914 -0.283850 61.312389 0.968793 0.177282 0.173237 64.715027 0.000000 0.000000 0.000000 1.000000
0.299108 -0.236969 -0.924327 5.551710 -0.105565 0.954510 -0.278868 64.374962 0.948362 0.180988 0.260486 60.104275 0.000000 0.000000 0.000000 1.000000
0.443788 -0.227547 -0.866761 4.192845 -0.079391 0.953438 -0.290951 68.156235 0.892608 0.197934 0.405059 52.717896 0.000000 0.000000 0.000000 1.000000
0.598540 -0.220804 -0.770062 2.636863 -0.041264 0.951490 -0.304899 72.455322 0.800029 0.214270 0.560394 42.252228 0.000000 0.000000 0.000000 1.000000
0.710831 -0.199077 -0.674602 1.994590 -0.018920 0.953350 -0.301273 73.945236 0.703109 0.226918 0.673904 37.216721 0.000000 0.000000 0.000000 1.000000
0.802115 -0.172293 -0.571776 1.698807 0.000136 0.957528 -0.288341 75.350075 0.597170 0.231205 0.768070 32.798279 0.000000 0.000000 0.000000 1.000000
0.872774 -0.140107 -0.467585 1.676369 0.010953 0.963301 -0.268200 76.583626 0.488002 0.228956 0.842279 28.808771 0.000000 0.000000 0.000000 1.000000
0.924420 -0.113012 -0.364248 1.500066 0.022766 0.969736 -0.243093 78.364449 0.380697 0.216427 0.899016 24.334234 0.000000 0.000000 0.000000 1.000000
0.956307 -0.085938 -0.279447 1.531962 0.024787 0.976214 -0.215389 79.789124 0.291311 0.199051 0.935691 19.976313 0.000000 0.000000 0.000000 1.000000
0.973473 -0.056924 -0.221608 2.190441 0.013974 0.981541 -0.190742 80.154549 0.228375 0.182585 0.956299 16.161810 0.000000 0.000000 0.000000 1.000000
0.981969 -0.037258 -0.185336 3.026844 0.005068 0.985223 -0.171203 80.086922 0.188976 0.167177 0.967647 12.707825 0.000000 0.000000 0.000000 1.000000
0.988040 -0.024882 -0.152178 3.588539 0.001639 0.988534 -0.150990 79.904434 0.154191 0.148934 0.976752 9.517452 0.000000 0.000000 0.000000 1.000000
0.992258 -0.013017 -0.123513 4.139013 -0.003241 0.991440 -0.130522 79.382439 0.124155 0.129912 0.983722 7.171818 0.000000 0.000000 0.000000 1.000000
0.995173 -0.004412 -0.098041 4.295438 -0.006446 0.993893 -0.110156 78.198395 0.097928 0.110256 0.989067 5.139906 0.000000 0.000000 0.000000 1.000000
0.997083 0.003506 -0.076243 4.264107 -0.010407 0.995861 -0.090295 77.170685 0.075611 0.090825 0.992992 2.936954 0.000000 0.000000 0.000000 1.000000
0.998259 0.011320 -0.057889 4.228250 -0.015444 0.997335 -0.071301 76.628036 0.056927 0.072070 0.995774 1.210447 0.000000 0.000000 0.000000 1.000000
0.998988 0.016055 -0.042021 3.882423 -0.018298 0.998398 -0.053550 76.069954 0.041094 0.054264 0.997681 0.494119 0.000000 0.000000 0.000000 1.000000
0.999369 0.020224 -0.029200 3.484321 -0.021314 0.999069 -0.037500 75.739143 0.028415 0.038099 0.998870 -0.027446 0.000000 0.000000 0.000000 1.000000
0.999565 0.022685 -0.018835 2.999877 -0.023125 0.999457 -0.023473 75.632072 0.018292 0.023898 0.999547 -0.322256 0.000000 0.000000 0.000000 1.000000
0.999663 0.023608 -0.010803 2.429479 -0.023735 0.999648 -0.011839 75.786758 0.010520 0.012091 0.999872 -0.345589 0.000000 0.000000 0.000000 1.000000
0.999703 0.023798 -0.005225 1.832390 -0.023814 0.999712 -0.003119 76.360695 0.005149 0.003242 0.999981 -0.167202 0.000000 0.000000 0.000000 1.000000
0.999728 0.023254 -0.001812 1.152746 -0.023250 0.999727 0.002424 77.193794 0.001868 -0.002381 0.999995 0.188654 0.000000 0.000000 0.000000 1.000000
0.999763 0.021773 -0.000379 0.359941 -0.021771 0.999753 0.004412 78.122780 0.000475 -0.004403 0.999990 0.742460 0.000000 0.000000 0.000000 1.000000</float_array><technique_common><accessor source="#Hips-Matrix-animation-output-transform-array" count="61" stride="16"><param type="float4x4"/></accessor></technique_common></source><source id="Hips-Interpolations"><Name_array id="Hips-Interpolations-array" count="61">
 LINEAR LINEAR LINEAR LINEAR LINEAR LINEAR LINEAR LINEAR LINEAR LINEAR LINEAR
LINEAR LINEAR LINEAR LINEAR LINEAR LINEAR LINEAR LINEAR LINEAR LINEAR LINEAR LINEAR
LINEAR LINEAR LINEAR LINEAR LINEAR LINEAR LINEAR LINEAR LINEAR LINEAR LINEAR LINEAR
LINEAR LINEAR LINEAR LINEAR LINEAR LINEAR LINEAR LINEAR LINEAR LINEAR LINEAR LINEAR
LINEAR LINEAR LINEAR LINEAR LINEAR LINEAR LINEAR LINEAR LINEAR LINEAR LINEAR LINEAR
LINEAR LINEAR</Name_array><technique_common><accessor source="#Hips-Interpolations-array" count="61"><param type="name"/></accessor></technique_common></source><sampler id="Hips-Matrix-animation-transform"><input semantic="INPUT" source="#Hips-Matrix-animation-input"/><input semantic="OUTPUT" source="#Hips-Matrix-animation-output-transform"/><input semantic="INTERPOLATION" source="#Hips-Interpolations"/></sampler><channel source="#Hips-Matrix-animation-transform" target="Hips/matrix"/></animation>
    <animation id="Spine-anim" name="Spine"><source id="Spine-Matrix-animation-input"><float_array id="Spine-Matrix-animation-input-array" count="61">

0.000000 0.033333 0.066667 0.100000 0.133333 0.166667 0.200000 0.233333 0.266667 0.300000 0.333333 0.366667 0.400000 0.433333 0.466667 0.500000
0.533333 0.566667 0.600000 0.633333 0.666667 0.700000 0.733333 0.766667 0.800000 0.833333 0.866667 0.900000 0.933333 0.966667 1.000000 1.033333
1.066667 1.100000 1.133333 1.166667 1.200000 1.233333 1.266667 1.300000 1.333333 1.366667 1.400000 1.433333 1.466667 1.500000 1.533333 1.566667
1.600000 1.633333 1.666667 1.700000 1.733333 1.766667 1.800000 1.833333 1.866667 1.900000 1.933333 1.966667 2.000000</float_array><technique_common><accessor source="#Spine-Matrix-animation-input-array" count="61"><param name="TIME" type="float"/></accessor></technique_common></source><source id="Spine-Matrix-animation-output-transform"><float_array id="Spine-Matrix-animation-output-transform-array" count="976">

0.999942 -0.009172 0.005636 -0.279200 0.010399 0.958337 -0.285449 12.230700 -0.002784 0.285491 0.958377 -2.892100 0.000000 0.000000 0.000000 1.000000
0.999936 -0.010602 0.003982 -0.279200 0.011296 0.958973 -0.283273 12.230700 -0.000815 0.283300 0.959031 -2.892100 0.000000 0.000000 0.000000 1.000000
0.999894 -0.014551 0.000195 -0.279200 0.014033 0.960539 -0.277791 12.230700 0.003855 0.277764 0.960641 -2.892100 0.000000 0.000000 0.000000 1.000000
0.999803 -0.019329 -0.004478 -0.279200 0.017402 0.962678 -0.270089 12.230700 0.009532 0.269958 0.962825 -2.892100 0.000000 0.000000 0.000000 1.000000
0.999705 -0.022611 -0.008836 -0.279200 0.019519 0.965077 -0.261238 12.230700 0.014434 0.260988 0.965234 -2.892100 0.000000 0.000000 0.000000 1.000000
0.999658 -0.022875 -0.012672 -0.279200 0.019020 0.968570 -0.248012 12.230700 0.017948 0.247687 0.968674 -2.892100 0.000000 0.000000 0.000000 1.000000
0.999570 -0.022196 -0.019177 -0.279200 0.017222 0.973304 -0.228873 12.230700 0.023745 0.228445 0.973267 -2.892100 0.000000 0.000000 0.000000 1.000000
0.999219 -0.032765 -0.022079 -0.279200 0.027514 0.978096 -0.206327 12.230700 0.028356 0.205558 0.978234 -2.892100 0.000000 0.000000 0.000000 1.000000
0.998347 -0.053512 -0.020971 -0.279200 0.048795 0.981956 -0.182708 12.230700 0.030370 0.181383 0.982944 -2.892100 0.000000 0.000000 0.000000 1.000000
0.996933 -0.075339 -0.021176 -0.279200 0.071011 0.984588 -0.159822 12.230700 0.032890 0.157828 0.986919 -2.892100 0.000000 0.000000 0.000000 1.000000
0.996529 -0.079548 -0.024541 -0.279200 0.075472 0.987705 -0.136903 12.230700 0.035129 0.134576 0.990280 -2.892100 0.000000 0.000000 0.000000 1.000000
0.996734 -0.077461 -0.022839 -0.279200 0.074422 0.990843 -0.112655 12.230700 0.031356 0.110587 0.993372 -2.892100 0.000000 0.000000 0.000000 1.000000
0.996927 -0.076973 -0.014570 -0.279200 0.075376 0.993145 -0.089337 12.230700 0.021347 0.087965 0.995895 -2.892100 0.000000 0.000000 0.000000 1.000000
0.997201 -0.074757 -0.000847 -0.279200 0.074483 0.994395 -0.075041 12.230700 0.006452 0.074768 0.997180 -2.892100 0.000000 0.000000 0.000000 1.000000
0.997804 -0.061124 0.025503 -0.279200 0.062972 0.994854 -0.079378 12.230700 -0.020520 0.080810 0.996518 -2.892100 0.000000 0.000000 0.000000 1.000000
0.998357 -0.029050 0.049396 -0.279200 0.033810 0.994568 -0.098447 12.230700 -0.046268 0.099955 0.993916 -2.892100 0.000000 0.000000 0.000000 1.000000
0.995561 -0.004505 0.094007 -0.279200 0.014509 0.994259 -0.106008 12.230700 -0.092990 0.106901 0.989912 -2.892100 0.000000 0.000000 0.000000 1.000000
0.992815 -0.000134 0.119656 -0.279200 0.013384 0.993849 -0.109932 12.230700 -0.118905 0.110743 0.986710 -2.892100 0.000000 0.000000 0.000000 1.000000
0.991738 -0.004813 0.128190 -0.279200 0.020306 0.992586 -0.119836 12.230700 -0.126663 0.121449 0.984483 -2.892100 0.000000 0.000000 0.000000 1.000000
0.991380 -0.011081 0.130548 -0.279200 0.027801 0.991519 -0.126955 12.230700 -0.128034 0.129490 0.983280 -2.892100 0.000000 0.000000 0.000000 1.000000
0.990925 -0.019136 0.133045 -0.279200 0.035691 0.991742 -0.123184 12.230700 -0.129589 0.126815 0.983425 -2.892100 0.000000 0.000000 0.000000 1.000000
0.990713 -0.032009 0.132146 -0.279200 0.046919 0.992678 -0.111305 12.230700 -0.127615 0.116471 0.984961 -2.892100 0.000000 0.000000 0.000000 1.000000
0.989438 -0.033688 0.140986 -0.279200 0.045363 0.995727 -0.080431 12.230700 -0.137674 0.085977 0.986739 -2.892100 0.000000 0.000000 0.000000 1.000000
0.987669 -0.042246 0.150751 -0.279200 0.049147 0.997893 -0.042346 12.230700 -0.148645 0.049233 0.987664 -2.892100 0.000000 0.000000 0.000000 1.000000
0.984371 -0.078193 0.157798 -0.279200 0.074071 0.996744 0.031845 12.230700 -0.159774 -0.019659 0.986958 -2.892100 0.000000 0.000000 0.000000 1.000000
0.976694 -0.162154 0.140623 -0.279200 0.151656 0.984986 0.082475 12.230700 -0.151886 -0.059227 0.986622 -2.892100 0.000000 0.000000 0.000000 1.000000
0.963737 -0.235209 0.126045 -0.279200 0.235584 0.971778 0.012138 12.230700 -0.125343 0.017997 0.991950 -2.892100 0.000000 0.000000 0.000000 1.000000
0.949902 -0.280852 0.137145 -0.279200 0.275021 0.959555 0.060154 12.230700 -0.148493 -0.019422 0.988723 -2.892100 0.000000 0.000000 0.000000 1.000000
0.961286 -0.150738 0.230668 -0.279200 0.179708 0.977539 -0.110105 12.230700 -0.208890 0.147296 0.966783 -2.892100 0.000000 0.000000 0.000000 1.000000
0.998057 -0.021947 0.058312 -0.279200 0.038561 0.952709 -0.301428 12.230700 -0.048939 0.303091 0.951704 -2.892100 0.000000 0.000000 0.000000 1.000000
0.997498 0.041004 -0.057580 -0.279200 -0.054724 0.963555 -0.261853 12.230700 0.044744 0.264349 0.963389 -2.892100 0.000000 0.000000 0.000000 1.000000
0.990924 0.033803 -0.130100 -0.279200 -0.062271 0.973183 -0.221444 12.230700 0.119126 0.227536 0.966456 -2.892100 0.000000 0.000000 0.000000 1.000000
0.987067 0.034881 -0.156468 -0.279200 -0.065931 0.978004 -0.197892 12.230700 0.146123 0.205649 0.967655 -2.892100 0.000000 0.000000 0.000000 1.000000
0.985356 0.049157 -0.163272 -0.279200 -0.079700 0.979282 -0.186156 12.230700 0.150739 0.196443 0.968859 -2.892100 0.000000 0.000000 0.000000 1.000000
0.984674 0.056094 -0.165136 -0.279200 -0.086355 0.979460 -0.182212 12.230700 0.151524 0.193680 0.969293 -2.892100 0.000000 0.000000 0.000000 1.000000
0.986568 0.058808 -0.152397 -0.279200 -0.087162 0.978553 -0.186647 12.230700 0.138152 0.197423 0.970535 -2.892100 0.000000 0.000000 0.000000 1.000000
0.990011 0.055634 -0.129547 -0.279200 -0.079741 0.978718 -0.189082 12.230700 0.116271 0.197524 0.973378 -2.892100 0.000000 0.000000 0.000000 1.000000
0.993095 0.052464 -0.104925 -0.279200 -0.071682 0.979409 -0.188733 12.230700 0.092863 0.194951 0.976407 -2.892100 0.000000 0.000000 0.000000 1.000000
0.995077 0.049944 -0.085596 -0.279200 -0.065419 0.979836 -0.188792 12.230700 0.074441 0.193463 0.978280 -2.892100 0.000000 0.000000 0.000000 1.000000
0.997298 0.034835 -0.064674 -0.279200 -0.046185 0.981975 -0.183281 12.230700 0.057123 0.185773 0.980931 -2.892100 0.000000 0.000000 0.000000 1.000000
0.999295 0.016893 -0.033533 -0.279200 -0.022396 0.984982 -0.171196 12.230700 0.030137 0.171827 0.984666 -2.892100 0.000000 0.000000 0.000000 1.000000
0.999890 0.009289 -0.011582 -0.279200 -0.011020 0.987111 -0.159656 12.230700 0.009949 0.159766 0.987105 -2.892100 0.000000 0.000000 0.000000 1.000000
0.999416 -0.028243 0.019232 -0.279200 0.030671 0.989587 -0.140630 12.230700 -0.015060 0.141138 0.989875 -2.892100 0.000000 0.000000 0.000000 1.000000
0.997553 -0.064619 0.026706 -0.279200 0.067295 0.990983 -0.115858 12.230700 -0.018979 0.117372 0.992907 -2.892100 0.000000 0.000000 0.000000 1.000000
0.995502 -0.094541 0.006152 -0.279200 0.094698 0.991011 -0.094493 12.230700 0.002837 0.094650 0.995507 -2.892100 0.000000 0.000000 0.000000 1.000000
0.993619 -0.112698 -0.004494 -0.279200 0.111988 0.990531 -0.079416 12.230700 0.013402 0.078406 0.996831 -2.892100 0.000000 0.000000 0.000000 1.000000
0.991957 -0.126166 -0.010184 -0.279200 0.124815 0.988359 -0.086991 12.230700 0.021041 0.085021 0.996157 -2.892100 0.000000 0.000000 0.000000 1.000000
0.989694 -0.142696 -0.011953 -0.279200 0.140737 0.984706 -0.102696 12.230700 0.026425 0.099956 0.994641 -2.892100 0.000000 0.000000 0.000000 1.000000
0.989241 -0.145855 -0.011353 -0.279200 0.143478 0.982418 -0.119456 12.230700 0.028577 0.116542 0.992775 -2.892100 0.000000 0.000000 0.000000 1.000000
0.990566 -0.136591 -0.011034 -0.279200 0.133676 0.980859 -0.141588 12.230700 0.030162 0.138777 0.989864 -2.892100 0.000000 0.000000 0.000000 1.000000
0.992602 -0.121121 -0.008471 -0.279200 0.117983 0.978655 -0.168270 12.230700 0.028671 0.166026 0.985705 -2.892100 0.000000 0.000000 0.000000 1.000000
0.995064 -0.099075 -0.005604 -0.279200 0.096055 0.975833 -0.196272 12.230700 0.024914 0.194765 0.980534 -2.892100 0.000000 0.000000 0.000000 1.000000
0.996982 -0.077598 -0.002177 -0.279200 0.075197 0.972349 -0.221093 12.230700 0.019273 0.220262 0.975250 -2.892100 0.000000 0.000000 0.000000 1.000000
0.998176 -0.060347 0.001497 -0.279200 0.058931 0.968775 -0.240837 12.230700 0.013084 0.240486 0.970564 -2.892100 0.000000 0.000000 0.000000 1.000000
0.998967 -0.045294 0.003729 -0.279200 0.044741 0.965712 -0.255731 12.230700 0.007982 0.255634 0.966741 -2.892100 0.000000 0.000000 0.000000 1.000000
0.999389 -0.034487 0.005642 -0.279200 0.034743 0.963204 -0.266515 12.230700 0.003757 0.266549 0.963814 -2.892100 0.000000 0.000000 0.000000 1.000000
0.999641 -0.025954 0.006686 -0.279200 0.026793 0.961282 -0.274262 12.230700 0.000691 0.274343 0.961632 -2.892100 0.000000 0.000000 0.000000 1.000000
0.999791 -0.019207 0.006957 -0.279200 0.020387 0.959894 -0.279621 12.230700 -0.001307 0.279704 0.960085 -2.892100 0.000000 0.000000 0.000000 1.000000
0.999871 -0.014531 0.006868 -0.279200 0.015881 0.958989 -0.282998 12.230700 -0.002474 0.283071 0.959096 -2.892100 0.000000 0.000000 0.000000 1.000000
0.999915 -0.011357 0.006445 -0.279200 0.012722 0.958486 -0.284854 12.230700 -0.002942 0.284912 0.958549 -2.892100 0.000000 0.000000 0.000000 1.000000
0.999942 -0.009172 0.005637 -0.279200 0.010399 0.958337 -0.285449 12.230700 -0.002784 0.285491 0.958377 -2.892100 0.000000 0.000000 0.000000 1.000000</float_array><technique_common><accessor source="#Spine-Matrix-animation-output-transform-array" count="61" stride="16"><param type="float4x4"/></accessor></technique_common></source><source id="Spine-Interpolations"><Name_array id="Spine-Interpolations-array" count="61">
 LINEAR LINEAR LINEAR LINEAR LINEAR LINEAR LINEAR LINEAR LINEAR LINEAR LINEAR
LINEAR LINEAR LINEAR LINEAR LINEAR LINEAR LINEAR LINEAR LINEAR LINEAR LINEAR LINEAR
LINEAR LINEAR LINEAR LINEAR LINEAR LINEAR LINEAR LINEAR LINEAR LINEAR LINEAR LINEAR
LINEAR LINEAR LINEAR LINEAR LINEAR LINEAR LINEAR LINEAR LINEAR LINEAR LINEAR LINEAR
LINEAR LINEAR LINEAR LINEAR LINEAR LINEAR LINEAR LINEAR LINEAR LINEAR LINEAR LINEAR
LINEAR LINEAR</Name_array><technique_common><accessor source="#Spine-Interpolations-array" count="61"><param type="name"/></accessor></technique_common></source><sampler id="Spine-Matrix-animation-transform"><input semantic="INPUT" source="#Spine-Matrix-animation-input"/><input semantic="OUTPUT" source="#Spine-Matrix-animation-output-transform"/><input semantic="INTERPOLATION" source="#Spine-Interpolations"/></sampler><channel source="#Spine-Matrix-animation-transform" target="Spine/matrix"/></animation>
    <animation id="Spine1-anim" name="Spine1"><source id="Spine1-Matrix-animation-input"><float_array id="Spine1-Matrix-animation-input-array" count="61">

0.000000 0.033333 0.066667 0.100000 0.133333 0.166667 0.200000 0.233333 0.266667 0.300000 0.333333 0.366667 0.400000 0.433333 0.466667 0.500000
0.533333 0.566667 0.600000 0.633333 0.666667 0.700000 0.733333 0.766667 0.800000 0.833333 0.866667 0.900000 0.933333 0.966667 1.000000 1.033333
1.066667 1.100000 1.133333 1.166667 1.200000 1.233333 1.266667 1.300000 1.333333 1.366667 1.400000 1.433333 1.466667 1.500000 1.533333 1.566667
1.600000 1.633333 1.666667 1.700000 1.733333 1.766667 1.800000 1.833333 1.866667 1.900000 1.933333 1.966667 2.000000</float_array><technique_common><accessor source="#Spine1-Matrix-animation-input-array" count="61"><param name="TIME" type="float"/></accessor></technique_common></source><source id="Spine1-Matrix-animation-output-transform"><float_array id="Spine1-Matrix-animation-output-transform-array" count="976">

0.999843 -0.015719 0.008200 -0.325700 0.017581 0.938817 -0.343968 14.269200 -0.002292 0.344058 0.938945 -3.374200 0.000000 0.000000 0.000000 1.000000
0.999836 -0.016773 0.006889 -0.325700 0.018117 0.939777 -0.341309 14.269200 -0.000749 0.341378 0.939926 -3.374200 0.000000 0.000000 0.000000 1.000000
0.999808 -0.019210 0.003871 -0.325700 0.019397 0.942080 -0.334827 14.269200 0.002785 0.334838 0.942272 -3.374200 0.000000 0.000000 0.000000 1.000000
0.999754 -0.022171 0.000310 -0.325700 0.021060 0.945067 -0.326199 14.269200 0.006939 0.326125 0.945301 -3.374200 0.000000 0.000000 0.000000 1.000000
0.999690 -0.024750 -0.002531 -0.325700 0.022670 0.948090 -0.317194 14.269200 0.010250 0.317039 0.948357 -3.374200 0.000000 0.000000 0.000000 1.000000
0.999636 -0.026707 -0.003827 -0.325700 0.024254 0.951676 -0.306145 14.269200 0.011818 0.305941 0.951977 -3.374200 0.000000 0.000000 0.000000 1.000000
0.999549 -0.029568 -0.005219 -0.325700 0.026769 0.956320 -0.291093 14.269200 0.013598 0.290822 0.956681 -3.374200 0.000000 0.000000 0.000000 1.000000
0.999414 -0.033583 -0.006667 -0.325700 0.030481 0.961380 -0.273531 14.269200 0.015596 0.273167 0.961840 -3.374200 0.000000 0.000000 0.000000 1.000000
0.999233 -0.038222 -0.008461 -0.325700 0.034805 0.966326 -0.254956 14.269200 0.017921 0.254466 0.966916 -3.374200 0.000000 0.000000 0.000000 1.000000
0.999035 -0.042628 -0.010624 -0.325700 0.038904 0.970775 -0.236815 14.269200 0.020409 0.236173 0.971497 -3.374200 0.000000 0.000000 0.000000 1.000000
0.998902 -0.045720 -0.010187 -0.325700 0.042381 0.974775 -0.219131 14.269200 0.019949 0.218459 0.975642 -3.374200 0.000000 0.000000 0.000000 1.000000
0.998879 -0.047042 -0.005184 -0.325700 0.045048 0.978648 -0.200546 14.269200 0.014508 0.200088 0.979671 -3.374200 0.000000 0.000000 0.000000 1.000000
0.998911 -0.046501 0.003862 -0.325700 0.046423 0.982068 -0.182722 14.269200 0.004704 0.182702 0.983157 -3.374200 0.000000 0.000000 0.000000 1.000000
0.998955 -0.043217 0.014859 -0.325700 0.045126 0.984176 -0.171352 14.269200 -0.007219 0.171843 0.985098 -3.374200 0.000000 0.000000 0.000000 1.000000
0.998943 -0.033267 0.031727 -0.325700 0.038276 0.984137 -0.173230 14.269200 -0.025460 0.174262 0.984370 -3.374200 0.000000 0.000000 0.000000 1.000000
0.998856 -0.008090 0.047132 -0.325700 0.016672 0.982662 -0.184656 14.269200 -0.044821 0.185230 0.981673 -3.374200 0.000000 0.000000 0.000000 1.000000
0.996752 0.018102 0.078474 -0.325700 -0.003128 0.982377 -0.186885 14.269200 -0.080474 0.186032 0.979243 -3.374200 0.000000 0.000000 0.000000 1.000000
0.994970 0.025070 0.096986 -0.325700 -0.006238 0.981804 -0.189796 14.269200 -0.099979 0.188236 0.977022 -3.374200 0.000000 0.000000 0.000000 1.000000
0.994339 0.023905 0.103527 -0.325700 -0.002881 0.980069 -0.198638 14.269200 -0.106212 0.197215 0.974590 -3.374200 0.000000 0.000000 0.000000 1.000000
0.994158 0.021251 0.105825 -0.325700 0.000842 0.978869 -0.204485 14.269200 -0.107934 0.203379 0.973133 -3.374200 0.000000 0.000000 0.000000 1.000000
0.993929 0.018225 0.108505 -0.325700 0.004027 0.979499 -0.201409 14.269200 -0.109951 0.200623 0.973479 -3.374200 0.000000 0.000000 0.000000 1.000000
0.993968 0.013305 0.108865 -0.325700 0.007965 0.981236 -0.192647 14.269200 -0.109385 0.192352 0.975211 -3.374200 0.000000 0.000000 0.000000 1.000000
0.992081 0.017532 0.124367 -0.325700 0.003402 0.986095 -0.166148 14.269200 -0.125550 0.165256 0.978227 -3.374200 0.000000 0.000000 0.000000 1.000000
0.989602 0.013100 0.143232 -0.325700 0.006125 0.991102 -0.132965 14.269200 -0.143699 0.132459 0.980717 -3.374200 0.000000 0.000000 0.000000 1.000000
0.986582 -0.010389 0.162937 -0.325700 0.024172 0.996270 -0.082838 14.269200 -0.161469 0.085665 0.983153 -3.374200 0.000000 0.000000 0.000000 1.000000
0.984290 -0.064110 0.164506 -0.325700 0.072784 0.996228 -0.047245 14.269200 -0.160857 0.058476 0.985244 -3.374200 0.000000 0.000000 0.000000 1.000000
0.983760 -0.100191 0.148922 -0.325700 0.113907 0.989709 -0.086606 14.269200 -0.138712 0.102163 0.985049 -3.374200 0.000000 0.000000 0.000000 1.000000
0.986343 -0.014915 0.164026 -0.325700 0.032275 0.994086 -0.103686 14.269200 -0.161509 0.107564 0.980992 -3.374200 0.000000 0.000000 0.000000 1.000000
0.977381 -0.031785 0.209086 -0.325700 0.060522 0.989331 -0.132516 14.269200 -0.202643 0.142173 0.968877 -3.374200 0.000000 0.000000 0.000000 1.000000
0.996951 -0.004028 0.077921 -0.325700 0.023175 0.968886 -0.246419 14.269200 -0.074504 0.247473 0.966026 -3.374200 0.000000 0.000000 0.000000 1.000000
0.999641 0.016543 -0.021082 -0.325700 -0.021397 0.966365 -0.256285 14.269200 0.016134 0.256644 0.966371 -3.374200 0.000000 0.000000 0.000000 1.000000
0.997198 0.013813 -0.073520 -0.325700 -0.032075 0.966827 -0.253410 14.269200 0.067580 0.255058 0.964561 -3.374200 0.000000 0.000000 0.000000 1.000000
0.996256 0.022960 -0.083352 -0.325700 -0.042942 0.968177 -0.246556 14.269200 0.075039 0.249212 0.965537 -3.374200 0.000000 0.000000 0.000000 1.000000
0.995969 0.038685 -0.080925 -0.325700 -0.057253 0.968698 -0.241550 14.269200 0.069047 0.245209 0.967008 -3.374200 0.000000 0.000000 0.000000 1.000000
0.995684 0.042806 -0.082346 -0.325700 -0.061733 0.968000 -0.243240 14.269200 0.069299 0.247273 0.966464 -3.374200 0.000000 0.000000 0.000000 1.000000
0.995981 0.047171 -0.076133 -0.325700 -0.064783 0.966406 -0.248724 14.269200 0.061843 0.252656 0.965578 -3.374200 0.000000 0.000000 0.000000 1.000000
0.996818 0.047452 -0.064043 -0.325700 -0.062213 0.965467 -0.252988 14.269200 0.049826 0.256168 0.965347 -3.374200 0.000000 0.000000 0.000000 1.000000
0.997654 0.045316 -0.051319 -0.325700 -0.057005 0.964965 -0.256110 14.269200 0.037915 0.258434 0.965285 -3.374200 0.000000 0.000000 0.000000 1.000000
0.998186 0.041918 -0.043217 -0.325700 -0.051713 0.964526 -0.258874 14.269200 0.030833 0.260639 0.964944 -3.374200 0.000000 0.000000 0.000000 1.000000
0.998770 0.030177 -0.039334 -0.325700 -0.039274 0.965796 -0.256313 14.269200 0.030254 0.257543 0.965793 -3.374200 0.000000 0.000000 0.000000 1.000000
0.999270 0.015301 -0.034992 -0.325700 -0.023528 0.968354 -0.248469 14.269200 0.030083 0.249111 0.968008 -3.374200 0.000000 0.000000 0.000000 1.000000
0.999557 0.005054 -0.029335 -0.325700 -0.011979 0.970452 -0.240995 14.269200 0.027251 0.241239 0.970083 -3.374200 0.000000 0.000000 0.000000 1.000000
0.999637 -0.010858 -0.024646 -0.325700 0.004824 0.972512 -0.232803 14.269200 0.026496 0.232600 0.972212 -3.374200 0.000000 0.000000 0.000000 1.000000
0.999310 -0.031564 -0.019573 -0.325700 0.026548 0.975610 -0.217898 14.269200 0.025974 0.217228 0.975775 -3.374200 0.000000 0.000000 0.000000 1.000000
0.998417 -0.056006 -0.005110 -0.325700 0.053857 0.978333 -0.199912 14.269200 0.016195 0.199320 0.979801 -3.374200 0.000000 0.000000 0.000000 1.000000
0.997409 -0.071940 -0.000479 -0.325700 0.070611 0.980205 -0.184966 14.269200 0.013776 0.184453 0.982745 -3.374200 0.000000 0.000000 0.000000 1.000000
0.996932 -0.078255 -0.001392 -0.325700 0.076719 0.980576 -0.180511 14.269200 0.015491 0.179850 0.983572 -3.374200 0.000000 0.000000 0.000000 1.000000
0.996520 -0.083255 -0.004040 -0.325700 0.080944 0.978149 -0.191502 14.269200 0.019895 0.190509 0.981484 -3.374200 0.000000 0.000000 0.000000 1.000000
0.996620 -0.082014 -0.004738 -0.325700 0.079291 0.975410 -0.205641 14.269200 0.021487 0.204570 0.978616 -3.374200 0.000000 0.000000 0.000000 1.000000
0.996992 -0.077365 -0.004556 -0.325700 0.074375 0.971677 -0.224302 14.269200 0.021780 0.223288 0.974509 -3.374200 0.000000 0.000000 0.000000 1.000000
0.997600 -0.069163 -0.003382 -0.325700 0.066194 0.966829 -0.246699 14.269200 0.020333 0.245883 0.969086 -3.374200 0.000000 0.000000 0.000000 1.000000
0.998285 -0.058532 -0.001411 -0.325700 0.055976 0.961199 -0.270117 14.269200 0.017167 0.269574 0.962827 -3.374200 0.000000 0.000000 0.000000 1.000000
0.998857 -0.047799 0.000827 -0.325700 0.045974 0.955684 -0.290784 14.269200 0.013109 0.290489 0.956788 -3.374200 0.000000 0.000000 0.000000 1.000000
0.999251 -0.038583 0.002856 -0.325700 0.037595 0.950912 -0.307170 14.269200 0.009136 0.307047 0.951650 -3.374200 0.000000 0.000000 0.000000 1.000000
0.999501 -0.031267 0.004520 -0.325700 0.031072 0.947078 -0.319497 14.269200 0.005709 0.319478 0.947576 -3.374200 0.000000 0.000000 0.000000 1.000000
0.999651 -0.025774 0.005800 -0.325700 0.026248 0.944172 -0.328405 14.269200 0.002988 0.328443 0.944519 -3.374200 0.000000 0.000000 0.000000 1.000000
0.999741 -0.021728 0.006755 -0.325700 0.022736 0.942018 -0.334792 14.269200 0.000911 0.334859 0.942268 -3.374200 0.000000 0.000000 0.000000 1.000000
0.999794 -0.018878 0.007436 -0.325700 0.020281 0.940496 -0.339198 14.269200 -0.000590 0.339279 0.940685 -3.374200 0.000000 0.000000 0.000000 1.000000
0.999824 -0.017054 0.007876 -0.325700 0.018719 0.939524 -0.341970 14.269200 -0.001568 0.342057 0.939678 -3.374200 0.000000 0.000000 0.000000 1.000000
0.999838 -0.016042 0.008121 -0.325700 0.017856 0.938987 -0.343488 14.269200 -0.002116 0.343578 0.939122 -3.374200 0.000000 0.000000 0.000000 1.000000
0.999843 -0.015719 0.008200 -0.325700 0.017581 0.938817 -0.343968 14.269200 -0.002292 0.344059 0.938945 -3.374200 0.000000 0.000000 0.000000 1.000000</float_array><technique_common><accessor source="#Spine1-Matrix-animation-output-transform-array" count="61" stride="16"><param type="float4x4"/></accessor></technique_common></source><source id="Spine1-Interpolations"><Name_array id="Spine1-Interpolations-array" count="61">
 LINEAR LINEAR LINEAR LINEAR LINEAR LINEAR LINEAR LINEAR LINEAR LINEAR LINEAR
LINEAR LINEAR LINEAR LINEAR LINEAR LINEAR LINEAR LINEAR LINEAR LINEAR LINEAR LINEAR
LINEAR LINEAR LINEAR LINEAR LINEAR LINEAR LINEAR LINEAR LINEAR LINEAR LINEAR LINEAR
LINEAR LINEAR LINEAR LINEAR LINEAR LINEAR LINEAR LINEAR LINEAR LINEAR LINEAR LINEAR
LINEAR LINEAR LINEAR LINEAR LINEAR LINEAR LINEAR LINEAR LINEAR LINEAR LINEAR LINEAR
LINEAR LINEAR</Name_array><technique_common><accessor source="#Spine1-Interpolations-array" count="61"><param type="name"/></accessor></technique_common></source><sampler id="Spine1-Matrix-animation-transform"><input semantic="INPUT" source="#Spine1-Matrix-animation-input"/><input semantic="OUTPUT" source="#Spine1-Matrix-animation-output-transform"/><input semantic="INTERPOLATION" source="#Spine1-Interpolations"/></sampler><channel source="#Spine1-Matrix-animation-transform" target="Spine1/matrix"/></animation>
    <animation id="Spine2-anim" name="Spine2"><source id="Spine2-Matrix-animation-input"><float_array id="Spine2-Matrix-animation-input-array" count="61">

0.000000 0.033333 0.066667 0.100000 0.133333 0.166667 0.200000 0.233333 0.266667 0.300000 0.333333 0.366667 0.400000 0.433333 0.466667 0.500000
0.533333 0.566667 0.600000 0.633333 0.666667 0.700000 0.733333 0.766667 0.800000 0.833333 0.866667 0.900000 0.933333 0.966667 1.000000 1.033333
1.066667 1.100000 1.133333 1.166667 1.200000 1.233333 1.266667 1.300000 1.333333 1.366667 1.400000 1.433333 1.466667 1.500000 1.533333 1.566667
1.600000 1.633333 1.666667 1.700000 1.733333 1.766667 1.800000 1.833333 1.866667 1.900000 1.933333 1.966667 2.000000</float_array><technique_common><accessor source="#Spine2-Matrix-animation-input-array" count="61"><param name="TIME" type="float"/></accessor></technique_common></source><source id="Spine2-Matrix-animation-output-transform"><float_array id="Spine2-Matrix-animation-output-transform-array" count="976">

0.999849 -0.016194 0.006363 -0.372300 0.017192 0.975796 -0.218005 16.307600 -0.002679 0.218081 0.975927 -0.352600 0.000000 0.000000 0.000000 1.000000
0.999844 -0.016962 0.004827 -0.372300 0.017608 0.975393 -0.219769 16.307600 -0.000980 0.219820 0.975540 -0.352600 0.000000 0.000000 0.000000 1.000000
0.999823 -0.018749 0.001298 -0.372300 0.018563 0.974446 -0.223852 16.307600 0.002933 0.223836 0.974622 -0.352600 0.000000 0.000000 0.000000 1.000000
0.999776 -0.020960 -0.002844 -0.372300 0.019755 0.973322 -0.228592 16.307600 0.007559 0.228485 0.973518 -0.352600 0.000000 0.000000 0.000000 1.000000
0.999718 -0.022967 -0.006096 -0.372300 0.020925 0.972446 -0.232187 16.307600 0.011261 0.231994 0.972652 -0.352600 0.000000 0.000000 0.000000 1.000000
0.999665 -0.024784 -0.007409 -0.372300 0.022389 0.972445 -0.232056 16.307600 0.012956 0.231813 0.972674 -0.352600 0.000000 0.000000 0.000000 1.000000
0.999580 -0.027615 -0.008733 -0.372300 0.024898 0.973344 -0.227994 16.307600 0.014796 0.227681 0.973623 -0.352600 0.000000 0.000000 0.000000 1.000000
0.999447 -0.031707 -0.009970 -0.372300 0.028714 0.974736 -0.221507 16.307600 0.016741 0.221098 0.975108 -0.352600 0.000000 0.000000 0.000000 1.000000
0.999264 -0.036618 -0.011412 -0.372300 0.033331 0.976269 -0.213983 16.307600 0.018977 0.213445 0.976771 -0.352600 0.000000 0.000000 0.000000 1.000000
0.999051 -0.041523 -0.013172 -0.372300 0.037909 0.977661 -0.206742 16.307600 0.021462 0.206047 0.978307 -0.352600 0.000000 0.000000 0.000000 1.000000
0.998910 -0.045029 -0.012306 -0.372300 0.041670 0.978969 -0.199707 16.307600 0.021040 0.198976 0.979778 -0.352600 0.000000 0.000000 0.000000 1.000000
0.998893 -0.046550 -0.006753 -0.372300 0.044398 0.980494 -0.191471 16.307600 0.015535 0.190959 0.981475 -0.352600 0.000000 0.000000 0.000000 1.000000
0.998932 -0.046117 0.003006 -0.372300 0.045885 0.981935 -0.183573 16.307600 0.005514 0.183515 0.983001 -0.352600 0.000000 0.000000 0.000000 1.000000
0.998961 -0.043100 0.014786 -0.372300 0.045069 0.982368 -0.181445 16.307600 -0.006705 0.181923 0.983290 -0.352600 0.000000 0.000000 0.000000 1.000000
0.998896 -0.033657 0.032780 -0.372300 0.039305 0.980878 -0.190613 16.307600 -0.025738 0.191691 0.981118 -0.352600 0.000000 0.000000 0.000000 1.000000
0.998756 -0.008190 0.049184 -0.372300 0.018218 0.978158 -0.207061 16.307600 -0.046414 0.207699 0.977091 -0.352600 0.000000 0.000000 0.000000 1.000000
0.996544 0.018914 0.080886 -0.372300 -0.001353 0.977301 -0.211851 16.307600 -0.083057 0.211010 0.973949 -0.352600 0.000000 0.000000 0.000000 1.000000
0.994677 0.026071 0.099688 -0.372300 -0.003986 0.976473 -0.215604 16.307600 -0.102964 0.214059 0.971379 -0.352600 0.000000 0.000000 0.000000 1.000000
0.993937 0.024702 0.107137 -0.372300 -0.000004 0.974443 -0.224635 16.307600 -0.109948 0.223272 0.968535 -0.352600 0.000000 0.000000 0.000000 1.000000
0.993665 0.022115 0.110184 -0.372300 0.003859 0.973155 -0.230117 16.307600 -0.112315 0.229084 0.966905 -0.352600 0.000000 0.000000 0.000000 1.000000
0.993397 0.019107 0.113122 -0.372300 0.007081 0.973943 -0.226683 16.307600 -0.114505 0.225987 0.967377 -0.352600 0.000000 0.000000 0.000000 1.000000
0.993438 0.014057 0.113505 -0.372300 0.011070 0.975941 -0.217753 16.307600 -0.113836 0.217581 0.969381 -0.352600 0.000000 0.000000 0.000000 1.000000
0.993809 0.004738 0.110999 -0.372300 0.018157 0.978731 -0.204341 16.307600 -0.109606 0.205091 0.972586 -0.352600 0.000000 0.000000 0.000000 1.000000
0.993770 -0.014475 0.110507 -0.372300 0.034935 0.982017 -0.185532 16.307600 -0.105835 0.188237 0.976405 -0.352600 0.000000 0.000000 0.000000 1.000000
0.992387 -0.049327 0.112851 -0.372300 0.066209 0.986297 -0.151112 16.307600 -0.103851 0.157434 0.982054 -0.352600 0.000000 0.000000 0.000000 1.000000
0.988114 -0.112209 0.105074 -0.372300 0.125520 0.983526 -0.130082 16.307600 -0.088746 0.141725 0.985920 -0.352600 0.000000 0.000000 0.000000 1.000000
0.983948 -0.162119 0.074590 -0.372300 0.173495 0.966893 -0.187130 16.307600 -0.041783 0.197067 0.979499 -0.352600 0.000000 0.000000 0.000000 1.000000
0.995770 -0.080347 0.044562 -0.372300 0.089172 0.961994 -0.258101 16.307600 -0.022131 0.260983 0.965090 -0.352600 0.000000 0.000000 0.000000 1.000000
0.991990 -0.079212 0.098391 -0.372300 0.104651 0.951591 -0.289003 16.307600 -0.070736 0.296985 0.952258 -0.352600 0.000000 0.000000 0.000000 1.000000
0.998031 -0.062293 -0.007311 -0.372300 0.054755 0.922197 -0.382825 16.307600 0.030590 0.381671 0.923792 -0.352600 0.000000 0.000000 0.000000 1.000000
