<?xml version="1.0" encoding="utf-8"?>
<COLLADA xmlns="http://www.collada.org/2005/11/COLLADASchema" version="1.4.1">
  <asset><contributor><author>Mixamo</author><authoring_tool>COLLADA Mixamo exporter</authoring_tool><comments></comments></contributor><created>2018-10-30T18:56:09Z</created><modified>2018-10-30T18:56:09Z</modified><revision></revision><title></title><unit meter="0.010000"/><up_axis>Y_UP</up_axis></asset>
  <library_animations>
    <animation id="Hips-anim" name="Hips"><source id="Hips-Matrix-animation-input"><float_array id="Hips-Matrix-animation-input-array" count="90">

0.000000 0.033333 0.066667 0.100000 0.133333 0.166667 0.200000 0.233333 0.266667 0.300000 0.333333 0.366667 0.400000 0.433333 0.466667 0.500000
0.533333 0.566667 0.600000 0.633333 0.666667 0.700000 0.733333 0.766667 0.800000 0.833333 0.866667 0.900000 0.933333 0.966667 1.000000 1.033333
1.066667 1.100000 1.133333 1.166667 1.200000 1.233333 1.266667 1.300000 1.333333 1.366667 1.400000 1.433333 1.466667 1.500000 1.533333 1.566667
1.600000 1.633333 1.666667 1.700000 1.733333 1.766667 1.800000 1.833333 1.866667 1.900000 1.933333 1.966667 2.000000 2.033333 2.066667 2.100000
2.133333 2.166667 2.200000 2.233333 2.266667 2.300000 2.333333 2.366667 2.400000 2.433333 2.466667 2.500000 2.533333 2.566667 2.600000 2.633333
2.666667 2.700000 2.733333 2.766667 2.800000 2.833333 2.866667 2.900000 2.933333 2.966667</float_array><technique_common><accessor source="#Hips-Matrix-animation-input-array" count="90"><param name="TIME" type="float"/></accessor></technique_common></source><source id="Hips-Matrix-animation-output-transform"><float_array id="Hips-Matrix-animation-output-transform-array" count="1440">

0.945921 -0.009964 -0.324244 0.826653 -0.055693 0.979700 -0.192579 82.316910 0.319581 0.200223 0.926164 -1.631164 0.000000 0.000000 0.000000 1.000000
0.957863 0.007096 -0.287138 0.684365 -0.038627 0.993796 -0.104298 82.726303 0.284616 0.110994 0.952194 -0.564882 0.000000 0.000000 0.000000 1.000000
0.974853 0.022362 -0.221722 0.563897 -0.011105 0.998591 0.051888 83.536072 0.222570 -0.048121 0.973728 1.219043 0.000000 0.000000 0.000000 1.000000
0.990697 0.024238 -0.133912 0.564504 0.003762 0.978758 0.204987 84.198143 0.136036 -0.203584 0.969561 3.338508 0.000000 0.000000 0.000000 1.000000
0.998522 0.022638 -0.049403 0.624029 -0.006361 0.951542 0.307452 84.492905 0.053970 -0.306684 0.950280 5.381016 0.000000 0.000000 0.000000 1.000000
0.999710 0.017599 0.016411 0.686497 -0.022409 0.929424 0.368334 84.629539 -0.008771 -0.368595 0.929549 7.226040 0.000000 0.000000 0.000000 1.000000
0.997429 0.003276 0.071587 0.775932 -0.032213 0.912837 0.407052 84.874359 -0.064014 -0.408312 0.910595 8.763019 0.000000 0.000000 0.000000 1.000000
0.991470 -0.012248 0.129759 0.765574 -0.045687 0.899748 0.434011 85.010719 -0.122066 -0.436237 0.891514 9.822678 0.000000 0.000000 0.000000 1.000000
0.980588 -0.022194 0.194819 0.505428 -0.069834 0.888895 0.452757 84.620888 -0.183222 -0.457573 0.870090 10.219607 0.000000 0.000000 0.000000 1.000000
0.963354 -0.031674 0.266356 0.058072 -0.101057 0.876976 0.469788 83.530464 -0.248467 -0.479489 0.841638 10.005030 0.000000 0.000000 0.000000 1.000000
0.941241 -0.045964 0.334593 -0.461491 -0.131397 0.862808 0.488158 81.901230 -0.311127 -0.503439 0.806071 9.328415 0.000000 0.000000 0.000000 1.000000
0.924348 -0.065264 0.375929 -0.917155 -0.144203 0.852431 0.502560 79.983055 -0.353252 -0.518750 0.778531 8.314699 0.000000 0.000000 0.000000 1.000000
0.920564 -0.089027 0.380311 -0.999159 -0.129147 0.849537 0.511476 77.421646 -0.368624 -0.519962 0.770555 6.911629 0.000000 0.000000 0.000000 1.000000
0.929115 -0.114420 0.351645 -0.627669 -0.093240 0.847716 0.522191 74.579575 -0.357844 -0.517963 0.776957 4.999247 0.000000 0.000000 0.000000 1.000000
0.940110 -0.134158 0.313361 0.007877 -0.056134 0.845812 0.530519 72.059921 -0.336218 -0.516337 0.787626 2.741070 0.000000 0.000000 0.000000 1.000000
0.946098 -0.144960 0.289629 0.817391 -0.030940 0.849706 0.526348 70.234497 -0.322399 -0.506938 0.799421 0.325040 0.000000 0.000000 0.000000 1.000000
0.949658 -0.150440 0.274804 1.629759 -0.012457 0.858334 0.512941 69.013062 -0.313040 -0.490542 0.813250 -2.345783 0.000000 0.000000 0.000000 1.000000
0.954732 -0.152894 0.255167 2.328092 0.005126 0.866127 0.499797 68.213585 -0.297423 -0.475864 0.827703 -5.313866 0.000000 0.000000 0.000000 1.000000
0.962524 -0.150153 0.225834 2.851139 0.022403 0.873913 0.485566 67.719498 -0.270268 -0.462309 0.844527 -8.838329 0.000000 0.000000 0.000000 1.000000
0.968778 -0.151190 0.196495 3.104376 0.042370 0.881848 0.469627 67.325890 -0.244282 -0.446639 0.860721 -13.068795 0.000000 0.000000 0.000000 1.000000
0.971134 -0.162244 0.174862 3.078706 0.065668 0.886575 0.457900 66.741653 -0.229319 -0.433199 0.871637 -17.753357 0.000000 0.000000 0.000000 1.000000
0.972343 -0.168640 0.161582 2.823504 0.080013 0.890493 0.447906 66.074547 -0.219423 -0.422590 0.879359 -22.777727 0.000000 0.000000 0.000000 1.000000
0.976421 -0.149897 0.155350 2.573604 0.069648 0.899881 0.430539 65.321655 -0.204333 -0.409568 0.889102 -27.870956 0.000000 0.000000 0.000000 1.000000
0.983078 -0.102071 0.152116 2.208257 0.032224 0.913790 0.404906 64.606010 -0.180332 -0.393152 0.901616 -32.861851 0.000000 0.000000 0.000000 1.000000
0.985879 -0.045062 0.161282 1.612257 -0.018857 0.927115 0.374302 64.307625 -0.166393 -0.372057 0.913174 -37.757324 0.000000 0.000000 0.000000 1.000000
0.978489 -0.001897 0.206292 1.239766 -0.066132 0.944303 0.322363 64.418175 -0.195414 -0.329071 0.923865 -42.951206 0.000000 0.000000 0.000000 1.000000
0.965327 0.029753 0.259342 1.184568 -0.098919 0.961084 0.257939 63.798374 -0.241575 -0.274649 0.930704 -47.880886 0.000000 0.000000 0.000000 1.000000
0.965802 0.063403 0.251409 1.098606 -0.124812 0.963591 0.236463 63.901367 -0.227263 -0.259755 0.938551 -52.643875 0.000000 0.000000 0.000000 1.000000
0.980800 0.094247 0.170728 1.237687 -0.134819 0.960250 0.244426 65.517937 -0.140905 -0.262750 0.954520 -57.287712 0.000000 0.000000 0.000000 1.000000
0.990501 0.120634 0.066001 1.456450 -0.133044 0.962053 0.238231 67.151840 -0.034758 -0.244749 0.968963 -61.022270 0.000000 0.000000 0.000000 1.000000
0.990672 0.135060 -0.018079 1.246996 -0.126976 0.963126 0.237203 67.420052 0.049449 -0.232695 0.971292 -63.666859 0.000000 0.000000 0.000000 1.000000
0.988396 0.133720 -0.072058 0.219645 -0.110774 0.959122 0.260413 66.743889 0.103935 -0.249409 0.962805 -65.491783 0.000000 0.000000 0.000000 1.000000
0.985627 0.128563 -0.109594 -1.110926 -0.091185 0.950979 0.295507 66.202232 0.142213 -0.281266 0.949034 -67.353653 0.000000 0.000000 0.000000 1.000000
0.981585 0.130893 -0.139130 -2.361735 -0.078357 0.940139 0.331659 65.596970 0.174213 -0.314650 0.933084 -69.188454 0.000000 0.000000 0.000000 1.000000
0.977292 0.136804 -0.161819 -3.363256 -0.069951 0.929143 0.363042 65.292496 0.200019 -0.343478 0.917614 -70.865112 0.000000 0.000000 0.000000 1.000000
0.974663 0.124191 -0.186034 -4.022252 -0.045486 0.924372 0.378772 65.238579 0.219005 -0.360713 0.906600 -71.855568 0.000000 0.000000 0.000000 1.000000
0.968921 0.092199 -0.229544 -5.828808 0.005302 0.919990 0.391905 63.780975 0.247312 -0.380942 0.890910 -72.070572 0.000000 0.000000 0.000000 1.000000
0.956735 0.107683 -0.270300 -5.841206 0.026315 0.893163 0.448962 63.760418 0.289767 -0.436650 0.851687 -72.212715 0.000000 0.000000 0.000000 1.000000
0.952698 0.159005 -0.259004 -5.566936 0.006344 0.841630 0.540018 63.787689 0.303851 -0.516117 0.800810 -72.276474 0.000000 0.000000 0.000000 1.000000
0.962161 0.170237 -0.212756 -5.536062 -0.009155 0.800566 0.599174 63.902546 0.272327 -0.574554 0.771832 -72.372147 0.000000 0.000000 0.000000 1.000000
0.972475 0.138917 -0.187066 -5.818765 0.004269 0.792083 0.610399 63.231422 0.232967 -0.594396 0.769688 -72.385742 0.000000 0.000000 0.000000 1.000000
0.973856 0.124060 -0.190299 -5.778388 0.024915 0.774325 0.632297 62.292332 0.225796 -0.620507 0.750990 -72.541992 0.000000 0.000000 0.000000 1.000000
0.968685 0.140398 -0.204788 -5.415307 0.039700 0.726591 0.685922 60.871555 0.245099 -0.672572 0.698264 -72.979729 0.000000 0.000000 0.000000 1.000000
0.964607 0.148501 -0.217903 -5.370570 0.061353 0.677280 0.733163 59.003185 0.256457 -0.720582 0.644198 -73.584816 0.000000 0.000000 0.000000 1.000000
0.964586 0.138316 -0.224596 -5.709641 0.086775 0.637686 0.765394 56.568558 0.249088 -0.757777 0.603100 -74.315361 0.000000 0.000000 0.000000 1.000000
0.963827 0.131464 -0.231849 -6.266834 0.111966 0.589695 0.799827 53.459736 0.241869 -0.796855 0.553644 -75.139503 0.000000 0.000000 0.000000 1.000000
0.958342 0.138562 -0.249762 -6.895348 0.140248 0.533483 0.834102 49.551628 0.248819 -0.834384 0.491826 -75.959679 0.000000 0.000000 0.000000 1.000000
0.947850 0.153276 -0.279442 -7.674470 0.175960 0.479378 0.859788 44.817051 0.265743 -0.864120 0.427408 -76.645493 0.000000 0.000000 0.000000 1.000000
0.934037 0.169701 -0.314287 -8.717527 0.216691 0.430260 0.876311 39.462975 0.283936 -0.886610 0.365106 -77.129860 0.000000 0.000000 0.000000 1.000000
0.921514 0.187081 -0.340312 -9.854856 0.250576 0.383043 0.889095 33.914978 0.296687 -0.904588 0.306102 -77.427902 0.000000 0.000000 0.000000 1.000000
0.912440 0.210012 -0.351208 -10.537663 0.271870 0.330348 0.903857 28.772682 0.305842 -0.920198 0.244327 -77.593040 0.000000 0.000000 0.000000 1.000000
0.906201 0.242552 -0.346365 -10.294131 0.280928 0.266869 0.921879 24.376438 0.316038 -0.932711 0.173697 -77.815025 0.000000 0.000000 0.000000 1.000000
0.899823 0.280227 -0.334352 -8.981521 0.287855 0.194513 0.937712 20.383286 0.327808 -0.940020 0.094363 -78.302994 0.000000 0.000000 0.000000 1.000000
0.889398 0.312322 -0.333804 -7.607090 0.317754 0.102576 0.942608 16.540630 0.328638 -0.944422 -0.008011 -78.892120 0.000000 0.000000 0.000000 1.000000
0.887303 0.333527 -0.318517 -8.783320 0.346058 -0.024967 0.937881 13.968289 0.304856 -0.942410 -0.137573 -79.096779 0.000000 0.000000 0.000000 1.000000
0.899347 0.347862 -0.264891 -11.829586 0.323304 -0.121203 0.938501 14.132172 0.294364 -0.929678 -0.221469 -79.550194 0.000000 0.000000 0.000000 1.000000
0.893892 0.371840 -0.250384 -15.000567 0.317874 -0.131932 0.938909 15.931058 0.316090 -0.918874 -0.236131 -81.260193 0.000000 0.000000 0.000000 1.000000
0.858503 0.395445 -0.326491 -17.712601 0.404462 -0.130752 0.905160 16.690399 0.315252 -0.909135 -0.272193 -82.847687 0.000000 0.000000 0.000000 1.000000
0.804336 0.425722 -0.414494 -19.468288 0.514020 -0.148639 0.844802 16.247799 0.298040 -0.892562 -0.338385 -84.826508 0.000000 0.000000 0.000000 1.000000
0.756666 0.457333 -0.467230 -19.941429 0.580504 -0.141177 0.801925 15.283281 0.300785 -0.878018 -0.372307 -87.165779 0.000000 0.000000 0.000000 1.000000
0.727045 0.480677 -0.490261 -19.672771 0.604836 -0.110465 0.788651 14.372829 0.324930 -0.869912 -0.371044 -88.502869 0.000000 0.000000 0.000000 1.000000
0.723020 0.504366 -0.472076 -20.125149 0.592257 -0.100772 0.799422 14.779715 0.355630 -0.857589 -0.371575 -88.454010 0.000000 0.000000 0.000000 1.000000
0.731050 0.525617 -0.435077 -20.820444 0.567684 -0.114775 0.815207 15.358276 0.378551 -0.842943 -0.382291 -88.207748 0.000000 0.000000 0.000000 1.000000
0.738871 0.542146 -0.400184 -21.330643 0.546217 -0.134089 0.826841 15.257791 0.394609 -0.829517 -0.395204 -87.953728 0.000000 0.000000 0.000000 1.000000
0.747469 0.557041 -0.361933 -21.687346 0.517308 -0.146286 0.843204 14.348679 0.416753 -0.817500 -0.397506 -87.629868 0.000000 0.000000 0.000000 1.000000
0.754734 0.571957 -0.321312 -21.758263 0.476910 -0.142027 0.867401 13.278761 0.450481 -0.807895 -0.379965 -87.326118 0.000000 0.000000 0.000000 1.000000
0.753070 0.588346 -0.294507 -21.532393 0.442749 -0.122055 0.888299 12.757137 0.486681 -0.799344 -0.352406 -87.046402 0.000000 0.000000 0.000000 1.000000
0.744711 0.602961 -0.286082 -21.164301 0.424941 -0.097865 0.899915 12.654680 0.514617 -0.791745 -0.329104 -86.809311 0.000000 0.000000 0.000000 1.000000
0.734345 0.613363 -0.290728 -20.758045 0.422464 -0.077762 0.903038 12.572409 0.531282 -0.785963 -0.316229 -86.484627 0.000000 0.000000 0.000000 1.000000
0.721160 0.621952 -0.305129 -20.361919 0.431768 -0.059076 0.900048 12.685017 0.541761 -0.780824 -0.311142 -86.252335 0.000000 0.000000 0.000000 1.000000
0.705423 0.629534 -0.325677 -20.370054 0.446126 -0.037314 0.894192 12.870804 0.550772 -0.776076 -0.307174 -86.220222 0.000000 0.000000 0.000000 1.000000
0.689464 0.635494 -0.347543 -20.613228 0.459777 -0.013224 0.887936 12.949565 0.559682 -0.771993 -0.301303 -86.163307 0.000000 0.000000 0.000000 1.000000
0.675623 0.640326 -0.365399 -20.898865 0.470899 0.006546 0.882163 12.938900 0.567264 -0.768075 -0.297106 -86.114548 0.000000 0.000000 0.000000 1.000000
0.664777 0.645030 -0.376839 -21.255852 0.480882 0.016540 0.876629 12.896896 0.571684 -0.763979 -0.299188 -86.074966 0.000000 0.000000 0.000000 1.000000
0.656808 0.649079 -0.383797 -21.602442 0.490875 0.018321 0.871038 12.808481 0.572404 -0.760500 -0.306583 -86.046364 0.000000 0.000000 0.000000 1.000000
0.652173 0.651135 -0.388193 -21.856781 0.499703 0.015822 0.866052 12.705658 0.570059 -0.758797 -0.315056 -86.074615 0.000000 0.000000 0.000000 1.000000
0.651300 0.651350 -0.389297 -21.962292 0.505753 0.009856 0.862622 12.641199 0.565706 -0.758714 -0.323003 -86.163422 0.000000 0.000000 0.000000 1.000000
0.654218 0.650203 -0.386310 -21.926378 0.507966 0.000674 0.861377 12.610173 0.560330 -0.759761 -0.329840 -86.263191 0.000000 0.000000 0.000000 1.000000
0.659591 0.648343 -0.380251 -21.752323 0.506276 -0.009311 0.862321 12.594064 0.555539 -0.761291 -0.334382 -86.344376 0.000000 0.000000 0.000000 1.000000
0.665738 0.646498 -0.372605 -21.439291 0.501509 -0.017916 0.864967 12.565388 0.552523 -0.762706 -0.336152 -86.396126 0.000000 0.000000 0.000000 1.000000
0.672649 0.644330 -0.363843 -21.068443 0.493985 -0.024921 0.869113 12.500978 0.550928 -0.764342 -0.335053 -86.402100 0.000000 0.000000 0.000000 1.000000
0.680652 0.641666 -0.353521 -20.783943 0.483835 -0.031379 0.874597 12.407907 0.550106 -0.766342 -0.331818 -86.348160 0.000000 0.000000 0.000000 1.000000
0.688226 0.639478 -0.342656 -20.608160 0.472975 -0.037341 0.880284 12.322937 0.550127 -0.767902 -0.328156 -86.266090 0.000000 0.000000 0.000000 1.000000
0.693685 0.638484 -0.333375 -20.468040 0.463741 -0.041751 0.884987 12.308841 0.551131 -0.768502 -0.325053 -86.204659 0.000000 0.000000 0.000000 1.000000
0.696383 0.638361 -0.327942 -20.366280 0.458078 -0.043607 0.887842 12.306964 0.552463 -0.768501 -0.322787 -86.176895 0.000000 0.000000 0.000000 1.000000
0.696273 0.638790 -0.327339 -20.333973 0.456877 -0.042688 0.888505 12.309840 0.553595 -0.768196 -0.321571 -86.174896 0.000000 0.000000 0.000000 1.000000
0.693493 0.639938 -0.330979 -20.368008 0.459813 -0.039461 0.887139 12.320696 0.554652 -0.767413 -0.321618 -86.201187 0.000000 0.000000 0.000000 1.000000
0.688818 0.641778 -0.337122 -20.453987 0.465383 -0.034914 0.884420 12.332907 0.555831 -0.766096 -0.322722 -86.251297 0.000000 0.000000 0.000000 1.000000
0.683290 0.643912 -0.344225 -20.577740 0.471950 -0.029777 0.881122 12.338630 0.557116 -0.764519 -0.324241 -86.309700 0.000000 0.000000 0.000000 1.000000
0.677729 0.645917 -0.351389 -20.713360 0.478429 -0.024463 0.877785 12.344775 0.558381 -0.763015 -0.325605 -86.361755 0.000000 0.000000 0.000000 1.000000</float_array><technique_common><accessor source="#Hips-Matrix-animation-output-transform-array" count="90" stride="16"><param type="float4x4"/></accessor></technique_common></source><source id="Hips-Interpolations"><Name_array id="Hips-Interpolations-array" count="90">
 LINEAR LINEAR LINEAR LINEAR LINEAR LINEAR LINEAR LINEAR LINEAR LINEAR LINEAR
LINEAR LINEAR LINEAR LINEAR LINEAR LINEAR LINEAR LINEAR LINEAR LINEAR LINEAR LINEAR
LINEAR LINEAR LINEAR LINEAR LINEAR LINEAR LINEAR LINEAR LINEAR LINEAR LINEAR LINEAR
LINEAR LINEAR LINEAR LINEAR LINEAR LINEAR LINEAR LINEAR LINEAR LINEAR LINEAR LINEAR
LINEAR LINEAR LINEAR LINEAR LINEAR LINEAR LINEAR LINEAR LINEAR LINEAR LINEAR LINEAR
LINEAR LINEAR LINEAR LINEAR LINEAR LINEAR LINEAR LINEAR LINEAR LINEAR LINEAR LINEAR
LINEAR LINEAR LINEAR LINEAR LINEAR LINEAR LINEAR LINEAR LINEAR LINEAR LINEAR LINEAR
LINEAR LINEAR LINEAR LINEAR LINEAR LINEAR LINEAR</Name_array><technique_common><accessor source="#Hips-Interpolations-array" count="90"><param type="name"/></accessor></technique_common></source><sampler id="Hips-Matrix-animation-transform"><input semantic="INPUT" source="#Hips-Matrix-animation-input"/><input semantic="OUTPUT" source="#Hips-Matrix-animation-output-transform"/><input semantic="INTERPOLATION" source="#Hips-Interpolations"/></sampler><channel source="#Hips-Matrix-animation-transform" target="Hips/matrix"/></animation>
    <animation id="Spine-anim" name="Spine"><source id="Spine-Matrix-animation-input"><float_array id="Spine-Matrix-animation-input-array" count="90">

0.000000 0.033333 0.066667 0.100000 0.133333 0.166667 0.200000 0.233333 0.266667 0.300000 0.333333 0.366667 0.400000 0.433333 0.466667 0.500000
0.533333 0.566667 0.600000 0.633333 0.666667 0.700000 0.733333 0.766667 0.800000 0.833333 0.866667 0.900000 0.933333 0.966667 1.000000 1.033333
1.066667 1.100000 1.133333 1.166667 1.200000 1.233333 1.266667 1.300000 1.333333 1.366667 1.400000 1.433333 1.466667 1.500000 1.533333 1.566667
1.600000 1.633333 1.666667 1.700000 1.733333 1.766667 1.800000 1.833333 1.866667 1.900000 1.933333 1.966667 2.000000 2.033333 2.066667 2.100000
2.133333 2.166667 2.200000 2.233333 2.266667 2.300000 2.333333 2.366667 2.400000 2.433333 2.466667 2.500000 2.533333 2.566667 2.600000 2.633333
2.666667 2.700000 2.733333 2.766667 2.800000 2.833333 2.866667 2.900000 2.933333 2.966667</float_array><technique_common><accessor source="#Spine-Matrix-animation-input-array" count="90"><param name="TIME" type="float"/></accessor></technique_common></source><source id="Spine-Matrix-animation-output-transform"><float_array id="Spine-Matrix-animation-output-transform-array" count="1440">

0.999562 -0.027689 -0.010453 -0.279200 0.027230 0.998757 -0.041756 12.230700 0.011596 0.041453 0.999073 -2.892100 0.000000 0.000000 0.000000 1.000000
0.999662 -0.024675 -0.008236 -0.279200 0.024597 0.999653 -0.009471 12.230700 0.008466 0.009265 0.999921 -2.892100 0.000000 0.000000 0.000000 1.000000
0.999676 -0.021991 -0.012805 -0.279200 0.022140 0.999687 0.011682 12.230700 0.012544 -0.011962 0.999850 -2.892100 0.000000 0.000000 0.000000 1.000000
0.999533 -0.020744 -0.022435 -0.279200 0.021415 0.999318 0.030080 12.230700 0.021796 -0.030547 0.999296 -2.892100 0.000000 0.000000 0.000000 1.000000
0.999532 -0.022389 -0.020839 -0.279200 0.023570 0.998020 0.058309 12.230700 0.019492 -0.058773 0.998081 -2.892100 0.000000 0.000000 0.000000 1.000000
0.999715 -0.023034 0.006252 -0.279200 0.022359 0.995472 0.092384 12.230700 -0.008351 -0.092218 0.995704 -2.892100 0.000000 0.000000 0.000000 1.000000
0.998286 -0.013385 0.056978 -0.279200 0.006537 0.992907 0.118711 12.230700 -0.058163 -0.118135 0.991293 -2.892100 0.000000 0.000000 0.000000 1.000000
0.993096 0.010571 0.116830 -0.279200 -0.026203 0.990759 0.133082 12.230700 -0.114343 -0.135225 0.984195 -2.892100 0.000000 0.000000 0.000000 1.000000
0.985227 0.042660 0.165856 -0.279200 -0.066422 0.987854 0.140472 12.230700 -0.157849 -0.149414 0.976094 -2.892100 0.000000 0.000000 0.000000 1.000000
0.979005 0.073415 0.190157 -0.279200 -0.101726 0.984383 0.143676 12.230700 -0.176639 -0.160003 0.971184 -2.892100 0.000000 0.000000 0.000000 1.000000
0.976819 0.096225 0.191220 -0.279200 -0.124686 0.981859 0.142853 12.230700 -0.174005 -0.163384 0.971096 -2.892100 0.000000 0.000000 0.000000 1.000000
0.978294 0.105095 0.178592 -0.279200 -0.130849 0.981591 0.139131 12.230700 -0.160683 -0.159479 0.974037 -2.892100 0.000000 0.000000 0.000000 1.000000
0.983395 0.092101 0.156371 -0.279200 -0.112627 0.985368 0.127928 12.230700 -0.142301 -0.143416 0.979379 -2.892100 0.000000 0.000000 0.000000 1.000000
0.989745 0.057315 0.130844 -0.279200 -0.070849 0.992336 0.101241 12.230700 -0.124039 -0.109473 0.986220 -2.892100 0.000000 0.000000 0.000000 1.000000
0.993135 0.014236 0.116106 -0.279200 -0.021653 0.997786 0.062877 12.230700 -0.114954 -0.064959 0.991245 -2.892100 0.000000 0.000000 0.000000 1.000000
0.992697 -0.022776 0.118464 -0.279200 0.019998 0.999498 0.024592 12.230700 -0.118964 -0.022043 0.992654 -2.892100 0.000000 0.000000 0.000000 1.000000
0.990403 -0.053888 0.127273 -0.279200 0.056112 0.998327 -0.013952 12.230700 -0.126308 0.020960 0.991770 -2.892100 0.000000 0.000000 0.000000 1.000000
0.987559 -0.086177 0.131533 -0.279200 0.094793 0.993644 -0.060706 12.230700 -0.125466 0.072420 0.989451 -2.892100 0.000000 0.000000 0.000000 1.000000
0.984894 -0.108814 0.134700 -0.279200 0.124284 0.985868 -0.112325 12.230700 -0.120574 0.127369 0.984499 -2.892100 0.000000 0.000000 0.000000 1.000000
0.985049 -0.098800 0.141126 -0.279200 0.120703 0.980323 -0.156195 12.230700 -0.122917 0.170894 0.977592 -2.892100 0.000000 0.000000 0.000000 1.000000
0.988040 -0.053541 0.144606 -0.279200 0.079803 0.979977 -0.182418 12.230700 -0.131944 0.191776 0.972529 -2.892100 0.000000 0.000000 0.000000 1.000000
0.990832 -0.001277 0.135090 -0.279200 0.026144 0.982866 -0.182459 12.230700 -0.132542 0.184318 0.973889 -2.892100 0.000000 0.000000 0.000000 1.000000
0.994055 0.025447 0.105867 -0.279200 -0.008751 0.987833 -0.155273 12.230700 -0.108531 0.153424 0.982182 -2.892100 0.000000 0.000000 0.000000 1.000000
0.998387 0.025033 0.050967 -0.279200 -0.018686 0.992429 -0.121388 12.230700 -0.053620 0.120240 0.991296 -2.892100 0.000000 0.000000 0.000000 1.000000
0.999282 0.021398 -0.031279 -0.279200 -0.024520 0.994369 -0.103096 12.230700 0.028897 0.103789 0.994179 -2.892100 0.000000 0.000000 0.000000 1.000000
0.991082 0.031239 -0.129539 -0.279200 -0.045525 0.993017 -0.108829 12.230700 0.125235 0.113756 0.985584 -2.892100 0.000000 0.000000 0.000000 1.000000
0.977900 0.055866 -0.201471 -0.279200 -0.087293 0.984726 -0.150646 12.230700 0.189978 0.164903 0.967840 -2.892100 0.000000 0.000000 0.000000 1.000000
0.974179 0.083744 -0.209672 -0.279200 -0.131712 0.965062 -0.226512 12.230700 0.183378 0.248280 0.951173 -2.892100 0.000000 0.000000 0.000000 1.000000
0.977428 0.118424 -0.174958 -0.279200 -0.166223 0.942213 -0.290870 12.230700 0.130402 0.313387 0.940630 -2.892100 0.000000 0.000000 0.000000 1.000000
0.979459 0.140035 -0.145086 -0.279200 -0.179844 0.932072 -0.314481 12.230700 0.091193 0.334114 0.938111 -2.892100 0.000000 0.000000 0.000000 1.000000
0.981282 0.140915 -0.131260 -0.279200 -0.176638 0.930123 -0.321978 12.230700 0.076717 0.339137 0.937604 -2.892100 0.000000 0.000000 0.000000 1.000000
0.983958 0.136934 -0.114350 -0.279200 -0.167830 0.927860 -0.333031 12.230700 0.060498 0.346880 0.935957 -2.892100 0.000000 0.000000 0.000000 1.000000
0.987930 0.124614 -0.092014 -0.279200 -0.148521 0.930758 -0.334113 12.230700 0.044007 0.343746 0.938031 -2.892100 0.000000 0.000000 0.000000 1.000000
0.992346 0.089535 -0.085043 -0.279200 -0.111790 0.943923 -0.310664 12.230700 0.052458 0.317793 0.946708 -2.892100 0.000000 0.000000 0.000000 1.000000
0.994092 0.045468 -0.098562 -0.279200 -0.069267 0.964845 -0.253529 12.230700 0.083570 0.258858 0.962293 -2.892100 0.000000 0.000000 0.000000 1.000000
0.992987 0.027283 -0.115036 -0.279200 -0.045953 0.985569 -0.162917 12.230700 0.108931 0.167061 0.979911 -2.892100 0.000000 0.000000 0.000000 1.000000
0.992548 0.031016 -0.117843 -0.279200 -0.041235 0.995502 -0.085291 12.230700 0.114667 0.089514 0.989363 -2.892100 0.000000 0.000000 0.000000 1.000000
0.991401 -0.001511 -0.130854 -0.279200 -0.008144 0.997283 -0.073220 12.230700 0.130609 0.073656 0.988694 -2.892100 0.000000 0.000000 0.000000 1.000000
0.981783 -0.059211 -0.180542 -0.279200 0.043437 0.994985 -0.090105 12.230700 0.184972 0.080621 0.979431 -2.892100 0.000000 0.000000 0.000000 1.000000
0.965473 -0.081098 -0.247558 -0.279200 0.069760 0.996088 -0.054248 12.230700 0.250989 0.035105 0.967353 -2.892100 0.000000 0.000000 0.000000 1.000000
0.953619 -0.056779 -0.295614 -0.279200 0.070744 0.996817 0.036751 12.230700 0.292587 -0.055960 0.954600 -2.892100 0.000000 0.000000 0.000000 1.000000
0.946182 -0.045401 -0.320435 -0.279200 0.082004 0.991432 0.101672 12.230700 0.313074 -0.122477 0.941798 -2.892100 0.000000 0.000000 0.000000 1.000000
0.938461 -0.063505 -0.339498 -0.279200 0.108405 0.987438 0.114954 12.230700 0.327933 -0.144683 0.933556 -2.892100 0.000000 0.000000 0.000000 1.000000
0.933156 -0.073052 -0.351971 -0.279200 0.125487 0.983736 0.128519 12.230700 0.336858 -0.164096 0.927146 -2.892100 0.000000 0.000000 0.000000 1.000000
0.932848 -0.058063 -0.355560 -0.279200 0.123773 0.978507 0.164940 12.230700 0.338341 -0.197873 0.919985 -2.892100 0.000000 0.000000 0.000000 1.000000
0.935574 -0.038586 -0.351016 -0.279200 0.113481 0.974140 0.195382 12.230700 0.334399 -0.222628 0.915759 -2.892100 0.000000 0.000000 0.000000 1.000000
0.939535 -0.030030 -0.341135 -0.279200 0.105299 0.973221 0.204336 12.230700 0.325863 -0.227902 0.917537 -2.892100 0.000000 0.000000 0.000000 1.000000
0.944375 -0.027280 -0.327738 -0.279200 0.099296 0.973697 0.205074 12.230700 0.313523 -0.226209 0.922243 -2.892100 0.000000 0.000000 0.000000 1.000000
0.948484 -0.020910 -0.316136 -0.279200 0.090922 0.973813 0.208378 12.230700 0.303500 -0.226387 0.925547 -2.892100 0.000000 0.000000 0.000000 1.000000
0.949598 -0.009227 -0.313335 -0.279200 0.078934 0.974397 0.210525 12.230700 0.303370 -0.224647 0.926013 -2.892100 0.000000 0.000000 0.000000 1.000000
0.948751 0.002347 -0.316016 -0.279200 0.064365 0.977577 0.200498 12.230700 0.309401 -0.210563 0.927326 -2.892100 0.000000 0.000000 0.000000 1.000000
0.950696 0.008048 -0.310019 -0.279200 0.046566 0.984625 0.168360 12.230700 0.306607 -0.174495 0.935705 -2.892100 0.000000 0.000000 0.000000 1.000000
0.956154 0.012139 -0.292614 -0.279200 0.021183 0.993657 0.110440 12.230700 0.292098 -0.111796 0.949832 -2.892100 0.000000 0.000000 0.000000 1.000000
0.963711 0.019771 -0.266215 -0.279200 -0.013365 0.999576 0.025856 12.230700 0.266613 -0.021360 0.963567 -2.892100 0.000000 0.000000 0.000000 1.000000
0.976954 0.028013 -0.211603 -0.279200 -0.044195 0.996415 -0.072134 12.230700 0.208824 0.079823 0.974690 -2.892100 0.000000 0.000000 0.000000 1.000000
0.991791 0.048189 -0.118441 -0.279200 -0.063845 0.989170 -0.132164 12.230700 0.110789 0.138641 0.984126 -2.892100 0.000000 0.000000 0.000000 1.000000
0.995608 0.086824 -0.035025 -0.279200 -0.090159 0.989970 -0.108771 12.230700 0.025230 0.111451 0.993450 -2.892100 0.000000 0.000000 0.000000 1.000000
0.992043 0.125695 0.007243 -0.279200 -0.125351 0.991439 -0.036547 12.230700 -0.011774 0.035349 0.999306 -2.892100 0.000000 0.000000 0.000000 1.000000
0.991467 0.121134 0.048170 -0.279200 -0.122360 0.992211 0.023370 12.230700 -0.044964 -0.029065 0.998566 -2.892100 0.000000 0.000000 0.000000 1.000000
0.992183 0.072870 0.101304 -0.279200 -0.079172 0.995075 0.059642 12.230700 -0.096459 -0.067196 0.993066 -2.892100 0.000000 0.000000 0.000000 1.000000
0.990518 0.030858 0.133876 -0.279200 -0.040650 0.996645 0.071038 12.230700 -0.131235 -0.075806 0.988449 -2.892100 0.000000 0.000000 0.000000 1.000000
0.990179 0.022120 0.138043 -0.279200 -0.028888 0.998467 0.047222 12.230700 -0.136787 -0.050746 0.989300 -2.892100 0.000000 0.000000 0.000000 1.000000
0.988996 0.025599 0.145710 -0.279200 -0.026007 0.999661 0.000894 12.230700 -0.145638 -0.004673 0.989327 -2.892100 0.000000 0.000000 0.000000 1.000000
0.985820 0.028979 0.165285 -0.279200 -0.021339 0.998628 -0.047817 12.230700 -0.166444 0.043612 0.985086 -2.892100 0.000000 0.000000 0.000000 1.000000
0.982866 0.025928 0.182491 -0.279200 -0.010309 0.996240 -0.086021 12.230700 -0.184035 0.082665 0.979437 -2.892100 0.000000 0.000000 0.000000 1.000000
0.982131 0.010818 0.187885 -0.279200 0.008737 0.994649 -0.102944 12.230700 -0.187994 0.102746 0.976781 -2.892100 0.000000 0.000000 0.000000 1.000000
0.982076 -0.013025 0.188035 -0.279200 0.031411 0.994969 -0.095135 12.230700 -0.185850 0.099336 0.977544 -2.892100 0.000000 0.000000 0.000000 1.000000
0.981082 -0.037901 0.189846 -0.279200 0.052705 0.995898 -0.073542 12.230700 -0.186280 0.082157 0.979056 -2.892100 0.000000 0.000000 0.000000 1.000000
0.979782 -0.059210 0.191107 -0.279200 0.070247 0.996199 -0.051497 12.230700 -0.187331 0.063881 0.980217 -2.892100 0.000000 0.000000 0.000000 1.000000
0.979196 -0.077026 0.187730 -0.279200 0.084058 0.996016 -0.029776 12.230700 -0.184689 0.044936 0.981769 -2.892100 0.000000 0.000000 0.000000 1.000000
0.979588 -0.092464 0.178487 -0.279200 0.094757 0.995491 -0.004345 12.230700 -0.177281 0.021169 0.983933 -2.892100 0.000000 0.000000 0.000000 1.000000
0.980340 -0.106728 0.165962 -0.279200 0.104630 0.994282 0.021362 12.230700 -0.167293 -0.003578 0.985901 -2.892100 0.000000 0.000000 0.000000 1.000000
0.980875 -0.117294 0.155325 -0.279200 0.112479 0.992870 0.039466 12.230700 -0.158847 -0.021241 0.987075 -2.892100 0.000000 0.000000 0.000000 1.000000
0.981219 -0.120116 0.150935 -0.279200 0.114273 0.992345 0.046841 12.230700 -0.155406 -0.028714 0.987433 -2.892100 0.000000 0.000000 0.000000 1.000000
0.981359 -0.116249 0.153036 -0.279200 0.110308 0.992796 0.046783 12.230700 -0.157372 -0.029030 0.987113 -2.892100 0.000000 0.000000 0.000000 1.000000
0.981301 -0.110673 0.157478 -0.279200 0.104997 0.993501 0.043941 12.230700 -0.161318 -0.026585 0.986544 -2.892100 0.000000 0.000000 0.000000 1.000000
0.981110 -0.106146 0.161730 -0.279200 0.100881 0.994076 0.040449 12.230700 -0.165065 -0.023369 0.986006 -2.892100 0.000000 0.000000 0.000000 1.000000
0.980482 -0.102159 0.167982 -0.279200 0.097396 0.994581 0.036370 12.230700 -0.170787 -0.019299 0.985119 -2.892100 0.000000 0.000000 0.000000 1.000000
0.979024 -0.099406 0.177852 -0.279200 0.095378 0.994956 0.031080 12.230700 -0.180044 -0.013465 0.983566 -2.892100 0.000000 0.000000 0.000000 1.000000
0.977196 -0.098977 0.187861 -0.279200 0.096216 0.995076 0.023784 12.230700 -0.189290 -0.005166 0.981908 -2.892100 0.000000 0.000000 0.000000 1.000000
0.976318 -0.099094 0.192309 -0.279200 0.098121 0.995067 0.014603 12.230700 -0.192808 0.004612 0.981226 -2.892100 0.000000 0.000000 0.000000 1.000000
0.976919 -0.097570 0.190022 -0.279200 0.098409 0.995133 0.005038 12.230700 -0.189589 0.013778 0.981767 -2.892100 0.000000 0.000000 0.000000 1.000000
0.977877 -0.095571 0.186071 -0.279200 0.097819 0.995200 -0.002920 12.230700 -0.184899 0.021057 0.982532 -2.892100 0.000000 0.000000 0.000000 1.000000
0.978124 -0.095301 0.184907 -0.279200 0.098460 0.995109 -0.007958 12.230700 -0.183244 0.025990 0.982724 -2.892100 0.000000 0.000000 0.000000 1.000000
0.977762 -0.096717 0.186085 -0.279200 0.100261 0.994914 -0.009706 12.230700 -0.184200 0.028147 0.982486 -2.892100 0.000000 0.000000 0.000000 1.000000
0.977632 -0.098707 0.185722 -0.279200 0.102071 0.994740 -0.008616 12.230700 -0.183895 0.027380 0.982565 -2.892100 0.000000 0.000000 0.000000 1.000000
0.977923 -0.100920 0.182979 -0.279200 0.103668 0.994597 -0.005494 12.230700 -0.181436 0.024342 0.983101 -2.892100 0.000000 0.000000 0.000000 1.000000
0.977833 -0.103248 0.182158 -0.279200 0.105176 0.994453 -0.000930 12.230700 -0.181052 0.020068 0.983269 -2.892100 0.000000 0.000000 0.000000 1.000000
0.976874 -0.105510 0.185969 -0.279200 0.106511 0.994301 0.004633 12.230700 -0.185398 0.015282 0.982545 -2.892100 0.000000 0.000000 0.000000 1.000000
0.975458 -0.107660 0.192069 -0.279200 0.107631 0.994134 0.010619 12.230700 -0.192086 0.010314 0.981324 -2.892100 0.000000 0.000000 0.000000 1.000000</float_array><technique_common><accessor source="#Spine-Matrix-animation-output-transform-array" count="90" stride="16"><param type="float4x4"/></accessor></technique_common></source><source id="Spine-Interpolations"><Name_array id="Spine-Interpolations-array" count="90">
 LINEAR LINEAR LINEAR LINEAR LINEAR LINEAR LINEAR LINEAR LINEAR LINEAR LINEAR
LINEAR LINEAR LINEAR LINEAR LINEAR LINEAR LINEAR LINEAR LINEAR LINEAR LINEAR LINEAR
LINEAR LINEAR LINEAR LINEAR LINEAR LINEAR LINEAR LINEAR LINEAR LINEAR LINEAR LINEAR
LINEAR LINEAR LINEAR LINEAR LINEAR LINEAR LINEAR LINEAR LINEAR LINEAR LINEAR LINEAR
LINEAR LINEAR LINEAR LINEAR LINEAR LINEAR LINEAR LINEAR LINEAR LINEAR LINEAR LINEAR
LINEAR LINEAR LINEAR LINEAR LINEAR LINEAR LINEAR LINEAR LINEAR LINEAR LINEAR LINEAR
LINEAR LINEAR LINEAR LINEAR LINEAR LINEAR LINEAR LINEAR LINEAR LINEAR LINEAR LINEAR
LINEAR LINEAR LINEAR LINEAR LINEAR LINEAR LINEAR</Name_array><technique_common><accessor source="#Spine-Interpolations-array" count="90"><param type="name"/></accessor></technique_common></source><sampler id="Spine-Matrix-animation-transform"><input semantic="INPUT" source="#Spine-Matrix-animation-input"/><input semantic="OUTPUT" source="#Spine-Matrix-animation-output-transform"/><input semantic="INTERPOLATION" source="#Spine-Interpolations"/></sampler><channel source="#Spine-Matrix-animation-transform" target="Spine/matrix"/></animation>
    <animation id="Spine1-anim" name="Spine1"><source id="Spine1-Matrix-animation-input"><float_array id="Spine1-Matrix-animation-input-array" count="90">

0.000000 0.033333 0.066667 0.100000 0.133333 0.166667 0.200000 0.233333 0.266667 0.300000 0.333333 0.366667 0.400000 0.433333 0.466667 0.500000
0.533333 0.566667 0.600000 0.633333 0.666667 0.700000 0.733333 0.766667 0.800000 0.833333 0.866667 0.900000 0.933333 0.966667 1.000000 1.033333
1.066667 1.100000 1.133333 1.166667 1.200000 1.233333 1.266667 1.300000 1.333333 1.366667 1.400000 1.433333 1.466667 1.500000 1.533333 1.566667
1.600000 1.633333 1.666667 1.700000 1.733333 1.766667 1.800000 1.833333 1.866667 1.900000 1.933333 1.966667 2.000000 2.033333 2.066667 2.100000
2.133333 2.166667 2.200000 2.233333 2.266667 2.300000 2.333333 2.366667 2.400000 2.433333 2.466667 2.500000 2.533333 2.566667 2.600000 2.633333
2.666667 2.700000 2.733333 2.766667 2.800000 2.833333 2.866667 2.900000 2.933333 2.966667</float_array><technique_common><accessor source="#Spine1-Matrix-animation-input-array" count="90"><param name="TIME" type="float"/></accessor></technique_common></source><source id="Spine1-Matrix-animation-output-transform"><float_array id="Spine1-Matrix-animation-output-transform-array" count="1440">

0.999458 -0.025778 -0.020474 -0.325700 0.022904 0.991252 -0.129983 14.269200 0.023645 0.129444 0.991305 -3.374200 0.000000 0.000000 0.000000 1.000000
0.999497 -0.025718 -0.018582 -0.325700 0.023293 0.992419 -0.120674 14.269200 0.021544 0.120181 0.992518 -3.374200 0.000000 0.000000 0.000000 1.000000
0.999560 -0.022917 -0.018819 -0.325700 0.020724 0.993779 -0.109429 14.269200 0.021209 0.108991 0.993816 -3.374200 0.000000 0.000000 0.000000 1.000000
0.999637 -0.017941 -0.020092 -0.325700 0.015906 0.995137 -0.097210 14.269200 0.021738 0.096855 0.995061 -3.374200 0.000000 0.000000 0.000000 1.000000
0.999750 -0.013882 -0.017505 -0.325700 0.012372 0.996423 -0.083594 14.269200 0.018603 0.083357 0.996346 -3.374200 0.000000 0.000000 0.000000 1.000000
0.999914 -0.010846 -0.007399 -0.325700 0.010308 0.997545 -0.069263 14.269200 0.008132 0.069180 0.997571 -3.374200 0.000000 0.000000 0.000000 1.000000
0.999949 -0.004846 0.008817 -0.325700 0.005339 0.998377 -0.056704 14.269200 -0.008528 0.056748 0.998352 -3.374200 0.000000 0.000000 0.000000 1.000000
0.999636 0.005772 0.026348 -0.325700 -0.004542 0.998907 -0.046511 14.269200 -0.026588 0.046375 0.998570 -3.374200 0.000000 0.000000 0.000000 1.000000
0.999052 0.017298 0.039939 -0.325700 -0.015805 0.999175 -0.037408 14.269200 -0.040553 0.036741 0.998502 -3.374200 0.000000 0.000000 0.000000 1.000000
0.998601 0.025050 0.046574 -0.325700 -0.023696 0.999287 -0.029407 14.269200 -0.047277 0.028263 0.998482 -3.374200 0.000000 0.000000 0.000000 1.000000
0.998494 0.027470 0.047479 -0.325700 -0.026398 0.999386 -0.023054 14.269200 -0.048083 0.021766 0.998606 -3.374200 0.000000 0.000000 0.000000 1.000000
0.998615 0.026051 0.045702 -0.325700 -0.025304 0.999538 -0.016832 14.269200 -0.046119 0.015652 0.998813 -3.374200 0.000000 0.000000 0.000000 1.000000
0.998858 0.022239 0.042285 -0.325700 -0.021824 0.999709 -0.010245 14.269200 -0.042501 0.009311 0.999053 -3.374200 0.000000 0.000000 0.000000 1.000000
0.999173 0.015415 0.037624 -0.325700 -0.015140 0.999857 -0.007574 14.269200 -0.037736 0.006998 0.999263 -3.374200 0.000000 0.000000 0.000000 1.000000
0.999385 0.006112 0.034519 -0.325700 -0.005726 0.999920 -0.011262 14.269200 -0.034585 0.011058 0.999341 -3.374200 0.000000 0.000000 0.000000 1.000000
0.999385 -0.002336 0.034974 -0.325700 0.002969 0.999833 -0.018056 14.269200 -0.034926 0.018149 0.999225 -3.374200 0.000000 0.000000 0.000000 1.000000
0.999309 -0.007819 0.036337 -0.325700 0.008739 0.999643 -0.025241 14.269200 -0.036127 0.025541 0.999021 -3.374200 0.000000 0.000000 0.000000 1.000000
0.999297 -0.011259 0.035746 -0.325700 0.012421 0.999396 -0.032450 14.269200 -0.035359 0.032871 0.998834 -3.374200 0.000000 0.000000 0.000000 1.000000
0.999307 -0.013131 0.034843 -0.325700 0.014492 0.999130 -0.039113 14.269200 -0.034299 0.039590 0.998627 -3.374200 0.000000 0.000000 0.000000 1.000000
0.999282 -0.010954 0.036278 -0.325700 0.012572 0.998922 -0.044684 14.269200 -0.035749 0.045108 0.998342 -3.374200 0.000000 0.000000 0.000000 1.000000
0.999234 -0.002741 0.039044 -0.325700 0.004640 0.998806 -0.048637 14.269200 -0.038864 0.048781 0.998053 -3.374200 0.000000 0.000000 0.000000 1.000000
0.999193 0.008935 0.039152 -0.325700 -0.006998 0.998758 -0.049331 14.269200 -0.039544 0.049018 0.998015 -3.374200 0.000000 0.000000 0.000000 1.000000
0.999279 0.019139 0.032801 -0.325700 -0.017592 0.998749 -0.046814 14.269200 -0.033656 0.046203 0.998365 -3.374200 0.000000 0.000000 0.000000 1.000000
0.999533 0.024527 0.018251 -0.325700 -0.023689 0.998715 -0.044813 14.269200 -0.019327 0.044359 0.998829 -3.374200 0.000000 0.000000 0.000000 1.000000
0.999711 0.023646 -0.004444 -0.325700 -0.023823 0.998694 -0.045191 14.269200 0.003370 0.045283 0.998969 -3.374200 0.000000 0.000000 0.000000 1.000000
0.999344 0.018182 -0.031329 -0.325700 -0.019616 0.998746 -0.046065 14.269200 0.030452 0.046650 0.998447 -3.374200 0.000000 0.000000 0.000000 1.000000
0.998617 0.014326 -0.050589 -0.325700 -0.016857 0.998609 -0.049963 14.269200 0.049802 0.050746 0.997469 -3.374200 0.000000 0.000000 0.000000 1.000000
0.998532 0.016928 -0.051447 -0.325700 -0.020093 0.997896 -0.061636 14.269200 0.050295 0.062579 0.996772 -3.374200 0.000000 0.000000 0.000000 1.000000
0.998922 0.023146 -0.040248 -0.325700 -0.026140 0.996802 -0.075514 14.269200 0.038372 0.076485 0.996332 -3.374200 0.000000 0.000000 0.000000 1.000000
0.999171 0.025760 -0.031536 -0.325700 -0.028268 0.996243 -0.081863 14.269200 0.029308 0.082687 0.996145 -3.374200 0.000000 0.000000 0.000000 1.000000
0.999373 0.022282 -0.027521 -0.325700 -0.024489 0.996279 -0.082631 14.269200 0.025578 0.083253 0.996200 -3.374200 0.000000 0.000000 0.000000 1.000000
0.999619 0.015818 -0.022626 -0.325700 -0.017689 0.996222 -0.085018 14.269200 0.021195 0.085386 0.996122 -3.374200 0.000000 0.000000 0.000000 1.000000
0.999801 0.009306 -0.017627 -0.325700 -0.010826 0.996044 -0.088200 14.269200 0.016736 0.088373 0.995947 -3.374200 0.000000 0.000000 0.000000 1.000000
0.999834 0.003266 -0.017926 -0.325700 -0.004824 0.996147 -0.087563 14.269200 0.017571 0.087635 0.995998 -3.374200 0.000000 0.000000 0.000000 1.000000
0.999709 -0.001988 -0.024043 -0.325700 0.000029 0.996697 -0.081210 14.269200 0.024125 0.081186 0.996407 -3.374200 0.000000 0.000000 0.000000 1.000000
0.999556 -0.005120 -0.029357 -0.325700 0.003087 0.997620 -0.068883 14.269200 0.029640 0.068762 0.997193 -3.374200 0.000000 0.000000 0.000000 1.000000
0.999531 -0.006373 -0.029960 -0.325700 0.004687 0.998418 -0.056023 14.269200 0.030270 0.055856 0.997980 -3.374200 0.000000 0.000000 0.000000 1.000000
0.999398 -0.008518 -0.033617 -0.325700 0.006737 0.998586 -0.052741 14.269200 0.034019 0.052483 0.998042 -3.374200 0.000000 0.000000 0.000000 1.000000
0.998749 -0.013019 -0.048278 -0.325700 0.010274 0.998339 -0.056689 14.269200 0.048935 0.056122 0.997224 -3.374200 0.000000 0.000000 0.000000 1.000000
